symbol	GSM1855317	GSM1855318	GSM1855319	GSM1855320	GSM1855321	GSM1855322	GSM2195410	GSM2195411	GSM2195412	GSM2195413	GSM2195414	GSM2195415	GSM2226784	GSM2226785	GSM2226786	GSM2226787	GSM2226788	GSM2226789	GSM2226790	GSM2226791	GSM2226792	GSM2226793	GSM2477389	GSM2477390	GSM2477391	GSM2477392	GSM2477393	GSM2477394	GSM2700243	GSM2700244	GSM2700245	GSM2700240	GSM2700241	GSM2700242	GSM2774691	GSM2774692	GSM2774693	GSM2774694	GSM2774695	GSM2774696	GSM3685851	GSM3685852	GSM3685853	GSM3685848	GSM3685849	GSM3685850	GSM3936838	GSM3936839	GSM3936840	GSM3936841
cg00050873	0.293488	0.443111	0.80018	0.389513	0.797597	0.347282	0.08931	0.818861	0.801887	0.451901	0.285668	0.782428	0.212347	0.443243	0.372027	0.410461	0.475083	0.793149	0.801741	0.783038	0.79604	0.807622	0.78481	0.42102	0.777855	0.772041	0.799751	0.761512	0.762209	0.794385	0.41072	0.765204	0.850132	0.48501	0.779676	0.81037	0.506002	0.78203	0.172954	0.809309	0.526383	0.421448	0.809143	0.766551	0.286306	0.79662	0.780501	0.790614	0.788253	0.341133
cg00212031	0.365935	0.022972	0.044824	0.019167	0.03516	0.324261	0.150799	0.013591	0.023534	0.365055	0.146694	0.038139	0.105289	0.189361	0.209177	0.058822	0.322195	0.022887	0.000834	0.028617	0.019858	0.020517	0	0.302857	0.030391	0.02392	0.025651	0.010391	0.039096	0.01727	0.291145	0.024507	0.054943	0	0.001405	0.145974	0.21422	0.020076	0.106111	0.03988	0.287705	0.089918	0.021785	0.032693	0	0.04733	0.019605	0.039412	0.017454	0.0323
cg00213748	0.195021	0.268648	0.597747	0.234184	0.720005	0.134392	0.216846	0.739077	0.717192	0.276867	0.245003	0.649916	0.128831	0.320298	0.14845	0.29176	0.13115	0.53938	0.631584	0.654363	0.701602	0.743	0.718193	0.273958	0.674543	0.663253	0.594339	0.664062	0.658067	0.680089	0.197668	0.616557	0.653154	0.16562	0.707749	0.674389	0.303283	0.669076	0.109969	0.714603	0.329817	0.205499	0.584366	0.600661	0.103368	0.660272	0.690468	0.670641	0.654315	0.245121
cg00214611	0.3835	0.522901	0.036436	0.375869	0.033757	0.36882	0.496281	0.055488	0.026175	0.278659	0.488203	0.034308	0.326473	0.3794	0.295494	0.25793	0.250377	0.029281	0.020609	0.038303	0.023167	0.009511	0.055662	0.407375	0.02616	0.058889	0.03866	0.045638	0.028107	0.028465	0.392108	0.031189	0.042159	0.382996	0.052983	0.023111	0.309442	0.049359	0.499787	0.048216	0.536317	0.399483	0.033978	0.044102	0.473863	0.039246	0.037196	0.035011	0.034088	0.476278
cg00455876	0.182516	0.194256	0.432622	0.111811	0.435054	0.191078	0.157288	0.455564	0.463625	0.189556	0.139138	0.460174	0.170917	0.206624	0.142602	0.133189	0.118455	0.410767	0.481804	0.487591	0.518313	0.530668	0.493402	0.19963	0.444023	0.50807	0.527187	0.466707	0.481352	0.523914	0.163174	0.419579	0.487797	0.21249	0.457917	0.518808	0.158708	0.462545	0.194151	0.510625	0.179091	0.168078	0.500153	0.432362	0.183377	0.481614	0.43663	0.526585	0.422392	0.180819
cg01707559	0.290183	0.299409	0.151883	0.28493	0.168539	0.30889	0.287498	0.166109	0.181998	0.263845	0.277629	0.195562	0.245537	0.233383	0.284453	0.283549	0.269837	0.135143	0.17133	0.189654	0.179772	0.164091	0.135419	0.27701	0.17751	0.190766	0.177363	0.162074	0.200935	0.195269	0.293891	0.22878	0.173629	0.272146	0.170066	0.196112	0.312609	0.154454	0.269452	0.174058	0.272286	0.238841	0.208476	0.179027	0.290059	0.187356	0.171027	0.175064	0.195998	0.260128
cg02004872	0.192521	0.125077	0.010739	0.123803	0.015228	0.045078	0.14453	0.013523	0.016035	0.149816	0.141656	0.030154	0.111603	0.122719	0.129846	0.159506	0.064369	0.010596	0.016059	0.022128	0.018144	0.014659	0.018508	0.150272	0.016475	0.028142	0.022718	0.040784	0.027204	0.021335	0.136567	0.019845	0.00701	0.170972	0.022449	0.013573	0.163875	0.021387	0.087415	0.006701	0.095074	0.068149	0.020249	0.019734	0.152153	0.028143	0.023178	0.02231	0.021992	0.122364
cg02011394	0.419491	0.291876	0.944579	0.04687	0.926321	0.357451	0.391073	0.946376	0.938414	0.271738	0.446857	0.951911	0.422659	0.106349	0.258718	0.398018	0.419212	0.952663	0.944017	0.927739	0.948227	0.942671	0.949657	0.275644	0.940828	0.918252	0.948008	0.936983	0.938282	0.94368	0.271879	0.939892	0.964841	0.3364	0.945655	0.960742	0.039653	0.932583	0.309094	0.948345	0.420465	0.236043	0.940597	0.947196	0.292398	0.940404	0.940239	0.948341	0.936006	0.127082
cg02050847	0.160976	0.174448	0.951929	0.062797	0.952144	0.046878	0.061766	0.899208	0.946783	0.186052	0.092671	0.940774	0.183967	0	0.196117	0.200493	0.037431	0.946915	0.868832	0.955226	0.955775	0.91854	0.939727	0.187873	0.939105	0.936516	0.919919	0.91948	0.937852	0.954673	0.043298	0.953605	0.937436	0	0.913461	0.971124	0.086853	0.91187	0.208155	0.946033	0.22525	0.377587	0.951745	0.934561	0	0.959365	0.902899	0.943282	0.924212	0.275174
cg02233190	0.225884	0.162556	0.034129	0.094877	0.046883	0.094999	0.128615	0.021001	0.030536	0.148839	0.201341	0.026591	0.208565	0.179142	0.073116	0.186777	0.100704	0.028217	0.015305	0.033347	0.039569	0.021877	0.026744	0.132935	0.025699	0.021089	0.019795	0.017435	0.028026	0.023052	0.17467	0.031708	0.035018	0.163101	0.034983	0.025919	0.155312	0.019696	0.180099	0.024497	0.141674	0.129093	0.032711	0.042034	0.154471	0.031895	0.013223	0.017079	0.044814	0.073132
cg02494853	0.079419	0.036009	0.017927	0.034534	0.018325	0.022198	0.018484	0.032387	0.020345	0.039002	0.02637	0.020039	0.031195	0.076474	0.02329	0.033403	0.01542	0.019159	0.033063	0.019476	0.013772	0.022748	0.041562	0.015396	0.018798	0.023814	0.046649	0.038715	0.0534	0.026939	0.03281	0.016119	0.075373	0.059314	0.020079	0.061465	0.0301	0.031235	0.022352	0.040484	0.010092	0.01758	0.038009	0.023627	0.030191	0.021556	0.023764	0.060314	0.03064	0.055154
cg02839557	0.281592	0.216986	0.031186	0.20022	0.037051	0.132779	0.320315	0.037907	0.020064	0.260376	0.308026	0.036348	0.306005	0.175461	0.246454	0.284084	0.215905	0.015357	0.021929	0.023489	0.041363	0.034942	0.042112	0.273699	0.078749	0.035251	0.051044	0.049939	0.069118	0.016468	0.189238	0.02227	0.05208	0.373981	0.050465	0.053279	0.24589	0.03649	0.338831	0.049246	0.256163	0.354106	0.092748	0.030635	0.237096	0.057674	0.025452	0.046403	0.040249	0.205424
cg02842889	0.190637	0.227168	0.029414	0.24998	0.049545	0.439454	0	0.030283	0.020019	0.28995	0.257506	0.011517	0.277841	0.297691	0	0.197185	0.064611	0.036972	0.023621	0.01293	0.03503	0.01842	0.020414	0.0883	0.013398	0.029119	0.018289	0.01774	0.022068	0.025305	0.169839	0.02473	0.007546	0.112502	0.026004	0.009313	0.283078	0.031752	0.109481	0.012389	0.216232	0.094789	0.018003	0.019475	0.208603	0.003933	0.022871	0.011343	0.018964	0.253318
cg03052502	0.383349	0.166585	0.971121	0.164431	0.970442	0.188756	0	0.972543	0.979925	0.22953	0.250911	0.962568	0.293442	0.220894	0.326843	0.315596	0.525059	0.981949	0.975651	0.96719	0.977788	0.960319	0.980589	0.397861	0.976691	0.959257	0.982518	0.974878	0.968131	0.969873	0.130762	0.971658	0.978681	0.46947	0.970841	0.975633	0	0.966444	0.086165	0.971699	0.350075	0.265099	0.978223	0.973246	0.178264	0.97236	0.965855	0.96966	0.970491	0.342011
cg03155755	0.499841	0.481799	0.877667	0.386583	0.880626	0.467288	0.413576	0.884746	0.882514	0.405365	0.455678	0.866869	0.431528	0.415464	0.59555	0.510984	0.437577	0.886136	0.901758	0.861131	0.891788	0.881681	0.883493	0.513703	0.871085	0.86386	0.883546	0.872509	0.858228	0.858245	0.423335	0.830886	0.888643	0.420497	0.861103	0.888183	0.359324	0.862973	0.538832	0.897203	0.496255	0.523465	0.858476	0.861986	0.384473	0.889694	0.875276	0.85818	0.878517	0.4783
cg03244189	0.107096	0.07549	0.08463	0.121877	0.072217	0.102791	0.064414	0.044413	0.055888	0.096425	0.086346	0.057646	0.092348	0.124037	0.087267	0.098861	0.125455	0.063806	0.071563	0.0794	0.103586	0.050392	0.068996	0.125145	0.06931	0.063478	0.07695	0.063601	0.079935	0.069614	0.102767	0.081192	0.107681	0.099068	0.086769	0.098383	0.086476	0.091069	0.095698	0.051351	0.096437	0.138119	0.086676	0.063392	0.097062	0.080267	0.097706	0.092524	0.079905	0.105178
cg03443143	0.260517	0.41762	0.842203	0.233347	0.870314	0.331834	0.299959	0.883251	0.861824	0.245233	0.304898	0.862852	0.381625	0.240364	0.211775	0.36082	0.379739	0.870569	0.883388	0.847705	0.862517	0.841618	0.871836	0.406959	0.838936	0.836425	0.865074	0.836192	0.856001	0.860155	0.389244	0.831059	0.885591	0.351858	0.846949	0.880701	0.250156	0.837666	0.447273	0.872241	0.261346	0.491111	0.85798	0.851128	0.390681	0.842995	0.845064	0.845293	0.838979	0.362744
cg03683899	0.129113	0.124815	0.006112	0.055022	0.000258	0.091813	0	0.010274	0.008275	0.208294	0	0.008162	0	0.035213	0	0.078698	0.111375	0.007453	0.003294	0.017452	0.018777	0.014268	0.000543	0.128799	0.010539	0.01571	0.016874	0.004279	0.011016	0	0	0.000293	0.008731	0.073549	0.019607	0	0	0.004494	0.114479	0.016141	0.133952	0	0	0.006536	0	0.004471	0.002033	0	0.012871	0.033184
cg03695421	0.089184	0.192752	0.649418	0.1635	0.645803	0.237274	0.127393	0.666058	0.658632	0.217251	0.186895	0.655069	0.179142	0.215589	0.246585	0.158417	0.194598	0.707521	0.758228	0.629388	0.614882	0.528463	0.66237	0.247476	0.636448	0.593966	0.712166	0.602195	0.622069	0.551224	0.187299	0.554841	0.752012	0.167533	0.684408	0.628005	0.259735	0.627147	0.157156	0.657156	0.189096	0.201166	0.685763	0.631262	0.146644	0.594397	0.585242	0.656293	0.530012	0.158923
cg03706273	0.033963	0.088503	0.018382	0.028065	0.021753	0.028806	0.01894	0.039818	0.024603	0.041341	0.055634	0.032757	0.056283	0.05685	0.028408	0.032992	0.01449	0.022286	0.034458	0.021272	0.03115	0.037681	0.027942	0.01638	0.01174	0.021244	0.046383	0.016533	0.04746	0.022253	0.025287	0.022405	0.091365	0.082537	0.024879	0.07227	0.044255	0.031196	0.025114	0.045153	0.034585	0.011903	0.089943	0.028071	0.020495	0.029286	0.024348	0.061649	0.026306	0.110883
cg03750315	0	0	0.050985	0.116685	0.097016	0	0	0.050496	0.083256	0	0.363527	0.054187	0.01291	0.286594	0.055608	0.271485	0.303506	0.039412	0.068642	0.035887	0.049647	0.048159	0.055614	0.317966	0.075094	0.048591	0.046967	0.066825	0.05048	0.064234	0.03485	0.052224	0.060627	0.420148	0.062377	0.052589	0	0.053708	0.335578	0.063115	0	0.053717	0.062202	0.084382	0.241499	0.03757	0.063892	0.057471	0.095489	0
cg03767353	0.23088	0.103797	0.774409	0.266053	0.758145	0.130401	0.317789	0.812572	0.774626	0.28666	0.25074	0.806881	0.061882	0.256873	0.254172	0.427703	0.201409	0.890165	0.759238	0.651624	0.646669	0.791958	0.711686	0.322239	0.710234	0.635218	0.766025	0.735804	0.7357	0.655531	0.142991	0.770684	0.630855	0.312674	0.751988	0.698039	0.314374	0.558308	0.184534	0.857667	0.512574	0.156786	0.756371	0.737041	0.328313	0.719616	0.667281	0.658818	0.819589	0.419012
cg04016144	0.220749	0.245677	0.9351	0.361458	0.913381	0.440544	0.217994	0.927445	0.911772	0.218647	0.426992	0.920248	0.314912	0.345669	0.258328	0.268357	0.268073	0.946657	0.942364	0.899301	0.931347	0.907326	0.919342	0.274896	0.93824	0.921992	0.92249	0.941791	0.909101	0.875708	0.322407	0.93869	0.897506	0.267128	0.921441	0.947668	0.395437	0.931025	0.322506	0.931556	0.412063	0.27809	0.911817	0.955761	0.347041	0.917153	0.9286	0.941402	0.931525	0.171375
cg04023335	0.161508	0.173966	0.523676	0.179861	0.528571	0.216918	0.220716	0.559903	0.51697	0.159905	0.183656	0.522127	0.159093	0.192106	0.183418	0.178119	0.172455	0.460168	0.539418	0.522597	0.529267	0.514042	0.518992	0.144615	0.532239	0.47959	0.612859	0.501095	0.510898	0.523543	0.174882	0.508492	0.580924	0.208578	0.473718	0.551319	0.199322	0.488912	0.195018	0.545969	0.159606	0.146828	0.570028	0.496984	0.183073	0.58216	0.499971	0.528433	0.481731	0.198111
cg04042030	0.300245	0.153725	0.0037	0	0.012353	0.107578	0	0.012303	0.015254	0.207	0.12745	0.019927	0.276635	0.317171	0.006462	0.29685	0.249693	0.011118	0.021397	0.0131	0.014597	0.02478	0.008215	0.178105	0.042756	0.018174	0.017342	0.020892	0.028367	0.012826	0.172761	0.01579	0.019222	0.34633	0.018177	0.029342	0.264913	0.014513	0.034454	0.011723	0.023157	0.320679	0.027674	0.012944	0.167866	0.011444	0.013286	0.022248	0.017407	0.310694
cg04303809	0.195788	0.21018	0.131893	0.23138	0.097752	0.396748	0.223617	0.119691	0.08021	0.232381	0.220665	0.15421	0.299507	0.177125	0.108929	0.105661	0.154585	0.078733	0.092585	0.119388	0.130516	0.088829	0.061955	0.246785	0.072726	0.067129	0.093664	0.14115	0.087993	0.109345	0.247396	0.07816	0.131127	0.177155	0.089052	0.091976	0.237695	0.061499	0.220431	0.096202	0.276725	0.308454	0.06964	0.113243	0.166034	0.104617	0.064765	0.101413	0.054794	0.221583
cg04448376	0.160354	0.27834	0.052108	0.194558	0.052781	0.145202	0.040657	0.054988	0.057943	0.378407	0.115974	0.093139	0.169064	0.225025	0.174528	0.166186	0.135599	0.060135	0.048472	0.072863	0.054508	0.065324	0.068019	0.112395	0.062631	0.057091	0.12874	0.029784	0.058696	0.05252	0.129017	0.078296	0.069979	0.193015	0.074432	0.069414	0.359751	0	0.153798	0.041475	0	0.289859	0.043318	0.063065	0.183218	0.051956	0.082203	0.058454	0.055114	0.220914
cg04462340	0.795077	0.83835	0.877833	0.857622	0.907351	0.806421	0.864127	0.917077	0.874417	0.826852	0.864539	0.837563	0.894537	0.849108	0.879667	0.871415	0.877821	0.855866	0.844839	0.860559	0.903058	0.857706	0.864521	0.810408	0.884783	0.877911	0.865635	0.834492	0.855017	0.887073	0.839798	0.81894	0.897329	0.85058	0.861857	0.903309	0.847926	0.876664	0.862295	0.878451	0.862595	0.834305	0.90167	0.871317	0.859382	0.883119	0.848241	0.880571	0.864856	0.816536
cg04689676	0.056555	0.069538	0.025783	0.117795	0.038427	0.045055	0.031153	0.02046	0.028102	0.043329	0.064698	0.015242	0.062738	0.074628	0.029511	0.045603	0.047149	0.043964	0.032121	0.037931	0.034303	0.029358	0.030835	0.064061	0.030575	0.03508	0.031742	0.028989	0.031134	0.043677	0.038069	0.036283	0.032543	0.012693	0.025831	0.023899	0.061891	0.032163	0.046029	0.021707	0.062795	0.057589	0.024478	0.031362	0.053211	0.024442	0.009369	0.025202	0.03705	0.057609
cg04792227	0.175403	0.120069	0.340615	0.166404	0.306109	0.236896	0.179475	0.278021	0.290969	0.221074	0.236747	0.284499	0.180873	0.195335	0.170676	0.226587	0.229292	0.298846	0.217588	0.169973	0.35049	0.321715	0.256828	0.234226	0.305418	0.272305	0.28901	0.284175	0.316026	0.29623	0.20269	0.34228	0.362647	0.224916	0.350429	0.400687	0.195771	0.206577	0.151533	0.385279	0.26216	0.259466	0.406785	0.400929	0.229361	0.385943	0.353352	0.284561	0.21702	0.220219
cg04840163	0.195807	0.144841	0.165869	0.224535	0.138621	0.070971	0.165324	0.150809	0.160902	0.408931	0.117846	0.135909	0.169339	0.097313	0	0.087626	0.331626	0.141658	0.144563	0.122256	0.135967	0.147419	0.130585	0.290127	0.150299	0.093785	0.149365	0.133894	0.118204	0.133896	0.287901	0.104656	0.14569	0.290943	0.134623	0.134397	0.230343	0.128323	0.251446	0.139768	0	0.016434	0.108712	0.148298	0.461096	0.140161	0.140722	0.145472	0.123355	0
cg04964672	0.574257	0.582562	0.782716	0.537145	0.833007	0.578469	0.588351	0.855558	0.81096	0.576372	0.566043	0.822129	0.556096	0.603801	0.560998	0.552901	0.599124	0.824881	0.845546	0.810939	0.845	0.82572	0.846049	0.575217	0.81085	0.806137	0.812657	0.807731	0.803283	0.833027	0.601995	0.802184	0.83613	0.544676	0.802075	0.825448	0.586149	0.807079	0.617562	0.836489	0.531673	0.569338	0.84167	0.822326	0.600588	0.842216	0.803603	0.813954	0.784636	0.507732
cg05213048	0.633686	0.639249	0.801714	0.653835	0.825622	0.755729	0.728124	0.810937	0.791415	0.692818	0.685464	0.856555	0.587678	0.744983	0.666598	0.599732	0.643485	0.829227	0.843694	0.798575	0.806084	0.884692	0.764205	0.536568	0.780478	0.721146	0.773144	0.790953	0.733856	0.803889	0.703693	0.745224	0.836037	0.799181	0.801226	0.7599	0.747522	0.790805	0.764879	0.871117	0.692758	0.530168	0.817792	0.727329	0.697656	0.833821	0.80735	0.756262	0.766695	0.69114
cg05230942	0.284892	0.267061	0.557411	0.3541	0.624504	0.236501	0.241114	0.552228	0.496706	0.328792	0.24559	0.488662	0.400511	0.25604	0.424849	0.313721	0.231542	0.507384	0.498345	0.591346	0.618527	0.532866	0.603692	0.370709	0.46325	0.569235	0.602469	0.508123	0.539589	0.646903	0.383512	0.493492	0.63363	0.305646	0.510221	0.561445	0.334893	0.562774	0.28902	0.57136	0.294074	0.256287	0.557517	0.568939	0.338126	0.55141	0.57254	0.524697	0.462918	0.335819
cg05480730	0.125047	0.286581	0.019997	0.201111	0.02749	0.095276	0.142771	0.03139	0.021413	0.161619	0.252426	0.015478	0.126128	0.080969	0.208896	0.377755	0.33728	0.011503	0.023797	0.019445	0.025334	0.031511	0.021479	0.239234	0.016199	0.030158	0.01506	0.014524	0.016236	0.021021	0.197433	0.033667	0.043208	0.084845	0.033789	0.015426	0.224984	0.018787	0.256859	0.014464	0.395509	0.239818	0.008848	0.025646	0.191896	0.015556	0.028098	0.015219	0.041117	0.379448
cg05544622	0.324843	0.206221	0.907603	0.353816	0.911339	0.297586	0.180113	0.93022	0.905065	0.26439	0.274289	0.925874	0.220642	0.26967	0.335649	0.241442	0.250167	0.898312	0.910883	0.91956	0.90972	0.88069	0.909888	0.284104	0.897697	0.895372	0.914371	0.920738	0.925731	0.908867	0.258794	0.91623	0.929913	0.218639	0.908871	0.932925	0.13803	0.902862	0.200533	0.917459	0.263557	0.276691	0.909728	0.914279	0.243587	0.929184	0.908658	0.928811	0.907079	0.215396
cg05621349	0.229965	0.249125	0.04111	0.121848	0.04855	0.251254	0.112428	0.021233	0.032775	0.114995	0	0.017584	0.210208	0.108173	0.145082	0.087246	0.044757	0.0381	0.018647	0.025127	0.02362	0.017471	0.031749	0.201307	0.024859	0.025636	0.035079	0.041164	0.017366	0.050467	0	0.023174	0.010332	0	0.038809	0.043938	0.035754	0.04276	0.034326	0.035362	0.181476	0.082128	0.028026	0.05264	0	0.034142	0.049906	0.032099	0.030004	0.071497
cg05865243	0.375504	0.382752	0.972526	0.494476	0.964808	0.48349	0.397736	0.979202	0.972786	0.336982	0.389285	0.971211	0.409882	0.352279	0.411806	0.406433	0.366775	0.974496	0.978407	0.962143	0.97097	0.957879	0.972113	0.254531	0.973247	0.960131	0.976587	0.970853	0.967695	0.963572	0.305324	0.965593	0.969666	0.295485	0.97273	0.967663	0.28502	0.965983	0.269302	0.966185	0.509387	0.360598	0.963451	0.96752	0.189754	0.971107	0.974708	0.96668	0.962423	0.446237
cg05890011	0.157802	0.159552	0.021168	0.263635	0.022405	0.158145	0	0.016899	0.015851	0.174475	0.098471	0.01374	0.212389	0.072492	0.147358	0.196756	0.161919	0.008769	0.007881	0.017517	0.003221	0.011415	0.017353	0.168499	0.014135	0.012334	0.013139	0.014189	0.022085	0.01422	0.144491	0.025965	0.026876	0.20345	0.026199	0.0231	0.201335	0.019412	0.188238	0.011451	0.228938	0.279496	0.030716	0.014246	0.146706	0.020197	0.024221	0.038743	0.011785	0.116134
cg06322277	0.10766	0.264691	0.820965	0.268042	0.877466	0.178984	0.140362	0.86214	0.883303	0.013259	0.070096	0.850331	0.100808	0.123525	0.018535	0.478454	0.232758	0.833345	0.893449	0.855686	0.874692	0.808063	0.907233	0.300704	0.878202	0.877942	0.89419	0.886988	0.860162	0.896183	0.0926	0.820417	0.88879	0.298749	0.880193	0.842939	0.18324	0.861681	0.063932	0.850946	0.324827	0.098483	0.885512	0.843324	0.387746	0.873202	0.873353	0.871398	0.882367	0.047876
cg06479204	0.085659	0.239591	0.094158	0.098807	0.084348	0.275558	0.322771	0.069852	0.076695	0.081316	0.207216	0.109221	0.180708	0.221075	0.219975	0	0.013671	0.093126	0.157126	0.08611	0.069628	0.095031	0.054902	0.229153	0.069813	0.068916	0.217803	0.074146	0.085222	0.069911	0.139266	0.089004	0.079971	0.125327	0.144903	0.082153	0.010373	0.084554	0.267258	0.071856	0.144365	0	0.059754	0.08472	0.076475	0.064264	0.076291	0.084707	0.104801	0.102846
cg07731488	0	0.056597	0.006215	0.152766	0.003788	0.044123	0	0.005782	0	0.02152	0	0.003952	0.055447	0	0	0	0	0.010838	0.007432	0	0.005124	0.001262	0.014451	0	0.008855	0.011142	0.010395	0.007479	0.007501	0.00581	0.072181	0.010406	0.016596	0	0.011172	0.016011	0.067423	0.015076	0	0.00347	0.163043	0	0.009647	0.010267	0	0.007891	0.029935	0.005178	0.011099	0.232857
cg07747963	0.408528	0.273354	0.753113	0.427785	0.77642	0.374032	0.452544	0.831222	0.771762	0.243925	0.19505	0.811962	0.15594	0.015538	0.339362	0.379749	0.288437	0.694047	0.805078	0.789759	0.819375	0.780982	0.800758	0.152091	0.767517	0.787584	0.812423	0.795075	0.765199	0.833648	0.20747	0.737953	0.818585	0.219397	0.780345	0.820575	0.458866	0.815693	0.158762	0.817778	0.179159	0.108018	0.822553	0.838951	0.30288	0.799471	0.800156	0.824718	0.764715	0.423237
cg07939587	0.502428	0.550084	0.782813	0.390978	0.772609	0.548072	0.508964	0.778969	0.727054	0.494715	0.418791	0.802525	0.3542	0.428746	0.40805	0.390797	0.55391	0.874445	0.659582	0.608154	0.604267	0.762766	0.63489	0.576705	0.672242	0.589957	0.776881	0.77047	0.674148	0.620757	0.404495	0.77231	0.641294	0.470507	0.733927	0.716234	0.367181	0.595835	0.396281	0.847129	0.481384	0.287017	0.704779	0.716398	0.403904	0.693716	0.628295	0.559945	0.817011	0.475679
cg08242338	0.320694	0.457002	0.961732	0.244587	0.971034	0.455273	0.488538	0.975598	0.968361	0.274171	0.330995	0.964754	0.119844	0.144864	0.174916	0.410842	0.307712	0.975442	0.972541	0.9599	0.971385	0.963384	0.971724	0.280466	0.962468	0.960433	0.964896	0.959982	0.952783	0.964985	0.330501	0.956483	0.961871	0.308008	0.966384	0.962187	0.27013	0.963263	0.431632	0.972919	0.451614	0.228057	0.96991	0.965321	0.154231	0.963093	0.956171	0.974737	0.965546	0.041751
cg08265308	0.203194	0.117249	0.74592	0.238952	0.792203	0.193077	0.207547	0.798083	0.7311	0.280166	0.275941	0.731196	0.161036	0.262353	0.264164	0.130057	0.150506	0.718373	0.781454	0.801998	0.791687	0.777326	0.804537	0.238595	0.782798	0.7081	0.798836	0.75586	0.73221	0.648584	0.206953	0.692542	0.7759	0.21937	0.748557	0.79778	0.296494	0.723293	0.169127	0.788993	0.172595	0.268688	0.71207	0.764157	0.144928	0.81372	0.760462	0.745599	0.710378	0.148776
cg08921682	0.415999	0.305512	0.373102	0.326267	0.387982	0.138787	0.220551	0.220912	0.213295	0.357991	0.158036	0.266059	0.106791	0.14366	0.450264	0.244628	0	0.139011	0.195423	0.499345	0.335608	0.199025	0.207581	0.269056	0.274841	0.360857	0.262916	0.318683	0.337231	0.438506	0.067353	0.196528	0.393768	0.21603	0.243309	0.285873	0.176387	0.39926	0.341977	0.248842	0.008328	0.332127	0.290809	0.255991	0	0.314476	0.326623	0.364201	0.263144	0.226175
cg09350919	0.19242	0.266593	0.925527	0.250219	0.923986	0.332688	0.28087	0.933046	0.927981	0.357641	0.307322	0.937898	0.06178	0.039435	0.16995	0.326824	0.106144	0.926828	0.929771	0.931808	0.924184	0.908346	0.940041	0.280688	0.932427	0.920977	0.930406	0.918936	0.919201	0.931824	0.360189	0.918056	0.941184	0.205181	0.928378	0.950632	0.248078	0.923939	0.136882	0.938567	0.195565	0.07401	0.926555	0.937215	0.143232	0.928806	0.924943	0.934008	0.907048	0.255853
cg09460641	0.19959	0.193809	0.87914	0.208168	0.879887	0.292433	0.105295	0.904962	0.890729	0.18131	0.227999	0.886943	0.234802	0.11315	0.218463	0.191799	0.239583	0.866609	0.904361	0.878986	0.872671	0.887144	0.911281	0.230571	0.890723	0.894514	0.892088	0.905496	0.876301	0.902458	0.119867	0.869436	0.898396	0.25228	0.876011	0.892838	0.108738	0.885119	0.282971	0.905151	0.201452	0.212962	0.892667	0.87474	0.161931	0.903912	0.895123	0.88845	0.869635	0.168516
cg09856092	0.183937	0.067749	0.022433	0.228344	0.023748	0.145106	0.155137	0.012089	0.017789	0.127454	0.060732	0.01518	0.181904	0.107686	0.116788	0.290829	0	0.022179	0.011602	0.021249	0.018557	0.014386	0.008265	0.084898	0.014417	0.019413	0.00987	0.018678	0.016766	0.009715	0.297776	0.016167	0.009554	0.160158	0.025554	0.020385	0.402973	0.003638	0.261083	0.015128	0.384406	0.194592	0.011341	0.017492	0	0.014411	0.018247	0.025844	0.01389	0.08028
cg10076560	0.188689	0.145845	0.258466	0.122018	0.216742	0.068283	0.135217	0.228529	0.237397	0.253638	0.043512	0.22119	0.113082	0.249281	0.123427	0.111326	0.215188	0.222927	0.198919	0.213157	0.230472	0.21656	0.2265	0.203426	0.206957	0.209379	0.245524	0.214886	0.21392	0.214306	0.251669	0.236214	0.244751	0.161004	0.218395	0.224067	0.076723	0.231711	0.189042	0.22528	0.166183	0.225296	0.226331	0.224234	0.180276	0.225873	0.248986	0.232256	0.228056	0.154429
cg10213302	0.542478	0.565936	0.177338	0.486563	0.18593	0.479182	0.703511	0.125756	0.152562	0.464521	0.509988	0.168645	0.460268	0.509155	0.559842	0.370546	0.605574	0.249458	0.186755	0.203644	0.19856	0.169099	0.16208	0.478784	0.145126	0.170841	0.135958	0.094063	0.15448	0.159048	0.619291	0.159453	0.185133	0.646436	0.198156	0.19242	0.666422	0.178293	0.531606	0.133382	0.598855	0.600618	0.171142	0.207272	0.69868	0.153643	0.163417	0.173624	0.179218	0.529341
cg10252249	0.737454	0.779233	0.94094	0.467504	0.938685	0.65947	0.650691	0.942151	0.953202	0.561701	0.619819	0.941438	0.678311	0.458801	0.62477	0.68211	0.582632	0.942119	0.954393	0.925978	0.948045	0.937607	0.94426	0.672276	0.96074	0.925044	0.944088	0.953017	0.931697	0.946891	0.508369	0.933995	0.944843	0.547492	0.939737	0.947798	0.60896	0.93995	0.761761	0.950448	0.690066	0.751147	0.941891	0.93845	0.566643	0.946649	0.941017	0.947224	0.954156	0.575083
cg10267609	0.194096	0.277677	0.92857	0.322469	0.942337	0.179222	0.192176	0.940453	0.923778	0.330886	0.190568	0.942001	0.307369	0.457383	0.355804	0.29104	0.01329	0.936764	0.932636	0.913907	0.944375	0.919725	0.934961	0.249377	0.930844	0.936813	0.943676	0.914543	0.917065	0.921919	0.147068	0.921157	0.936699	0.542348	0.93179	0.938591	0.257255	0.931546	0.238738	0.934438	0.255445	0.429117	0.925566	0.926322	0.288034	0.936165	0.945649	0.937931	0.922492	0.302824
cg10363397	0.265807	0.32075	0.481	0.225447	0.549772	0.312567	0.014898	0.319731	0.265318	0.228675	0.250574	0.367285	0.253154	0.188106	0.286137	0.278326	0.390601	0.236087	0.333792	0.735334	0.541881	0.278352	0.30256	0.305364	0.383253	0.477759	0.455433	0.388545	0.511317	0.644352	0.31639	0.284387	0.651871	0.234657	0.39149	0.472861	0.20057	0.506801	0.244606	0.359437	0.316995	0.449112	0.524074	0.275107	0.237122	0.422737	0.435081	0.540798	0.394218	0.29715
cg10698069	0.352177	0.389531	0.048467	0.341062	0.018004	0.331126	0.308828	0.036174	0.044568	0.137147	0.305732	0.0368	0.078681	0.294385	0.158685	0.286271	0.168663	0.063321	0.014711	0.019932	0.02738	0.032463	0.020241	0.294117	0.028893	0.035955	0.038748	0.040252	0.038827	0.016382	0.310871	0.068094	0.018821	0.119109	0.03147	0.030862	0.291893	0.023668	0.329652	0.049949	0.417494	0.351706	0	0.02554	0.034395	0.032235	0.028621	0.026976	0.018931	0.231462
cg10841270	0.361625	0.382697	0.66316	0.468033	0.707856	0.331797	0.467401	0.778459	0.724504	0.432348	0.398897	0.68312	0.319409	0.453013	0.42452	0.300168	0.485991	0.683015	0.734038	0.681264	0.698293	0.733566	0.676554	0.483903	0.70483	0.649263	0.758449	0.679351	0.69359	0.754758	0.368295	0.699015	0.742761	0.402703	0.65461	0.758924	0.41958	0.689004	0.370249	0.725283	0.455015	0.258526	0.629788	0.684053	0.538423	0.718515	0.721341	0.749842	0.733535	0.325512
cg11131351	0.411547	0.305424	0.598459	0.474865	0.672945	0.244025	0.26608	0.536016	0.491849	0.275088	0.204207	0.523338	0.30121	0	0.422287	0.091268	0.343342	0.425763	0.577171	0.698511	0.651247	0.521357	0.522329	0.308606	0.559904	0.505319	0.606554	0.512519	0.602691	0.672571	0.283147	0.436044	0.709093	0.303852	0.493972	0.608886	0.224299	0.537202	0.356025	0.544261	0.184285	0.011149	0.522029	0.526013	0.197563	0.532605	0.577928	0.592051	0.525529	0.465842
cg13268984	0.062648	0.116213	0.023182	0.15236	0.034362	0.11907	0.004199	0.025001	0.018515	0.082862	0.180907	0.011741	0.113139	0.105201	0	0.054434	0.053405	0.012932	0.016381	0.02312	0.033885	0.030274	0.029427	0.112224	0.02195	0.014616	0.026447	0.033937	0.014444	0.017214	0.018085	0.012276	0.03546	0.139371	0.014191	0.014886	0.126998	0.022148	0.08478	0.009194	0.122433	0.085315	0.026844	0.008944	0	0.008038	0.012155	0.02448	0.00331	0.0613
cg13851368	0.083797	0.124912	0.68344	0.074306	0.749877	0.092258	0.044273	0.739872	0.675107	0.1105	0.115855	0.723943	0.097545	0.146669	0.07345	0.091324	0.109274	0.672595	0.819352	0.688675	0.730112	0.720831	0.696239	0.087728	0.747069	0.682293	0.757468	0.687469	0.699652	0.712033	0.112373	0.656206	0.777507	0.190716	0.652927	0.730724	0.146125	0.707122	0.089406	0.698576	0.094453	0.067939	0.729778	0.699845	0.080388	0.718728	0.690557	0.73352	0.603453	0.249842
cg14180491	0.357151	0.473559	0.051394	0.486726	0.08418	0.365171	0.453654	0.101876	0.081813	0.273507	0.501929	0.065357	0.295706	0.44873	0.33283	0.296008	0.428614	0.064407	0.061158	0.07429	0.082423	0.071178	0.08741	0.4715	0.079112	0.088732	0.077057	0.07733	0.069151	0.081862	0.303849	0.067617	0.071075	0.371603	0.074681	0.074755	0.449082	0.07802	0.454821	0.086611	0.457586	0.425488	0.068011	0.080148	0.411342	0.067345	0.072882	0.137179	0.070777	0.447691
cg14210405	0.112609	0.10933	0.244017	0.097221	0.276628	0.100208	0.101102	0.387468	0.270105	0.091566	0.064427	0.368383	0.096438	0.091051	0.076298	0.102472	0.073741	0.293767	0.372859	0.314225	0.328042	0.357445	0.279354	0.086763	0.24506	0.239015	0.39888	0.295449	0.38337	0.311279	0.131154	0.153054	0.584204	0.087818	0.305073	0.304672	0.116208	0.387509	0.118732	0.30153	0.128826	0.111083	0.292779	0.281379	0.103542	0.483468	0.4005	0.380542	0.33618	0.083421
cg14466580	0.163177	0.25471	0.914355	0.112687	0.895145	0.222468	0.132236	0.905289	0.914457	0.279477	0.212246	0.925982	0.158539	0.260336	0.196829	0.279617	0.167812	0.896143	0.874755	0.894731	0.923782	0.873629	0.864342	0.255209	0.87315	0.869802	0.871571	0.892581	0.887597	0.925833	0.161154	0.897942	0.942271	0.310725	0.908647	0.933559	0.258421	0.908338	0.19179	0.902602	0.562708	0.384059	0.901858	0.87287	0.406706	0.919893	0.903886	0.894352	0.887582	0.229153
cg14741114	0.111188	0.096366	0.017541	0.223716	0.010196	0.191499	0.048923	0.00433	0.004602	0	0.129352	0.003874	0.108067	0.180646	0	0.035477	0.134981	0.002089	0.015732	0.007246	0.013027	0.008022	0	0.057208	0.00507	0	0.010084	0.009864	0.007451	0.00745	0.046619	0.008724	0.005403	0.108218	0.019402	0.002804	0.041443	0.008726	0.104189	0.004871	0.107109	0.044995	0.006661	0.013136	0	0.004487	0.007031	0.009647	0.015279	0.125779
cg15027426	0.1321	0.174595	0.118042	0.165372	0.278907	0.015828	0.226279	0.185458	0.184699	0.144145	0.082688	0.463739	0.104249	0.080306	0.041248	0.122338	0.096034	0.235527	0.298948	0.246337	0.300966	0.263036	0.20015	0.16574	0.245702	0.238446	0.315793	0.356785	0.233306	0.237172	0.084857	0.234931	0.382675	0.141092	0.213802	0.301228	0.138915	0.216908	0.098591	0.234451	0.180269	0.08422	0.269118	0.356305	0.033279	0.326228	0.346237	0.194864	0.215657	0.158596
cg15295597	0.125665	0.129485	0.082069	0.091209	0.080793	0.078183	0.089051	0.077516	0.075001	0.107752	0.097844	0.064542	0.097705	0.120346	0.094035	0.100014	0.075469	0.062079	0.057609	0.090235	0.080169	0.076561	0.06883	0.10999	0.066188	0.08344	0.083512	0.052774	0.095606	0.049558	0.079476	0.102355	0.115226	0.111744	0.08019	0.090412	0.092328	0.091235	0.09636	0.073717	0.072993	0.082854	0.0945	0.088379	0.083237	0.083177	0.093388	0.096682	0.097588	0.116114
cg15329860	0.348625	0.363131	0.111551	0.391291	0.10008	0.488334	0.326401	0.089683	0.076643	0.241028	0.400166	0.087056	0.350721	0.385512	0.248164	0.529369	0.312012	0.079186	0.041277	0.114785	0.07602	0.103088	0.070477	0.405405	0.075819	0.12206	0.064374	0.082628	0.090409	0.056322	0.374801	0.131609	0.058501	0.331016	0.104737	0.067063	0.5385	0.106925	0.372077	0.050615	0.545229	0.452931	0.08103	0.076611	0.411558	0.059629	0.072607	0.067718	0.066834	0.420787
cg15345074	0.115505	0.141603	0.109963	0.116162	0.090099	0.194442	0.163015	0.096224	0.09763	0.262014	0.158541	0.088804	0.169167	0.255008	0.135584	0.179087	0.179107	0.081479	0.08758	0.077355	0.070815	0.091843	0.109819	0.189606	0.092871	0.07827	0.087896	0.079633	0.097542	0.080719	0.214457	0.076458	0.113538	0.122725	0.078046	0.178815	0.221071	0.077361	0.183484	0.088574	0.132534	0.180365	0.128735	0.098956	0.305691	0.09282	0.076221	0.08997	0.088356	0.269331
cg15422579	0.176644	0.257338	0.094987	0.122707	0.060856	0.180429	0.126774	0.064701	0.074315	0.137512	0.286896	0.060249	0.115447	0.154572	0.083716	0.29232	0.161553	0.083685	0.069024	0.074828	0.085533	0.072102	0.055825	0.209923	0.06117	0.086962	0.032771	0.064449	0.070098	0.061265	0.171234	0.08856	0.054526	0.199132	0.056972	0.049541	0.140925	0.061078	0.097914	0.059167	0.271163	0.224991	0.11672	0.086331	0.151526	0.055986	0.060448	0.080027	0.076595	0.19798
cg15429127	0.370595	0.242994	0.026063	0.279265	0.022761	0.276427	0.173189	0.030647	0.028706	0.264726	0.383108	0.019025	0.309218	0.191729	0.210524	0.273144	0.415695	0.042684	0.029135	0.026931	0.019971	0.020688	0.027593	0.338164	0.020493	0.02283	0.030165	0.012526	0.018741	0.017876	0.354206	0.040727	0.012791	0.239515	0.029993	0.017744	0.27173	0.020239	0.421212	0.013165	0.380143	0.241193	0.009843	0.030385	0.198762	0.011703	0.018195	0.032722	0.016789	0.192868
cg15563434	0.039127	0.044111	0.725113	0.185914	0.680781	0.094997	0	0.73906	0.687059	0	0.120157	0.756241	0.063091	0	0	0	0	0.853904	0.666254	0.624257	0.63159	0.731381	0.616461	0	0.626303	0.556936	0.720432	0.714413	0.640314	0.594396	0	0.72545	0.589	0.284278	0.717897	0.672045	0	0.540952	0.08246	0.814301	0	0.232123	0.641203	0.693877	0.12776	0.665481	0.627653	0.576077	0.783941	0.137742
cg15682806	0.173749	0.126701	0.604544	0.140884	0.603835	0.144128	0.113978	0.615318	0.587896	0.107419	0.138653	0.616292	0.120832	0.183828	0.094872	0.099198	0.151541	0.59173	0.604005	0.590145	0.608828	0.540504	0.589826	0.148319	0.617937	0.598286	0.619227	0.602984	0.586267	0.606213	0.208568	0.596666	0.640369	0.217063	0.613474	0.639834	0.144436	0.634008	0.165245	0.637806	0.190204	0.154656	0.612945	0.594343	0.197231	0.602634	0.608376	0.632441	0.58301	0.122298
cg15682993	0.190725	0.064479	0.161833	0.259282	0.191543	0.017887	0	0.191884	0.188687	0.133091	0.056323	0.15973	0.141835	0.029786	0	0.047617	0.005326	0.163155	0.142023	0.148774	0.182331	0.163553	0.159506	0.274706	0.185714	0.164961	0.159897	0.158995	0.153047	0.14885	0	0.151775	0.158732	0	0.168785	0.181586	0	0.182203	0.262104	0.161314	0.299129	0.006109	0.136284	0.185065	0	0.155295	0.19906	0.157035	0.154551	0.209207
cg15746461	0.273217	0.203727	0.012337	0.141705	0.019439	0.077696	0	0.014605	0.014309	0.179573	0.119547	0.026061	0.138695	0.204541	0.059258	0.121906	0.144499	0.020219	0.007584	0.010944	0.018417	0.023502	0.021948	0.147172	0.01867	0.021364	0.019232	0.018276	0.017857	0.003968	0.070051	0.009859	0.006069	0.136108	0.026758	0.022115	0.077205	0.024795	0.18997	0.028361	0.191364	0.108778	0.014051	0.022124	0.007988	0.024204	0.030094	0.018646	0.013388	0.107614
cg15810474	0.299788	0.246076	0.772759	0.318829	0.764464	0.194437	0.217855	0.785825	0.780433	0.237808	0.111411	0.779611	0.223181	0.132854	0.231974	0.243586	0.126093	0.776705	0.774344	0.764139	0.79048	0.741258	0.747928	0.20446	0.753284	0.751602	0.762556	0.747168	0.753621	0.785921	0.18832	0.745988	0.811494	0.173116	0.781138	0.791355	0.295104	0.75215	0.35052	0.772867	0.27581	0.280425	0.764493	0.755371	0.30339	0.775682	0.753193	0.786212	0.744976	0.014892
cg15935877	0.178616	0.194182	0.833365	0.193013	0.80933	0.255999	0.12356	0.822065	0.815672	0.211948	0.149933	0.818771	0.281849	0.160917	0.227562	0.146137	0.184097	0.84164	0.828502	0.812405	0.822177	0.775511	0.8318	0.153754	0.815567	0.757389	0.794689	0.817542	0.819788	0.827504	0.126874	0.818848	0.829687	0.129924	0.807073	0.849574	0.161487	0.822441	0.205646	0.835217	0.215267	0.190358	0.815856	0.83156	0.081693	0.805315	0.789009	0.824466	0.80484	0.146381
cg17834650	0.333602	0.332651	0.831212	0.224922	0.819923	0.361319	0.293664	0.840835	0.850086	0.302964	0.328581	0.871998	0.373266	0.250182	0.083769	0.396736	0.297795	0.820332	0.825699	0.846739	0.845301	0.772507	0.825561	0.411866	0.832382	0.811325	0.813403	0.829482	0.817428	0.858237	0.292301	0.802082	0.882456	0.391521	0.86114	0.859565	0.108913	0.820912	0.443195	0.856609	0.31974	0.406648	0.861662	0.829764	0.29188	0.829999	0.81494	0.849074	0.819135	0.248719
cg17837162	0	0	0.832965	0	0.849737	0	0	0.790404	0.824469	0.036112	0.259646	0.863091	0.317802	0	0.184077	0	0.066122	0.833759	0.88347	0.814945	0.841182	0.795285	0.801763	0.216632	0.795232	0.610516	0.846357	0.868158	0.849226	0.834562	0	0.753521	0.868823	0.036124	0.772159	0.843466	0.070953	0.865772	0.347611	0.871362	0.32184	0.307071	0.793933	0.776798	0.536945	0.842739	0.757038	0.790616	0.837916	0
cg18032798	0.046214	0.094542	0.024889	0.064385	0.018367	0.208519	0.038566	0.024501	0.020868	0.166789	0.081236	0.043983	0	0.026683	0	0.187131	0.036328	0.029101	0.080493	0.056213	0.056951	0.021432	0.03838	0.219945	0.027319	0.003092	0.061133	0.061084	0.065976	0.010973	0.182224	0.025476	0.028733	0	0.048355	0.023225	0.044866	0.049168	0.232878	0.038155	0.006895	0.228706	0.045047	0.030772	0.119136	0.00472	0.060223	0.023183	0.032368	0.13085
cg18077436	0.256831	0.452974	0.120714	0.346843	0.065508	0.402627	0.27896	0.072103	0.067699	0.324205	0.251388	0.079665	0.22347	0.142955	0.398561	0.289848	0.172606	0.114248	0.107376	0.074064	0.081081	0.112271	0.13014	0.345998	0.048539	0.08373	0.052824	0.04896	0.051092	0.06756	0.302035	0.099622	0.057821	0.289989	0.137775	0.123161	0.262792	0.06181	0.418397	0.083978	0.294664	0.435495	0.068048	0.065592	0.418871	0.059341	0.059548	0.042993	0.082678	0.47771
cg18188392	0.116452	0.078912	0.197818	0.119045	0.186608	0.108932	0.074777	0.186831	0.119879	0.100693	0.108181	0.16393	0.097116	0.093052	0.142171	0.11295	0.086221	0.064196	0.149967	0.219807	0.259571	0.105085	0.062656	0.13152	0.056018	0.06413	0.145042	0.100956	0.118787	0.169286	0.066269	0.09452	0.242186	0.111474	0.153033	0.158146	0.109268	0.069389	0.124132	0.135146	0.148835	0.145529	0.092262	0.074708	0.122754	0.101688	0.085149	0.184194	0.05505	0.163969
cg25032547	0.231736	0.2979	0.176104	0.282014	0.192288	0.292184	0.21612	0.16679	0.167482	0.36445	0.303572	0.209207	0.271553	0.226468	0.301677	0.329751	0.270906	0.138241	0.171654	0.23345	0.22858	0.191582	0.171896	0.265621	0.172312	0.159801	0.232386	0.145485	0.221818	0.235849	0.27401	0.14136	0.262994	0.304902	0.196444	0.272861	0.316877	0.236932	0.250295	0.223964	0.215936	0.231882	0.235558	0.197926	0.317336	0.171574	0.187496	0.253166	0.14563	0.348287
cg25071634	0.246396	0.190247	0.876877	0.283207	0.882386	0.405254	0.329569	0.878442	0.890618	0.28593	0.263011	0.904834	0.326725	0.063595	0.377574	0.322241	0.281852	0.903949	0.88475	0.896938	0.909162	0.871005	0.889972	0.410534	0.87458	0.884268	0.885113	0.897776	0.874543	0.889723	0.26841	0.880818	0.916781	0.226149	0.898621	0.896179	0.220578	0.887973	0.287528	0.89452	0.28662	0.226545	0.88119	0.875891	0.42823	0.87253	0.875171	0.896898	0.863557	0.207372
cg25427172	0.1567	0.244415	0.927356	0	0.926121	0	0.189927	0.920517	0.943098	0.057943	0.147667	0.93013	0.12505	0.162479	0.177834	0.268982	0.135175	0.923474	0.946263	0.941337	0.91106	0.935821	0.936362	0.09345	0.933932	0.931427	0.911108	0.938951	0.938103	0.9502	0.265978	0.926816	0.944867	0	0.922877	0.951128	0.137931	0.931328	0.248602	0.912112	0.076885	0.257256	0.917498	0.915706	0.013899	0.944784	0.95156	0.937576	0.930184	0
cg25518695	0.481517	0.274461	0.190348	0.292658	0.144744	0.260296	0.412228	0.160726	0.160446	0.446425	0.374126	0.16538	0.475435	0.442806	0.131477	0.34027	0.342165	0.158914	0.149169	0.173708	0.13419	0.123653	0.136306	0.581785	0.170248	0.170826	0.090771	0.137037	0.110159	0.141726	0.447233	0.168346	0.16671	0.333255	0.172432	0.163705	0.403561	0.182752	0.316085	0.144426	0.48724	0.16907	0.123449	0.151909	0.050036	0.141539	0.155076	0.14371	0.127108	0.427621
cg25705492	0.153618	0.109748	0.70274	0.280695	0.708142	0.676523	0	0.686562	0.69229	0	0	0.679945	0	0	0.027622	0.18875	0	0.716426	0.702816	0.712319	0.72572	0.655074	0.687794	0	0.691335	0.667604	0.703884	0.676619	0.696159	0.744337	0.097738	0.68988	0.779415	0	0.716249	0.74361	0	0.697176	0.097984	0.71101	0.327943	0	0.728728	0.662828	0	0.682232	0.687979	0.706743	0.690037	0
cg25756647	0.463266	0.352781	0.270659	0.372696	0.228471	0.362319	0.297288	0.244782	0.261801	0.328268	0.409714	0.195949	0.259223	0.26004	0.34816	0.324865	0.365253	0.280384	0.197766	0.236832	0.295979	0.423917	0.22294	0.417888	0.282147	0.172051	0.236097	0.259428	0.211104	0.21372	0.443813	0.248671	0.343936	0.372155	0.291043	0.33803	0.357498	0.281694	0.410088	0.219871	0.459552	0.543043	0.294623	0.199664	0.297369	0.180532	0.312437	0.328877	0.218471	0.330903
cg26058907	0.53174	0.566566	0.858561	0.498767	0.900931	0.428481	0.260829	0.910387	0.888769	0.427761	0.606779	0.885944	0.410979	0.605786	0.596547	0.416237	0.496865	0.877617	0.916997	0.890166	0.896239	0.91078	0.922865	0.594084	0.913346	0.889779	0.880728	0.923546	0.909775	0.916972	0.57407	0.87836	0.920824	0.599898	0.896429	0.904072	0.504825	0.894161	0.417575	0.889729	0.486641	0.498361	0.889691	0.882971	0.573432	0.870474	0.896461	0.887738	0.913822	0.35892
cg26517491	0.145511	0.23124	0.047455	0.172694	0.047544	0	0.158293	0.006441	0.024648	0.154251	0.203848	0.016776	0.229043	0.103239	0.225298	0.136293	0	0.028158	0.016753	0	0.056442	0.031306	0.024673	0.18981	0.028957	0.027682	0.039222	0.018185	0.01878	0.030293	0.19595	0.023915	0.022458	0	0.020173	0	0.208323	0.019054	0	0	0.053337	0	0.019173	0.006007	0.035647	0.026033	0.010699	0.030965	0.004949	0.256478
cg26520468	0.922446	0.934746	0.925932	0.926338	0.936225	0.94199	0.911142	0.939034	0.923265	0.941718	0.925435	0.950966	0.932372	0.950576	0.933963	0.938903	0.926673	0.939556	0.944314	0.907107	0.914048	0.913512	0.933156	0.9379	0.904465	0.916898	0.912999	0.940653	0.925646	0.928043	0.920697	0.924795	0.941582	0.915811	0.917493	0.913468	0.932846	0.934194	0.940607	0.928996	0.923114	0.918254	0.914006	0.918933	0.915374	0.928	0.932314	0.926784	0.908597	0.928269
cg26983430	0.293943	0.177737	0.830267	0.16676	0.83579	0.259625	0.171111	0.853396	0.809533	0.086745	0.064183	0.858964	0.287761	0.257992	0.131798	0.128332	0.23757	0.806709	0.821881	0.79171	0.811181	0.731998	0.854439	0.108431	0.824501	0.788755	0.841407	0.836634	0.808876	0.848672	0.200095	0.778775	0.813405	0.190563	0.804201	0.827247	0.165002	0.814047	0.248046	0.83699	0.13151	0.292338	0.842699	0.855251	0.310821	0.880061	0.837592	0.848116	0.806239	0.220287
cg26983535	0.333167	0.309044	0.065499	0.323089	0.071137	0.300844	0.266066	0.0438	0.065029	0.333499	0.29752	0.051873	0.219959	0.241373	0.25804	0.27031	0.280083	0.07664	0.039068	0.06993	0.067098	0.056817	0.04721	0.281808	0.058388	0.05346	0.054901	0.044745	0.071126	0.041635	0.234322	0.091394	0.069274	0.261695	0.06144	0.061501	0.253377	0.075685	0.329794	0.049841	0.22687	0.326978	0.063204	0.079652	0.360485	0.052437	0.064906	0.054356	0.094401	0.259888
cg27049643	0.382517	0.314425	0.04062	0.289076	0.116509	0.17534	0.205144	0.042514	0.013923	0.165982	0.339413	0.020836	0.321942	0	0.184824	0.238501	0	0.017877	0.113264	0.006138	0.074477	0.016349	0.03026	0.362345	0.021569	0.039672	0.037797	0.037017	0.042665	0.018876	0.511042	0.079402	0.049386	0.587456	0.027212	0.040738	0.3572	0.062258	0.198922	0.010418	0.410864	0.551148	0.055369	0.033561	0.449283	0.043871	0.03701	0.031635	0	0.133175
cg27433982	0.155677	0.234381	0.075598	0.363692	0.121553	0.150889	0.17645	0.097476	0.102135	0.279453	0.355924	0.119136	0.098653	0.149502	0.12507	0.112358	0.172445	0.113682	0.095428	0.059215	0.098732	0.027929	0.08949	0.287341	0.088804	0.097229	0.090928	0.081494	0.101387	0.107741	0.224508	0.0749	0.091602	0.154904	0.0956	0.082917	0.372243	0.140188	0.275358	0.09937	0.293707	0.198092	0.066024	0.090569	0.272797	0.088741	0.131062	0.116893	0.081593	0.221674
cg27539833	0.828067	0.870241	0.903475	0.856734	0.904479	0.899697	0.837147	0.914534	0.899068	0.907865	0.866318	0.919265	0.877582	0.894747	0.883467	0.858177	0.88474	0.926397	0.9168	0.900297	0.911053	0.898963	0.890397	0.873829	0.873032	0.881457	0.889767	0.863697	0.886343	0.903893	0.888486	0.894305	0.920577	0.873215	0.896107	0.91748	0.866736	0.883676	0.852474	0.902671	0.903403	0.870852	0.903794	0.892938	0.870535	0.887658	0.893393	0.908467	0.895806	0.887523
cg00008945	0.39103	0.388555	0	0.43371	0.00998	0.345193	0.40206	0.008487	0.001024	0.418613	0.40196	0.015426	0.408602	0.38869	0.403941	0.400904	0.344728	0.006845	0.002219	0.011626	0.008028	0.005466	0.00681	0.37352	0	0.017442	0.009961	0.010144	0.008802	0	0.41603	0.016769	0	0.37639	0.003984	0.003256	0.389933	0.00946	0.333938	0.009601	0.376447	0.383159	0	0	0.409136	0.003289	0.003518	0.012598	0	0.402152
cg00011200	0.54177	0.537514	0.018554	0.542427	0.029056	0.452977	0.513382	0	0.020235	0.471644	0.550908	0.012242	0.584583	0.510361	0.499946	0.57102	0.495578	0.01172	0	0.02981	0.002804	0.022354	0.035605	0.541087	0.010788	0.021774	0.007797	0	0.016746	0.020717	0.529212	0.028204	0.018795	0.523244	0.024455	0.043236	0.545289	0.021587	0.506661	0.032331	0.481039	0.520587	0.025436	0.009164	0.532217	0.021113	0.028576	0.029103	0.016232	0.524394
cg00011891	0.568278	0.522752	0.033246	0.552226	0.029005	0.517935	0.585025	0.029192	0.032987	0.494354	0.573664	0.019737	0.557937	0.59099	0.528911	0.562742	0.554733	0.032864	0.027037	0.036104	0.025482	0.030023	0.038789	0.546577	0.033859	0.029543	0.019317	0.028085	0.037222	0.025479	0.541561	0.030951	0.032455	0.537297	0.027556	0.040462	0.503292	0.033402	0.563786	0.027833	0.524402	0.52536	0.021711	0.035486	0.575809	0.036647	0.03532	0.027668	0.026417	0.575183
cg00014152	0.950494	0.953568	0.906867	0.953434	0.937932	0.959713	0.943838	0.945313	0.932511	0.960959	0.958587	0.935491	0.951604	0.969617	0.946649	0.944583	0.965962	0.950836	0.953595	0.940719	0.946689	0.911754	0.958371	0.956984	0.958061	0.92185	0.910789	0.95607	0.924818	0.94136	0.965974	0.914314	0.957186	0.947889	0.936976	0.9522	0.954168	0.945263	0.957563	0.939067	0.942709	0.961716	0.944583	0.935599	0.965698	0.950968	0.933449	0.938954	0.95201	0.949995
cg00016522	0.513792	0.466359	0.030353	0.529346	0.005372	0.477121	0.532606	0.015436	0.027486	0.386305	0.485846	0.023406	0.454324	0.493587	0.481882	0.487346	0.483297	0.022989	0.02439	0.023728	0.025314	0.031963	0.019337	0.463438	0.038078	0.018656	0.031436	0.042589	0.02368	0.029653	0.433805	0.024355	0.018208	0.477615	0.023192	0.027024	0.49869	0.009202	0.406518	0.019623	0.493682	0.456913	0.040351	0.045043	0.485896	0.037963	0.036858	0.011595	0.007354	0.485733
