lower_interval	upper_interval	frequency	accumulative_frequency
-1.000	-0.999	0	0
-0.999	-0.998	0	0
-0.998	-0.997	0	0
-0.997	-0.996	0	0
-0.996	-0.995	0	0
-0.995	-0.994	0	0
-0.994	-0.993	0	0
-0.993	-0.992	0	0
-0.992	-0.991	0	0
-0.991	-0.990	0	0
-0.990	-0.989	0	0
-0.989	-0.988	0	0
-0.988	-0.987	0	0
-0.987	-0.986	0	0
-0.986	-0.985	0	0
-0.985	-0.984	0	0
-0.984	-0.983	0	0
-0.983	-0.982	0	0
-0.982	-0.981	0	0
-0.981	-0.980	0	0
-0.980	-0.979	0	0
-0.979	-0.978	0	0
-0.978	-0.977	0	0
-0.977	-0.976	0	0
-0.976	-0.975	0	0
-0.975	-0.974	0	0
-0.974	-0.973	0	0
-0.973	-0.972	0	0
-0.972	-0.971	0	0
-0.971	-0.970	0	0
-0.970	-0.969	0	0
-0.969	-0.968	0	0
-0.968	-0.967	0	0
-0.967	-0.966	0	0
-0.966	-0.965	0	0
-0.965	-0.964	0	0
-0.964	-0.963	0	0
-0.963	-0.962	0	0
-0.962	-0.961	0	0
-0.961	-0.960	0	0
-0.960	-0.959	0	0
-0.959	-0.958	0	0
-0.958	-0.957	0	0
-0.957	-0.956	0	0
-0.956	-0.955	0	0
-0.955	-0.954	0	0
-0.954	-0.953	0	0
-0.953	-0.952	0	0
-0.952	-0.951	0	0
-0.951	-0.950	0	0
-0.950	-0.949	0	0
-0.949	-0.948	0	0
-0.948	-0.947	0	0
-0.947	-0.946	0	0
-0.946	-0.945	0	0
-0.945	-0.944	0	0
-0.944	-0.943	0	0
-0.943	-0.942	0	0
-0.942	-0.941	0	0
-0.941	-0.940	0	0
-0.940	-0.939	0	0
-0.939	-0.938	0	0
-0.938	-0.937	0	0
-0.937	-0.936	0	0
-0.936	-0.935	0	0
-0.935	-0.934	0	0
-0.934	-0.933	0	0
-0.933	-0.932	0	0
-0.932	-0.931	0	0
-0.931	-0.930	0	0
-0.930	-0.929	0	0
-0.929	-0.928	0	0
-0.928	-0.927	0	0
-0.927	-0.926	0	0
-0.926	-0.925	0	0
-0.925	-0.924	0	0
-0.924	-0.923	0	0
-0.923	-0.922	0	0
-0.922	-0.921	0	0
-0.921	-0.920	0	0
-0.920	-0.919	0	0
-0.919	-0.918	0	0
-0.918	-0.917	0	0
-0.917	-0.916	0	0
-0.916	-0.915	0	0
-0.915	-0.914	0	0
-0.914	-0.913	0	0
-0.913	-0.912	0	0
-0.912	-0.911	0	0
-0.911	-0.910	0	0
-0.910	-0.909	0	0
-0.909	-0.908	0	0
-0.908	-0.907	0	0
-0.907	-0.906	0	0
-0.906	-0.905	0	0
-0.905	-0.904	0	0
-0.904	-0.903	0	0
-0.903	-0.902	0	0
-0.902	-0.901	0	0
-0.901	-0.900	0	0
-0.900	-0.899	0	0
-0.899	-0.898	0	0
-0.898	-0.897	0	0
-0.897	-0.896	0	0
-0.896	-0.895	0	0
-0.895	-0.894	0	0
-0.894	-0.893	0	0
-0.893	-0.892	0	0
-0.892	-0.891	0	0
-0.891	-0.890	0	0
-0.890	-0.889	0	0
-0.889	-0.888	0	0
-0.888	-0.887	0	0
-0.887	-0.886	0	0
-0.886	-0.885	0	0
-0.885	-0.884	0	0
-0.884	-0.883	0	0
-0.883	-0.882	0	0
-0.882	-0.881	0	0
-0.881	-0.880	0	0
-0.880	-0.879	0	0
-0.879	-0.878	0	0
-0.878	-0.877	0	0
-0.877	-0.876	0	0
-0.876	-0.875	0	0
-0.875	-0.874	0	0
-0.874	-0.873	0	0
-0.873	-0.872	0	0
-0.872	-0.871	0	0
-0.871	-0.870	0	0
-0.870	-0.869	0	0
-0.869	-0.868	0	0
-0.868	-0.867	0	0
-0.867	-0.866	0	0
-0.866	-0.865	0	0
-0.865	-0.864	0	0
-0.864	-0.863	0	0
-0.863	-0.862	0	0
-0.862	-0.861	0	0
-0.861	-0.860	0	0
-0.860	-0.859	0	0
-0.859	-0.858	0	0
-0.858	-0.857	0	0
-0.857	-0.856	0	0
-0.856	-0.855	0	0
-0.855	-0.854	0	0
-0.854	-0.853	0	0
-0.853	-0.852	0	0
-0.852	-0.851	0	0
-0.851	-0.850	0	0
-0.850	-0.849	0	0
-0.849	-0.848	0	0
-0.848	-0.847	0	0
-0.847	-0.846	0	0
-0.846	-0.845	0	0
-0.845	-0.844	0	0
-0.844	-0.843	0	0
-0.843	-0.842	0	0
-0.842	-0.841	0	0
-0.841	-0.840	0	0
-0.840	-0.839	0	0
-0.839	-0.838	0	0
-0.838	-0.837	0	0
-0.837	-0.836	0	0
-0.836	-0.835	0	0
-0.835	-0.834	0	0
-0.834	-0.833	0	0
-0.833	-0.832	0	0
-0.832	-0.831	0	0
-0.831	-0.830	0	0
-0.830	-0.829	0	0
-0.829	-0.828	0	0
-0.828	-0.827	0	0
-0.827	-0.826	0	0
-0.826	-0.825	0	0
-0.825	-0.824	0	0
-0.824	-0.823	0	0
-0.823	-0.822	0	0
-0.822	-0.821	0	0
-0.821	-0.820	0	0
-0.820	-0.819	0	0
-0.819	-0.818	0	0
-0.818	-0.817	0	0
-0.817	-0.816	0	0
-0.816	-0.815	0	0
-0.815	-0.814	0	0
-0.814	-0.813	0	0
-0.813	-0.812	0	0
-0.812	-0.811	0	0
-0.811	-0.810	0	0
-0.810	-0.809	0	0
-0.809	-0.808	0	0
-0.808	-0.807	0	0
-0.807	-0.806	0	0
-0.806	-0.805	0	0
-0.805	-0.804	0	0
-0.804	-0.803	0	0
-0.803	-0.802	0	0
-0.802	-0.801	0	0
-0.801	-0.800	0	0
-0.800	-0.799	0	0
-0.799	-0.798	0	0
-0.798	-0.797	0	0
-0.797	-0.796	0	0
-0.796	-0.795	0	0
-0.795	-0.794	0	0
-0.794	-0.793	0	0
-0.793	-0.792	0	0
-0.792	-0.791	0	0
-0.791	-0.790	0	0
-0.790	-0.789	0	0
-0.789	-0.788	0	0
-0.788	-0.787	0	0
-0.787	-0.786	0	0
-0.786	-0.785	0	0
-0.785	-0.784	0	0
-0.784	-0.783	0	0
-0.783	-0.782	0	0
-0.782	-0.781	0	0
-0.781	-0.780	0	0
-0.780	-0.779	0	0
-0.779	-0.778	0	0
-0.778	-0.777	0	0
-0.777	-0.776	0	0
-0.776	-0.775	0	0
-0.775	-0.774	0	0
-0.774	-0.773	0	0
-0.773	-0.772	0	0
-0.772	-0.771	0	0
-0.771	-0.770	1	1
-0.770	-0.769	0	1
-0.769	-0.768	0	1
-0.768	-0.767	0	1
-0.767	-0.766	0	1
-0.766	-0.765	0	1
-0.765	-0.764	1	2
-0.764	-0.763	0	2
-0.763	-0.762	0	2
-0.762	-0.761	0	2
-0.761	-0.760	0	2
-0.760	-0.759	1	3
-0.759	-0.758	0	3
-0.758	-0.757	0	3
-0.757	-0.756	0	3
-0.756	-0.755	0	3
-0.755	-0.754	0	3
-0.754	-0.753	0	3
-0.753	-0.752	1	4
-0.752	-0.751	0	4
-0.751	-0.750	1	5
-0.750	-0.749	0	5
-0.749	-0.748	0	5
-0.748	-0.747	0	5
-0.747	-0.746	0	5
-0.746	-0.745	0	5
-0.745	-0.744	0	5
-0.744	-0.743	0	5
-0.743	-0.742	0	5
-0.742	-0.741	0	5
-0.741	-0.740	0	5
-0.740	-0.739	0	5
-0.739	-0.738	0	5
-0.738	-0.737	0	5
-0.737	-0.736	0	5
-0.736	-0.735	1	6
-0.735	-0.734	0	6
-0.734	-0.733	1	7
-0.733	-0.732	0	7
-0.732	-0.731	0	7
-0.731	-0.730	0	7
-0.730	-0.729	0	7
-0.729	-0.728	0	7
-0.728	-0.727	0	7
-0.727	-0.726	0	7
-0.726	-0.725	0	7
-0.725	-0.724	0	7
-0.724	-0.723	0	7
-0.723	-0.722	0	7
-0.722	-0.721	0	7
-0.721	-0.720	0	7
-0.720	-0.719	0	7
-0.719	-0.718	0	7
-0.718	-0.717	0	7
-0.717	-0.716	0	7
-0.716	-0.715	0	7
-0.715	-0.714	0	7
-0.714	-0.713	1	8
-0.713	-0.712	0	8
-0.712	-0.711	0	8
-0.711	-0.710	0	8
-0.710	-0.709	0	8
-0.709	-0.708	0	8
-0.708	-0.707	0	8
-0.707	-0.706	0	8
-0.706	-0.705	0	8
-0.705	-0.704	0	8
-0.704	-0.703	0	8
-0.703	-0.702	0	8
-0.702	-0.701	0	8
-0.701	-0.700	0	8
-0.700	-0.699	1	9
-0.699	-0.698	0	9
-0.698	-0.697	0	9
-0.697	-0.696	0	9
-0.696	-0.695	0	9
-0.695	-0.694	0	9
-0.694	-0.693	0	9
-0.693	-0.692	0	9
-0.692	-0.691	1	10
-0.691	-0.690	0	10
-0.690	-0.689	0	10
-0.689	-0.688	0	10
-0.688	-0.687	0	10
-0.687	-0.686	0	10
-0.686	-0.685	0	10
-0.685	-0.684	0	10
-0.684	-0.683	1	11
-0.683	-0.682	0	11
-0.682	-0.681	1	12
-0.681	-0.680	0	12
-0.680	-0.679	0	12
-0.679	-0.678	0	12
-0.678	-0.677	0	12
-0.677	-0.676	0	12
-0.676	-0.675	0	12
-0.675	-0.674	0	12
-0.674	-0.673	0	12
-0.673	-0.672	0	12
-0.672	-0.671	1	13
-0.671	-0.670	0	13
-0.670	-0.669	0	13
-0.669	-0.668	0	13
-0.668	-0.667	2	15
-0.667	-0.666	0	15
-0.666	-0.665	0	15
-0.665	-0.664	0	15
-0.664	-0.663	0	15
-0.663	-0.662	0	15
-0.662	-0.661	0	15
-0.661	-0.660	0	15
-0.660	-0.659	0	15
-0.659	-0.658	0	15
-0.658	-0.657	0	15
-0.657	-0.656	3	18
-0.656	-0.655	1	19
-0.655	-0.654	0	19
-0.654	-0.653	0	19
-0.653	-0.652	0	19
-0.652	-0.651	1	20
-0.651	-0.650	0	20
-0.650	-0.649	0	20
-0.649	-0.648	0	20
-0.648	-0.647	0	20
-0.647	-0.646	0	20
-0.646	-0.645	0	20
-0.645	-0.644	1	21
-0.644	-0.643	1	22
-0.643	-0.642	0	22
-0.642	-0.641	0	22
-0.641	-0.640	0	22
-0.640	-0.639	0	22
-0.639	-0.638	0	22
-0.638	-0.637	0	22
-0.637	-0.636	1	23
-0.636	-0.635	0	23
-0.635	-0.634	0	23
-0.634	-0.633	0	23
-0.633	-0.632	0	23
-0.632	-0.631	0	23
-0.631	-0.630	0	23
-0.630	-0.629	0	23
-0.629	-0.628	0	23
-0.628	-0.627	0	23
-0.627	-0.626	0	23
-0.626	-0.625	0	23
-0.625	-0.624	0	23
-0.624	-0.623	1	24
-0.623	-0.622	1	25
-0.622	-0.621	0	25
-0.621	-0.620	0	25
-0.620	-0.619	0	25
-0.619	-0.618	0	25
-0.618	-0.617	2	27
-0.617	-0.616	0	27
-0.616	-0.615	0	27
-0.615	-0.614	0	27
-0.614	-0.613	0	27
-0.613	-0.612	0	27
-0.612	-0.611	0	27
-0.611	-0.610	1	28
-0.610	-0.609	0	28
-0.609	-0.608	0	28
-0.608	-0.607	0	28
-0.607	-0.606	0	28
-0.606	-0.605	0	28
-0.605	-0.604	0	28
-0.604	-0.603	1	29
-0.603	-0.602	0	29
-0.602	-0.601	0	29
-0.601	-0.600	0	29
-0.600	-0.599	1	30
-0.599	-0.598	0	30
-0.598	-0.597	0	30
-0.597	-0.596	1	31
-0.596	-0.595	0	31
-0.595	-0.594	0	31
-0.594	-0.593	0	31
-0.593	-0.592	1	32
-0.592	-0.591	0	32
-0.591	-0.590	0	32
-0.590	-0.589	0	32
-0.589	-0.588	0	32
-0.588	-0.587	0	32
-0.587	-0.586	0	32
-0.586	-0.585	0	32
-0.585	-0.584	0	32
-0.584	-0.583	1	33
-0.583	-0.582	0	33
-0.582	-0.581	0	33
-0.581	-0.580	0	33
-0.580	-0.579	1	34
-0.579	-0.578	1	35
-0.578	-0.577	1	36
-0.577	-0.576	0	36
-0.576	-0.575	0	36
-0.575	-0.574	1	37
-0.574	-0.573	0	37
-0.573	-0.572	0	37
-0.572	-0.571	0	37
-0.571	-0.570	2	39
-0.570	-0.569	0	39
-0.569	-0.568	0	39
-0.568	-0.567	0	39
-0.567	-0.566	0	39
-0.566	-0.565	1	40
-0.565	-0.564	2	42
-0.564	-0.563	1	43
-0.563	-0.562	1	44
-0.562	-0.561	0	44
-0.561	-0.560	1	45
-0.560	-0.559	1	46
-0.559	-0.558	1	47
-0.558	-0.557	0	47
-0.557	-0.556	0	47
-0.556	-0.555	0	47
-0.555	-0.554	1	48
-0.554	-0.553	0	48
-0.553	-0.552	1	49
-0.552	-0.551	2	51
-0.551	-0.550	0	51
-0.550	-0.549	0	51
-0.549	-0.548	1	52
-0.548	-0.547	2	54
-0.547	-0.546	0	54
-0.546	-0.545	0	54
-0.545	-0.544	0	54
-0.544	-0.543	1	55
-0.543	-0.542	1	56
-0.542	-0.541	0	56
-0.541	-0.540	2	58
-0.540	-0.539	0	58
-0.539	-0.538	0	58
-0.538	-0.537	3	61
-0.537	-0.536	0	61
-0.536	-0.535	0	61
-0.535	-0.534	1	62
-0.534	-0.533	0	62
-0.533	-0.532	1	63
-0.532	-0.531	0	63
-0.531	-0.530	2	65
-0.530	-0.529	0	65
-0.529	-0.528	0	65
-0.528	-0.527	1	66
-0.527	-0.526	2	68
-0.526	-0.525	2	70
-0.525	-0.524	0	70
-0.524	-0.523	1	71
-0.523	-0.522	1	72
-0.522	-0.521	0	72
-0.521	-0.520	0	72
-0.520	-0.519	1	73
-0.519	-0.518	1	74
-0.518	-0.517	1	75
-0.517	-0.516	1	76
-0.516	-0.515	0	76
-0.515	-0.514	0	76
-0.514	-0.513	0	76
-0.513	-0.512	2	78
-0.512	-0.511	0	78
-0.511	-0.510	2	80
-0.510	-0.509	0	80
-0.509	-0.508	1	81
-0.508	-0.507	1	82
-0.507	-0.506	2	84
-0.506	-0.505	0	84
-0.505	-0.504	2	86
-0.504	-0.503	0	86
-0.503	-0.502	1	87
-0.502	-0.501	2	89
-0.501	-0.500	2	91
-0.500	-0.499	0	91
-0.499	-0.498	1	92
-0.498	-0.497	4	96
-0.497	-0.496	2	98
-0.496	-0.495	2	100
-0.495	-0.494	1	101
-0.494	-0.493	0	101
-0.493	-0.492	0	101
-0.492	-0.491	0	101
-0.491	-0.490	2	103
-0.490	-0.489	0	103
-0.489	-0.488	2	105
-0.488	-0.487	1	106
-0.487	-0.486	3	109
-0.486	-0.485	1	110
-0.485	-0.484	2	112
-0.484	-0.483	0	112
-0.483	-0.482	0	112
-0.482	-0.481	1	113
-0.481	-0.480	2	115
-0.480	-0.479	2	117
-0.479	-0.478	1	118
-0.478	-0.477	2	120
-0.477	-0.476	1	121
-0.476	-0.475	1	122
-0.475	-0.474	0	122
-0.474	-0.473	1	123
-0.473	-0.472	2	125
-0.472	-0.471	1	126
-0.471	-0.470	2	128
-0.470	-0.469	1	129
-0.469	-0.468	3	132
-0.468	-0.467	1	133
-0.467	-0.466	1	134
-0.466	-0.465	1	135
-0.465	-0.464	3	138
-0.464	-0.463	1	139
-0.463	-0.462	3	142
-0.462	-0.461	1	143
-0.461	-0.460	1	144
-0.460	-0.459	0	144
-0.459	-0.458	1	145
-0.458	-0.457	1	146
-0.457	-0.456	3	149
-0.456	-0.455	0	149
-0.455	-0.454	1	150
-0.454	-0.453	1	151
-0.453	-0.452	1	152
-0.452	-0.451	4	156
-0.451	-0.450	1	157
-0.450	-0.449	3	160
-0.449	-0.448	2	162
-0.448	-0.447	2	164
-0.447	-0.446	3	167
-0.446	-0.445	0	167
-0.445	-0.444	3	170
-0.444	-0.443	2	172
-0.443	-0.442	3	175
-0.442	-0.441	4	179
-0.441	-0.440	2	181
-0.440	-0.439	2	183
-0.439	-0.438	0	183
-0.438	-0.437	0	183
-0.437	-0.436	3	186
-0.436	-0.435	0	186
-0.435	-0.434	0	186
-0.434	-0.433	4	190
-0.433	-0.432	1	191
-0.432	-0.431	2	193
-0.431	-0.430	0	193
-0.430	-0.429	1	194
-0.429	-0.428	0	194
-0.428	-0.427	2	196
-0.427	-0.426	3	199
-0.426	-0.425	3	202
-0.425	-0.424	1	203
-0.424	-0.423	1	204
-0.423	-0.422	2	206
-0.422	-0.421	1	207
-0.421	-0.420	3	210
-0.420	-0.419	2	212
-0.419	-0.418	3	215
-0.418	-0.417	1	216
-0.417	-0.416	4	220
-0.416	-0.415	2	222
-0.415	-0.414	3	225
-0.414	-0.413	1	226
-0.413	-0.412	1	227
-0.412	-0.411	1	228
-0.411	-0.410	3	231
-0.410	-0.409	1	232
-0.409	-0.408	0	232
-0.408	-0.407	2	234
-0.407	-0.406	0	234
-0.406	-0.405	1	235
-0.405	-0.404	0	235
-0.404	-0.403	3	238
-0.403	-0.402	2	240
-0.402	-0.401	0	240
-0.401	-0.400	0	240
-0.400	-0.399	3	243
-0.399	-0.398	7	250
-0.398	-0.397	5	255
-0.397	-0.396	1	256
-0.396	-0.395	3	259
-0.395	-0.394	3	262
-0.394	-0.393	4	266
-0.393	-0.392	4	270
-0.392	-0.391	0	270
-0.391	-0.390	1	271
-0.390	-0.389	2	273
-0.389	-0.388	1	274
-0.388	-0.387	2	276
-0.387	-0.386	1	277
-0.386	-0.385	2	279
-0.385	-0.384	3	282
-0.384	-0.383	3	285
-0.383	-0.382	1	286
-0.382	-0.381	0	286
-0.381	-0.380	1	287
-0.380	-0.379	3	290
-0.379	-0.378	2	292
-0.378	-0.377	2	294
-0.377	-0.376	2	296
-0.376	-0.375	1	297
-0.375	-0.374	2	299
-0.374	-0.373	3	302
-0.373	-0.372	1	303
-0.372	-0.371	4	307
-0.371	-0.370	1	308
-0.370	-0.369	1	309
-0.369	-0.368	1	310
-0.368	-0.367	6	316
-0.367	-0.366	2	318
-0.366	-0.365	7	325
-0.365	-0.364	1	326
-0.364	-0.363	5	331
-0.363	-0.362	4	335
-0.362	-0.361	4	339
-0.361	-0.360	2	341
-0.360	-0.359	1	342
-0.359	-0.358	4	346
-0.358	-0.357	3	349
-0.357	-0.356	4	353
-0.356	-0.355	1	354
-0.355	-0.354	3	357
-0.354	-0.353	2	359
-0.353	-0.352	1	360
-0.352	-0.351	4	364
-0.351	-0.350	1	365
-0.350	-0.349	3	368
-0.349	-0.348	3	371
-0.348	-0.347	2	373
-0.347	-0.346	1	374
-0.346	-0.345	4	378
-0.345	-0.344	2	380
-0.344	-0.343	0	380
-0.343	-0.342	6	386
-0.342	-0.341	3	389
-0.341	-0.340	2	391
-0.340	-0.339	1	392
-0.339	-0.338	2	394
-0.338	-0.337	2	396
-0.337	-0.336	4	400
-0.336	-0.335	6	406
-0.335	-0.334	4	410
-0.334	-0.333	2	412
-0.333	-0.332	2	414
-0.332	-0.331	2	416
-0.331	-0.330	3	419
-0.330	-0.329	5	424
-0.329	-0.328	7	431
-0.328	-0.327	2	433
-0.327	-0.326	4	437
-0.326	-0.325	4	441
-0.325	-0.324	6	447
-0.324	-0.323	3	450
-0.323	-0.322	2	452
-0.322	-0.321	2	454
-0.321	-0.320	3	457
-0.320	-0.319	2	459
-0.319	-0.318	4	463
-0.318	-0.317	2	465
-0.317	-0.316	1	466
-0.316	-0.315	0	466
-0.315	-0.314	4	470
-0.314	-0.313	0	470
-0.313	-0.312	3	473
-0.312	-0.311	3	476
-0.311	-0.310	5	481
-0.310	-0.309	5	486
-0.309	-0.308	5	491
-0.308	-0.307	4	495
-0.307	-0.306	8	503
-0.306	-0.305	2	505
-0.305	-0.304	3	508
-0.304	-0.303	3	511
-0.303	-0.302	1	512
-0.302	-0.301	5	517
-0.301	-0.300	8	525
-0.300	-0.299	5	530
-0.299	-0.298	2	532
-0.298	-0.297	4	536
-0.297	-0.296	3	539
-0.296	-0.295	1	540
-0.295	-0.294	5	545
-0.294	-0.293	2	547
-0.293	-0.292	5	552
-0.292	-0.291	8	560
-0.291	-0.290	7	567
-0.290	-0.289	4	571
-0.289	-0.288	3	574
-0.288	-0.287	9	583
-0.287	-0.286	4	587
-0.286	-0.285	5	592
-0.285	-0.284	8	600
-0.284	-0.283	5	605
-0.283	-0.282	2	607
-0.282	-0.281	5	612
-0.281	-0.280	8	620
-0.280	-0.279	8	628
-0.279	-0.278	8	636
-0.278	-0.277	4	640
-0.277	-0.276	4	644
-0.276	-0.275	1	645
-0.275	-0.274	5	650
-0.274	-0.273	4	654
-0.273	-0.272	4	658
-0.272	-0.271	4	662
-0.271	-0.270	2	664
-0.270	-0.269	6	670
-0.269	-0.268	5	675
-0.268	-0.267	6	681
-0.267	-0.266	6	687
-0.266	-0.265	5	692
-0.265	-0.264	3	695
-0.264	-0.263	8	703
-0.263	-0.262	5	708
-0.262	-0.261	2	710
-0.261	-0.260	4	714
-0.260	-0.259	7	721
-0.259	-0.258	1	722
-0.258	-0.257	4	726
-0.257	-0.256	1	727
-0.256	-0.255	5	732
-0.255	-0.254	2	734
-0.254	-0.253	4	738
-0.253	-0.252	5	743
-0.252	-0.251	5	748
-0.251	-0.250	6	754
-0.250	-0.249	7	761
-0.249	-0.248	4	765
-0.248	-0.247	4	769
-0.247	-0.246	8	777
-0.246	-0.245	5	782
-0.245	-0.244	6	788
-0.244	-0.243	2	790
-0.243	-0.242	8	798
-0.242	-0.241	4	802
-0.241	-0.240	6	808
-0.240	-0.239	2	810
-0.239	-0.238	4	814
-0.238	-0.237	4	818
-0.237	-0.236	1	819
-0.236	-0.235	5	824
-0.235	-0.234	4	828
-0.234	-0.233	6	834
-0.233	-0.232	9	843
-0.232	-0.231	6	849
-0.231	-0.230	5	854
-0.230	-0.229	8	862
-0.229	-0.228	2	864
-0.228	-0.227	8	872
-0.227	-0.226	6	878
-0.226	-0.225	5	883
-0.225	-0.224	7	890
-0.224	-0.223	3	893
-0.223	-0.222	4	897
-0.222	-0.221	5	902
-0.221	-0.220	4	906
-0.220	-0.219	9	915
-0.219	-0.218	4	919
-0.218	-0.217	6	925
-0.217	-0.216	5	930
-0.216	-0.215	2	932
-0.215	-0.214	9	941
-0.214	-0.213	3	944
-0.213	-0.212	3	947
-0.212	-0.211	7	954
-0.211	-0.210	2	956
-0.210	-0.209	6	962
-0.209	-0.208	1	963
-0.208	-0.207	6	969
-0.207	-0.206	7	976
-0.206	-0.205	4	980
-0.205	-0.204	7	987
-0.204	-0.203	4	991
-0.203	-0.202	5	996
-0.202	-0.201	5	1001
-0.201	-0.200	10	1011
-0.200	-0.199	4	1015
-0.199	-0.198	7	1022
-0.198	-0.197	4	1026
-0.197	-0.196	5	1031
-0.196	-0.195	8	1039
-0.195	-0.194	5	1044
-0.194	-0.193	8	1052
-0.193	-0.192	8	1060
-0.192	-0.191	8	1068
-0.191	-0.190	9	1077
-0.190	-0.189	4	1081
-0.189	-0.188	5	1086
-0.188	-0.187	4	1090
-0.187	-0.186	7	1097
-0.186	-0.185	3	1100
-0.185	-0.184	9	1109
-0.184	-0.183	3	1112
-0.183	-0.182	7	1119
-0.182	-0.181	7	1126
-0.181	-0.180	4	1130
-0.180	-0.179	11	1141
-0.179	-0.178	6	1147
-0.178	-0.177	9	1156
-0.177	-0.176	9	1165
-0.176	-0.175	4	1169
-0.175	-0.174	5	1174
-0.174	-0.173	8	1182
-0.173	-0.172	5	1187
-0.172	-0.171	5	1192
-0.171	-0.170	5	1197
-0.170	-0.169	4	1201
-0.169	-0.168	10	1211
-0.168	-0.167	6	1217
-0.167	-0.166	3	1220
-0.166	-0.165	9	1229
-0.165	-0.164	5	1234
-0.164	-0.163	9	1243
-0.163	-0.162	9	1252
-0.162	-0.161	5	1257
-0.161	-0.160	7	1264
-0.160	-0.159	6	1270
-0.159	-0.158	7	1277
-0.158	-0.157	5	1282
-0.157	-0.156	7	1289
-0.156	-0.155	10	1299
-0.155	-0.154	5	1304
-0.154	-0.153	7	1311
-0.153	-0.152	8	1319
-0.152	-0.151	4	1323
-0.151	-0.150	6	1329
-0.150	-0.149	10	1339
-0.149	-0.148	10	1349
-0.148	-0.147	8	1357
-0.147	-0.146	3	1360
-0.146	-0.145	5	1365
-0.145	-0.144	4	1369
-0.144	-0.143	6	1375
-0.143	-0.142	8	1383
-0.142	-0.141	10	1393
-0.141	-0.140	1	1394
-0.140	-0.139	9	1403
-0.139	-0.138	5	1408
-0.138	-0.137	9	1417
-0.137	-0.136	10	1427
-0.136	-0.135	9	1436
-0.135	-0.134	9	1445
-0.134	-0.133	6	1451
-0.133	-0.132	7	1458
-0.132	-0.131	2	1460
-0.131	-0.130	3	1463
-0.130	-0.129	5	1468
-0.129	-0.128	9	1477
-0.128	-0.127	1	1478
-0.127	-0.126	3	1481
-0.126	-0.125	12	1493
-0.125	-0.124	3	1496
-0.124	-0.123	8	1504
-0.123	-0.122	8	1512
-0.122	-0.121	11	1523
-0.121	-0.120	10	1533
-0.120	-0.119	10	1543
-0.119	-0.118	13	1556
-0.118	-0.117	11	1567
-0.117	-0.116	4	1571
-0.116	-0.115	14	1585
-0.115	-0.114	12	1597
-0.114	-0.113	7	1604
-0.113	-0.112	11	1615
-0.112	-0.111	6	1621
-0.111	-0.110	6	1627
-0.110	-0.109	8	1635
-0.109	-0.108	7	1642
-0.108	-0.107	4	1646
-0.107	-0.106	5	1651
-0.106	-0.105	4	1655
-0.105	-0.104	7	1662
-0.104	-0.103	6	1668
-0.103	-0.102	9	1677
-0.102	-0.101	7	1684
-0.101	-0.100	5	1689
-0.100	-0.099	3	1692
-0.099	-0.098	9	1701
-0.098	-0.097	8	1709
-0.097	-0.096	11	1720
-0.096	-0.095	10	1730
-0.095	-0.094	8	1738
-0.094	-0.093	8	1746
-0.093	-0.092	5	1751
-0.092	-0.091	7	1758
-0.091	-0.090	13	1771
-0.090	-0.089	5	1776
-0.089	-0.088	11	1787
-0.088	-0.087	7	1794
-0.087	-0.086	9	1803
-0.086	-0.085	9	1812
-0.085	-0.084	7	1819
-0.084	-0.083	5	1824
-0.083	-0.082	9	1833
-0.082	-0.081	10	1843
-0.081	-0.080	4	1847
-0.080	-0.079	6	1853
-0.079	-0.078	10	1863
-0.078	-0.077	7	1870
-0.077	-0.076	8	1878
-0.076	-0.075	6	1884
-0.075	-0.074	9	1893
-0.074	-0.073	9	1902
-0.073	-0.072	14	1916
-0.072	-0.071	7	1923
-0.071	-0.070	5	1928
-0.070	-0.069	9	1937
-0.069	-0.068	5	1942
-0.068	-0.067	10	1952
-0.067	-0.066	12	1964
-0.066	-0.065	10	1974
-0.065	-0.064	11	1985
-0.064	-0.063	9	1994
-0.063	-0.062	6	2000
-0.062	-0.061	10	2010
-0.061	-0.060	11	2021
-0.060	-0.059	9	2030
-0.059	-0.058	7	2037
-0.058	-0.057	6	2043
-0.057	-0.056	11	2054
-0.056	-0.055	10	2064
-0.055	-0.054	10	2074
-0.054	-0.053	8	2082
-0.053	-0.052	7	2089
-0.052	-0.051	5	2094
-0.051	-0.050	10	2104
-0.050	-0.049	13	2117
-0.049	-0.048	7	2124
-0.048	-0.047	11	2135
-0.047	-0.046	8	2143
-0.046	-0.045	15	2158
-0.045	-0.044	10	2168
-0.044	-0.043	5	2173
-0.043	-0.042	8	2181
-0.042	-0.041	6	2187
-0.041	-0.040	7	2194
-0.040	-0.039	11	2205
-0.039	-0.038	4	2209
-0.038	-0.037	12	2221
-0.037	-0.036	12	2233
-0.036	-0.035	7	2240
-0.035	-0.034	10	2250
-0.034	-0.033	7	2257
-0.033	-0.032	6	2263
-0.032	-0.031	8	2271
-0.031	-0.030	12	2283
-0.030	-0.029	8	2291
-0.029	-0.028	11	2302
-0.028	-0.027	6	2308
-0.027	-0.026	8	2316
-0.026	-0.025	7	2323
-0.025	-0.024	8	2331
-0.024	-0.023	6	2337
-0.023	-0.022	8	2345
-0.022	-0.021	9	2354
-0.021	-0.020	6	2360
-0.020	-0.019	2	2362
-0.019	-0.018	14	2376
-0.018	-0.017	8	2384
-0.017	-0.016	9	2393
-0.016	-0.015	5	2398
-0.015	-0.014	4	2402
-0.014	-0.013	16	2418
-0.013	-0.012	11	2429
-0.012	-0.011	9	2438
-0.011	-0.010	11	2449
-0.010	-0.009	9	2458
-0.009	-0.008	8	2466
-0.008	-0.007	12	2478
-0.007	-0.006	9	2487
-0.006	-0.005	6	2493
-0.005	-0.004	6	2499
-0.004	-0.003	10	2509
-0.003	-0.002	3	2512
-0.002	-0.001	7	2519
-0.001	-0.000	9	2528
0.000	0.001	21	2549
0.001	0.002	8	2557
0.002	0.003	4	2561
0.003	0.004	9	2570
0.004	0.005	6	2576
0.005	0.006	11	2587
0.006	0.007	7	2594
0.007	0.008	7	2601
0.008	0.009	11	2612
0.009	0.010	10	2622
0.010	0.011	9	2631
0.011	0.012	10	2641
0.012	0.013	8	2649
0.013	0.014	8	2657
0.014	0.015	9	2666
0.015	0.016	7	2673
0.016	0.017	5	2678
0.017	0.018	5	2683
0.018	0.019	5	2688
0.019	0.020	13	2701
0.020	0.021	5	2706
0.021	0.022	8	2714
0.022	0.023	6	2720
0.023	0.024	4	2724
0.024	0.025	4	2728
0.025	0.026	6	2734
0.026	0.027	8	2742
0.027	0.028	8	2750
0.028	0.029	11	2761
0.029	0.030	6	2767
0.030	0.031	11	2778
0.031	0.032	8	2786
0.032	0.033	10	2796
0.033	0.034	7	2803
0.034	0.035	9	2812
0.035	0.036	9	2821
0.036	0.037	9	2830
0.037	0.038	3	2833
0.038	0.039	7	2840
0.039	0.040	6	2846
0.040	0.041	4	2850
0.041	0.042	7	2857
0.042	0.043	8	2865
0.043	0.044	7	2872
0.044	0.045	6	2878
0.045	0.046	10	2888
0.046	0.047	11	2899
0.047	0.048	4	2903
0.048	0.049	10	2913
0.049	0.050	7	2920
0.050	0.051	6	2926
0.051	0.052	8	2934
0.052	0.053	4	2938
0.053	0.054	7	2945
0.054	0.055	12	2957
0.055	0.056	7	2964
0.056	0.057	5	2969
0.057	0.058	3	2972
0.058	0.059	5	2977
0.059	0.060	11	2988
0.060	0.061	9	2997
0.061	0.062	6	3003
0.062	0.063	5	3008
0.063	0.064	11	3019
0.064	0.065	4	3023
0.065	0.066	7	3030
0.066	0.067	9	3039
0.067	0.068	13	3052
0.068	0.069	11	3063
0.069	0.070	9	3072
0.070	0.071	3	3075
0.071	0.072	4	3079
0.072	0.073	13	3092
0.073	0.074	6	3098
0.074	0.075	7	3105
0.075	0.076	7	3112
0.076	0.077	7	3119
0.077	0.078	7	3126
0.078	0.079	6	3132
0.079	0.080	6	3138
0.080	0.081	12	3150
0.081	0.082	5	3155
0.082	0.083	6	3161
0.083	0.084	11	3172
0.084	0.085	11	3183
0.085	0.086	9	3192
0.086	0.087	7	3199
0.087	0.088	13	3212
0.088	0.089	5	3217
0.089	0.090	5	3222
0.090	0.091	7	3229
0.091	0.092	5	3234
0.092	0.093	8	3242
0.093	0.094	4	3246
0.094	0.095	9	3255
0.095	0.096	10	3265
0.096	0.097	7	3272
0.097	0.098	6	3278
0.098	0.099	5	3283
0.099	0.100	7	3290
0.100	0.101	13	3303
0.101	0.102	16	3319
0.102	0.103	4	3323
0.103	0.104	6	3329
0.104	0.105	5	3334
0.105	0.106	9	3343
0.106	0.107	6	3349
0.107	0.108	6	3355
0.108	0.109	9	3364
0.109	0.110	5	3369
0.110	0.111	5	3374
0.111	0.112	7	3381
0.112	0.113	4	3385
0.113	0.114	12	3397
0.114	0.115	7	3404
0.115	0.116	9	3413
0.116	0.117	10	3423
0.117	0.118	11	3434
0.118	0.119	8	3442
0.119	0.120	8	3450
0.120	0.121	4	3454
0.121	0.122	8	3462
0.122	0.123	6	3468
0.123	0.124	3	3471
0.124	0.125	6	3477
0.125	0.126	4	3481
0.126	0.127	11	3492
0.127	0.128	5	3497
0.128	0.129	7	3504
0.129	0.130	8	3512
0.130	0.131	6	3518
0.131	0.132	4	3522
0.132	0.133	10	3532
0.133	0.134	5	3537
0.134	0.135	5	3542
0.135	0.136	9	3551
0.136	0.137	5	3556
0.137	0.138	6	3562
0.138	0.139	6	3568
0.139	0.140	9	3577
0.140	0.141	6	3583
0.141	0.142	6	3589
0.142	0.143	5	3594
0.143	0.144	9	3603
0.144	0.145	7	3610
0.145	0.146	9	3619
0.146	0.147	8	3627
0.147	0.148	6	3633
0.148	0.149	5	3638
0.149	0.150	7	3645
0.150	0.151	3	3648
0.151	0.152	8	3656
0.152	0.153	8	3664
0.153	0.154	8	3672
0.154	0.155	5	3677
0.155	0.156	5	3682
0.156	0.157	6	3688
0.157	0.158	6	3694
0.158	0.159	8	3702
0.159	0.160	7	3709
0.160	0.161	6	3715
0.161	0.162	5	3720
0.162	0.163	4	3724
0.163	0.164	6	3730
0.164	0.165	4	3734
0.165	0.166	6	3740
0.166	0.167	3	3743
0.167	0.168	9	3752
0.168	0.169	9	3761
0.169	0.170	6	3767
0.170	0.171	2	3769
0.171	0.172	4	3773
0.172	0.173	10	3783
0.173	0.174	4	3787
0.174	0.175	2	3789
0.175	0.176	5	3794
0.176	0.177	7	3801
0.177	0.178	6	3807
0.178	0.179	9	3816
0.179	0.180	5	3821
0.180	0.181	2	3823
0.181	0.182	8	3831
0.182	0.183	7	3838
0.183	0.184	4	3842
0.184	0.185	11	3853
0.185	0.186	2	3855
0.186	0.187	4	3859
0.187	0.188	6	3865
0.188	0.189	9	3874
0.189	0.190	6	3880
0.190	0.191	4	3884
0.191	0.192	9	3893
0.192	0.193	5	3898
0.193	0.194	8	3906
0.194	0.195	5	3911
0.195	0.196	5	3916
0.196	0.197	6	3922
0.197	0.198	8	3930
0.198	0.199	12	3942
0.199	0.200	2	3944
0.200	0.201	1	3945
0.201	0.202	5	3950
0.202	0.203	5	3955
0.203	0.204	3	3958
0.204	0.205	3	3961
0.205	0.206	2	3963
0.206	0.207	3	3966
0.207	0.208	5	3971
0.208	0.209	8	3979
0.209	0.210	6	3985
0.210	0.211	3	3988
0.211	0.212	7	3995
0.212	0.213	4	3999
0.213	0.214	6	4005
0.214	0.215	7	4012
0.215	0.216	4	4016
0.216	0.217	5	4021
0.217	0.218	4	4025
0.218	0.219	7	4032
0.219	0.220	4	4036
0.220	0.221	3	4039
0.221	0.222	2	4041
0.222	0.223	5	4046
0.223	0.224	3	4049
0.224	0.225	3	4052
0.225	0.226	5	4057
0.226	0.227	6	4063
0.227	0.228	6	4069
0.228	0.229	5	4074
0.229	0.230	7	4081
0.230	0.231	1	4082
0.231	0.232	7	4089
0.232	0.233	6	4095
0.233	0.234	6	4101
0.234	0.235	5	4106
0.235	0.236	4	4110
0.236	0.237	4	4114
0.237	0.238	0	4114
0.238	0.239	0	4114
0.239	0.240	5	4119
0.240	0.241	8	4127
0.241	0.242	2	4129
0.242	0.243	2	4131
0.243	0.244	3	4134
0.244	0.245	5	4139
0.245	0.246	4	4143
0.246	0.247	5	4148
0.247	0.248	4	4152
0.248	0.249	8	4160
0.249	0.250	3	4163
0.250	0.251	5	4168
0.251	0.252	1	4169
0.252	0.253	7	4176
0.253	0.254	6	4182
0.254	0.255	5	4187
0.255	0.256	4	4191
0.256	0.257	6	4197
0.257	0.258	5	4202
0.258	0.259	3	4205
0.259	0.260	6	4211
0.260	0.261	1	4212
0.261	0.262	4	4216
0.262	0.263	2	4218
0.263	0.264	3	4221
0.264	0.265	5	4226
0.265	0.266	2	4228
0.266	0.267	1	4229
0.267	0.268	3	4232
0.268	0.269	5	4237
0.269	0.270	7	4244
0.270	0.271	4	4248
0.271	0.272	4	4252
0.272	0.273	5	4257
0.273	0.274	6	4263
0.274	0.275	4	4267
0.275	0.276	2	4269
0.276	0.277	4	4273
0.277	0.278	3	4276
0.278	0.279	5	4281
0.279	0.280	3	4284
0.280	0.281	8	4292
0.281	0.282	2	4294
0.282	0.283	4	4298
0.283	0.284	0	4298
0.284	0.285	1	4299
0.285	0.286	1	4300
0.286	0.287	4	4304
0.287	0.288	4	4308
0.288	0.289	3	4311
0.289	0.290	2	4313
0.290	0.291	5	4318
0.291	0.292	1	4319
0.292	0.293	1	4320
0.293	0.294	4	4324
0.294	0.295	2	4326
0.295	0.296	1	4327
0.296	0.297	4	4331
0.297	0.298	4	4335
0.298	0.299	3	4338
0.299	0.300	3	4341
0.300	0.301	4	4345
0.301	0.302	3	4348
0.302	0.303	2	4350
0.303	0.304	0	4350
0.304	0.305	6	4356
0.305	0.306	3	4359
0.306	0.307	3	4362
0.307	0.308	1	4363
0.308	0.309	1	4364
0.309	0.310	3	4367
0.310	0.311	6	4373
0.311	0.312	3	4376
0.312	0.313	1	4377
0.313	0.314	2	4379
0.314	0.315	5	4384
0.315	0.316	2	4386
0.316	0.317	2	4388
0.317	0.318	3	4391
0.318	0.319	3	4394
0.319	0.320	3	4397
0.320	0.321	6	4403
0.321	0.322	2	4405
0.322	0.323	5	4410
0.323	0.324	6	4416
0.324	0.325	0	4416
0.325	0.326	5	4421
0.326	0.327	6	4427
0.327	0.328	3	4430
0.328	0.329	1	4431
0.329	0.330	4	4435
0.330	0.331	3	4438
0.331	0.332	1	4439
0.332	0.333	4	4443
0.333	0.334	4	4447
0.334	0.335	3	4450
0.335	0.336	1	4451
0.336	0.337	2	4453
0.337	0.338	3	4456
0.338	0.339	1	4457
0.339	0.340	3	4460
0.340	0.341	4	4464
0.341	0.342	3	4467
0.342	0.343	3	4470
0.343	0.344	2	4472
0.344	0.345	5	4477
0.345	0.346	0	4477
0.346	0.347	3	4480
0.347	0.348	5	4485
0.348	0.349	3	4488
0.349	0.350	4	4492
0.350	0.351	2	4494
0.351	0.352	1	4495
0.352	0.353	0	4495
0.353	0.354	0	4495
0.354	0.355	5	4500
0.355	0.356	0	4500
0.356	0.357	3	4503
0.357	0.358	3	4506
0.358	0.359	1	4507
0.359	0.360	4	4511
0.360	0.361	5	4516
0.361	0.362	2	4518
0.362	0.363	2	4520
0.363	0.364	0	4520
0.364	0.365	1	4521
0.365	0.366	11	4532
0.366	0.367	2	4534
0.367	0.368	2	4536
0.368	0.369	2	4538
0.369	0.370	2	4540
0.370	0.371	4	4544
0.371	0.372	3	4547
0.372	0.373	4	4551
0.373	0.374	1	4552
0.374	0.375	5	4557
0.375	0.376	2	4559
0.376	0.377	2	4561
0.377	0.378	0	4561
0.378	0.379	3	4564
0.379	0.380	1	4565
0.380	0.381	4	4569
0.381	0.382	0	4569
0.382	0.383	2	4571
0.383	0.384	2	4573
0.384	0.385	2	4575
0.385	0.386	2	4577
0.386	0.387	2	4579
0.387	0.388	1	4580
0.388	0.389	0	4580
0.389	0.390	1	4581
0.390	0.391	4	4585
0.391	0.392	4	4589
0.392	0.393	2	4591
0.393	0.394	1	4592
0.394	0.395	3	4595
0.395	0.396	1	4596
0.396	0.397	1	4597
0.397	0.398	3	4600
0.398	0.399	3	4603
0.399	0.400	3	4606
0.400	0.401	2	4608
0.401	0.402	3	4611
0.402	0.403	1	4612
0.403	0.404	3	4615
0.404	0.405	3	4618
0.405	0.406	2	4620
0.406	0.407	1	4621
0.407	0.408	1	4622
0.408	0.409	2	4624
0.409	0.410	2	4626
0.410	0.411	3	4629
0.411	0.412	1	4630
0.412	0.413	3	4633
0.413	0.414	0	4633
0.414	0.415	2	4635
0.415	0.416	1	4636
0.416	0.417	2	4638
0.417	0.418	1	4639
0.418	0.419	2	4641
0.419	0.420	1	4642
0.420	0.421	2	4644
0.421	0.422	1	4645
0.422	0.423	0	4645
0.423	0.424	2	4647
0.424	0.425	1	4648
0.425	0.426	2	4650
0.426	0.427	0	4650
0.427	0.428	1	4651
0.428	0.429	1	4652
0.429	0.430	0	4652
0.430	0.431	0	4652
0.431	0.432	2	4654
0.432	0.433	1	4655
0.433	0.434	3	4658
0.434	0.435	3	4661
0.435	0.436	3	4664
0.436	0.437	1	4665
0.437	0.438	0	4665
0.438	0.439	2	4667
0.439	0.440	4	4671
0.440	0.441	2	4673
0.441	0.442	3	4676
0.442	0.443	1	4677
0.443	0.444	1	4678
0.444	0.445	4	4682
0.445	0.446	2	4684
0.446	0.447	0	4684
0.447	0.448	3	4687
0.448	0.449	0	4687
0.449	0.450	1	4688
0.450	0.451	2	4690
0.451	0.452	1	4691
0.452	0.453	0	4691
0.453	0.454	1	4692
0.454	0.455	3	4695
0.455	0.456	4	4699
0.456	0.457	2	4701
0.457	0.458	0	4701
0.458	0.459	1	4702
0.459	0.460	2	4704
0.460	0.461	2	4706
0.461	0.462	3	4709
0.462	0.463	3	4712
0.463	0.464	1	4713
0.464	0.465	2	4715
0.465	0.466	1	4716
0.466	0.467	3	4719
0.467	0.468	2	4721
0.468	0.469	3	4724
0.469	0.470	1	4725
0.470	0.471	1	4726
0.471	0.472	3	4729
0.472	0.473	3	4732
0.473	0.474	2	4734
0.474	0.475	1	4735
0.475	0.476	1	4736
0.476	0.477	0	4736
0.477	0.478	1	4737
0.478	0.479	1	4738
0.479	0.480	3	4741
0.480	0.481	1	4742
0.481	0.482	1	4743
0.482	0.483	2	4745
0.483	0.484	3	4748
0.484	0.485	0	4748
0.485	0.486	2	4750
0.486	0.487	4	4754
0.487	0.488	2	4756
0.488	0.489	1	4757
0.489	0.490	1	4758
0.490	0.491	2	4760
0.491	0.492	0	4760
0.492	0.493	1	4761
0.493	0.494	1	4762
0.494	0.495	0	4762
0.495	0.496	1	4763
0.496	0.497	0	4763
0.497	0.498	3	4766
0.498	0.499	2	4768
0.499	0.500	1	4769
0.500	0.501	2	4771
0.501	0.502	0	4771
0.502	0.503	0	4771
0.503	0.504	0	4771
0.504	0.505	1	4772
0.505	0.506	2	4774
0.506	0.507	3	4777
0.507	0.508	1	4778
0.508	0.509	1	4779
0.509	0.510	0	4779
0.510	0.511	2	4781
0.511	0.512	0	4781
0.512	0.513	0	4781
0.513	0.514	1	4782
0.514	0.515	1	4783
0.515	0.516	2	4785
0.516	0.517	1	4786
0.517	0.518	0	4786
0.518	0.519	1	4787
0.519	0.520	0	4787
0.520	0.521	1	4788
0.521	0.522	1	4789
0.522	0.523	2	4791
0.523	0.524	2	4793
0.524	0.525	1	4794
0.525	0.526	2	4796
0.526	0.527	2	4798
0.527	0.528	2	4800
0.528	0.529	1	4801
0.529	0.530	0	4801
0.530	0.531	0	4801
0.531	0.532	0	4801
0.532	0.533	0	4801
0.533	0.534	2	4803
0.534	0.535	0	4803
0.535	0.536	4	4807
0.536	0.537	2	4809
0.537	0.538	0	4809
0.538	0.539	0	4809
0.539	0.540	2	4811
0.540	0.541	1	4812
0.541	0.542	0	4812
0.542	0.543	0	4812
0.543	0.544	1	4813
0.544	0.545	0	4813
0.545	0.546	1	4814
0.546	0.547	0	4814
0.547	0.548	0	4814
0.548	0.549	1	4815
0.549	0.550	1	4816
0.550	0.551	1	4817
0.551	0.552	1	4818
0.552	0.553	0	4818
0.553	0.554	0	4818
0.554	0.555	1	4819
0.555	0.556	0	4819
0.556	0.557	0	4819
0.557	0.558	0	4819
0.558	0.559	0	4819
0.559	0.560	2	4821
0.560	0.561	1	4822
0.561	0.562	1	4823
0.562	0.563	1	4824
0.563	0.564	2	4826
0.564	0.565	0	4826
0.565	0.566	1	4827
0.566	0.567	1	4828
0.567	0.568	2	4830
0.568	0.569	0	4830
0.569	0.570	0	4830
0.570	0.571	0	4830
0.571	0.572	0	4830
0.572	0.573	2	4832
0.573	0.574	0	4832
0.574	0.575	1	4833
0.575	0.576	1	4834
0.576	0.577	0	4834
0.577	0.578	2	4836
0.578	0.579	1	4837
0.579	0.580	3	4840
0.580	0.581	0	4840
0.581	0.582	1	4841
0.582	0.583	0	4841
0.583	0.584	1	4842
0.584	0.585	0	4842
0.585	0.586	0	4842
0.586	0.587	0	4842
0.587	0.588	2	4844
0.588	0.589	0	4844
0.589	0.590	0	4844
0.590	0.591	0	4844
0.591	0.592	3	4847
0.592	0.593	2	4849
0.593	0.594	1	4850
0.594	0.595	0	4850
0.595	0.596	1	4851
0.596	0.597	1	4852
0.597	0.598	0	4852
0.598	0.599	1	4853
0.599	0.600	1	4854
0.600	0.601	0	4854
0.601	0.602	1	4855
0.602	0.603	2	4857
0.603	0.604	0	4857
0.604	0.605	0	4857
0.605	0.606	1	4858
0.606	0.607	2	4860
0.607	0.608	0	4860
0.608	0.609	1	4861
0.609	0.610	1	4862
0.610	0.611	0	4862
0.611	0.612	0	4862
0.612	0.613	0	4862
0.613	0.614	0	4862
0.614	0.615	0	4862
0.615	0.616	0	4862
0.616	0.617	0	4862
0.617	0.618	1	4863
0.618	0.619	1	4864
0.619	0.620	2	4866
0.620	0.621	2	4868
0.621	0.622	1	4869
0.622	0.623	1	4870
0.623	0.624	0	4870
0.624	0.625	0	4870
0.625	0.626	0	4870
0.626	0.627	1	4871
0.627	0.628	0	4871
0.628	0.629	1	4872
0.629	0.630	1	4873
0.630	0.631	0	4873
0.631	0.632	2	4875
0.632	0.633	0	4875
0.633	0.634	2	4877
0.634	0.635	0	4877
0.635	0.636	0	4877
0.636	0.637	1	4878
0.637	0.638	1	4879
0.638	0.639	3	4882
0.639	0.640	1	4883
0.640	0.641	0	4883
0.641	0.642	2	4885
0.642	0.643	1	4886
0.643	0.644	0	4886
0.644	0.645	0	4886
0.645	0.646	0	4886
0.646	0.647	1	4887
0.647	0.648	0	4887
0.648	0.649	0	4887
0.649	0.650	1	4888
0.650	0.651	0	4888
0.651	0.652	1	4889
0.652	0.653	0	4889
0.653	0.654	2	4891
0.654	0.655	0	4891
0.655	0.656	1	4892
0.656	0.657	2	4894
0.657	0.658	1	4895
0.658	0.659	1	4896
0.659	0.660	0	4896
0.660	0.661	0	4896
0.661	0.662	1	4897
0.662	0.663	0	4897
0.663	0.664	1	4898
0.664	0.665	1	4899
0.665	0.666	0	4899
0.666	0.667	2	4901
0.667	0.668	0	4901
0.668	0.669	0	4901
0.669	0.670	0	4901
0.670	0.671	2	4903
0.671	0.672	0	4903
0.672	0.673	1	4904
0.673	0.674	1	4905
0.674	0.675	0	4905
0.675	0.676	1	4906
0.676	0.677	0	4906
0.677	0.678	0	4906
0.678	0.679	1	4907
0.679	0.680	1	4908
0.680	0.681	0	4908
0.681	0.682	1	4909
0.682	0.683	1	4910
0.683	0.684	2	4912
0.684	0.685	0	4912
0.685	0.686	1	4913
0.686	0.687	0	4913
0.687	0.688	1	4914
0.688	0.689	0	4914
0.689	0.690	1	4915
0.690	0.691	1	4916
0.691	0.692	0	4916
0.692	0.693	0	4916
0.693	0.694	0	4916
0.694	0.695	0	4916
0.695	0.696	0	4916
0.696	0.697	0	4916
0.697	0.698	0	4916
0.698	0.699	0	4916
0.699	0.700	0	4916
0.700	0.701	1	4917
0.701	0.702	0	4917
0.702	0.703	0	4917
0.703	0.704	0	4917
0.704	0.705	0	4917
0.705	0.706	0	4917
0.706	0.707	0	4917
0.707	0.708	0	4917
0.708	0.709	1	4918
0.709	0.710	0	4918
0.710	0.711	0	4918
0.711	0.712	1	4919
0.712	0.713	0	4919
0.713	0.714	0	4919
0.714	0.715	0	4919
0.715	0.716	0	4919
0.716	0.717	0	4919
0.717	0.718	0	4919
0.718	0.719	0	4919
0.719	0.720	0	4919
0.720	0.721	1	4920
0.721	0.722	0	4920
0.722	0.723	1	4921
0.723	0.724	0	4921
0.724	0.725	0	4921
0.725	0.726	0	4921
0.726	0.727	0	4921
0.727	0.728	0	4921
0.728	0.729	0	4921
0.729	0.730	0	4921
0.730	0.731	0	4921
0.731	0.732	1	4922
0.732	0.733	0	4922
0.733	0.734	0	4922
0.734	0.735	0	4922
0.735	0.736	0	4922
0.736	0.737	0	4922
0.737	0.738	1	4923
0.738	0.739	0	4923
0.739	0.740	0	4923
0.740	0.741	0	4923
0.741	0.742	2	4925
0.742	0.743	0	4925
0.743	0.744	2	4927
0.744	0.745	0	4927
0.745	0.746	0	4927
0.746	0.747	0	4927
0.747	0.748	0	4927
0.748	0.749	0	4927
0.749	0.750	0	4927
0.750	0.751	0	4927
0.751	0.752	2	4929
0.752	0.753	0	4929
0.753	0.754	1	4930
0.754	0.755	0	4930
0.755	0.756	0	4930
0.756	0.757	1	4931
0.757	0.758	0	4931
0.758	0.759	1	4932
0.759	0.760	0	4932
0.760	0.761	0	4932
0.761	0.762	0	4932
0.762	0.763	0	4932
0.763	0.764	0	4932
0.764	0.765	0	4932
0.765	0.766	1	4933
0.766	0.767	0	4933
0.767	0.768	0	4933
0.768	0.769	0	4933
0.769	0.770	2	4935
0.770	0.771	0	4935
0.771	0.772	0	4935
0.772	0.773	0	4935
0.773	0.774	0	4935
0.774	0.775	0	4935
0.775	0.776	0	4935
0.776	0.777	0	4935
0.777	0.778	0	4935
0.778	0.779	1	4936
0.779	0.780	0	4936
0.780	0.781	0	4936
0.781	0.782	0	4936
0.782	0.783	0	4936
0.783	0.784	0	4936
0.784	0.785	0	4936
0.785	0.786	0	4936
0.786	0.787	0	4936
0.787	0.788	0	4936
0.788	0.789	1	4937
0.789	0.790	0	4937
0.790	0.791	0	4937
0.791	0.792	0	4937
0.792	0.793	0	4937
0.793	0.794	0	4937
0.794	0.795	0	4937
0.795	0.796	0	4937
0.796	0.797	0	4937
0.797	0.798	0	4937
0.798	0.799	0	4937
0.799	0.800	0	4937
0.800	0.801	1	4938
0.801	0.802	0	4938
0.802	0.803	0	4938
0.803	0.804	0	4938
0.804	0.805	1	4939
0.805	0.806	2	4941
0.806	0.807	0	4941
0.807	0.808	1	4942
0.808	0.809	1	4943
0.809	0.810	0	4943
0.810	0.811	0	4943
0.811	0.812	0	4943
0.812	0.813	0	4943
0.813	0.814	1	4944
0.814	0.815	0	4944
0.815	0.816	0	4944
0.816	0.817	0	4944
0.817	0.818	1	4945
0.818	0.819	0	4945
0.819	0.820	0	4945
0.820	0.821	0	4945
0.821	0.822	0	4945
0.822	0.823	0	4945
0.823	0.824	0	4945
0.824	0.825	0	4945
0.825	0.826	0	4945
0.826	0.827	0	4945
0.827	0.828	0	4945
0.828	0.829	0	4945
0.829	0.830	0	4945
0.830	0.831	0	4945
0.831	0.832	0	4945
0.832	0.833	0	4945
0.833	0.834	0	4945
0.834	0.835	0	4945
0.835	0.836	0	4945
0.836	0.837	0	4945
0.837	0.838	0	4945
0.838	0.839	1	4946
0.839	0.840	0	4946
0.840	0.841	0	4946
0.841	0.842	0	4946
0.842	0.843	0	4946
0.843	0.844	0	4946
0.844	0.845	0	4946
0.845	0.846	0	4946
0.846	0.847	0	4946
0.847	0.848	0	4946
0.848	0.849	0	4946
0.849	0.850	1	4947
0.850	0.851	0	4947
0.851	0.852	0	4947
0.852	0.853	0	4947
0.853	0.854	0	4947
0.854	0.855	0	4947
0.855	0.856	0	4947
0.856	0.857	0	4947
0.857	0.858	0	4947
0.858	0.859	0	4947
0.859	0.860	0	4947
0.860	0.861	0	4947
0.861	0.862	0	4947
0.862	0.863	0	4947
0.863	0.864	0	4947
0.864	0.865	0	4947
0.865	0.866	0	4947
0.866	0.867	0	4947
0.867	0.868	0	4947
0.868	0.869	0	4947
0.869	0.870	0	4947
0.870	0.871	0	4947
0.871	0.872	0	4947
0.872	0.873	0	4947
0.873	0.874	1	4948
0.874	0.875	0	4948
0.875	0.876	0	4948
0.876	0.877	0	4948
0.877	0.878	0	4948
0.878	0.879	0	4948
0.879	0.880	1	4949
0.880	0.881	0	4949
0.881	0.882	0	4949
0.882	0.883	0	4949
0.883	0.884	0	4949
0.884	0.885	0	4949
0.885	0.886	0	4949
0.886	0.887	0	4949
0.887	0.888	0	4949
0.888	0.889	0	4949
0.889	0.890	0	4949
0.890	0.891	1	4950
0.891	0.892	0	4950
0.892	0.893	0	4950
0.893	0.894	0	4950
0.894	0.895	0	4950
0.895	0.896	0	4950
0.896	0.897	0	4950
0.897	0.898	0	4950
0.898	0.899	0	4950
0.899	0.900	0	4950
0.900	0.901	0	4950
0.901	0.902	0	4950
0.902	0.903	0	4950
0.903	0.904	0	4950
0.904	0.905	0	4950
0.905	0.906	0	4950
0.906	0.907	0	4950
0.907	0.908	0	4950
0.908	0.909	0	4950
0.909	0.910	0	4950
0.910	0.911	0	4950
0.911	0.912	0	4950
0.912	0.913	0	4950
0.913	0.914	0	4950
0.914	0.915	0	4950
0.915	0.916	0	4950
0.916	0.917	0	4950
0.917	0.918	0	4950
0.918	0.919	0	4950
0.919	0.920	0	4950
0.920	0.921	0	4950
0.921	0.922	0	4950
0.922	0.923	0	4950
0.923	0.924	0	4950
0.924	0.925	0	4950
0.925	0.926	0	4950
0.926	0.927	0	4950
0.927	0.928	0	4950
0.928	0.929	0	4950
0.929	0.930	0	4950
0.930	0.931	0	4950
0.931	0.932	0	4950
0.932	0.933	0	4950
0.933	0.934	0	4950
0.934	0.935	0	4950
0.935	0.936	0	4950
0.936	0.937	0	4950
0.937	0.938	0	4950
0.938	0.939	0	4950
0.939	0.940	0	4950
0.940	0.941	0	4950
0.941	0.942	0	4950
0.942	0.943	0	4950
0.943	0.944	0	4950
0.944	0.945	0	4950
0.945	0.946	0	4950
0.946	0.947	0	4950
0.947	0.948	0	4950
0.948	0.949	0	4950
0.949	0.950	0	4950
0.950	0.951	0	4950
0.951	0.952	0	4950
0.952	0.953	0	4950
0.953	0.954	0	4950
0.954	0.955	0	4950
0.955	0.956	0	4950
0.956	0.957	0	4950
0.957	0.958	0	4950
0.958	0.959	0	4950
0.959	0.960	0	4950
0.960	0.961	0	4950
0.961	0.962	0	4950
0.962	0.963	0	4950
0.963	0.964	0	4950
0.964	0.965	0	4950
0.965	0.966	0	4950
0.966	0.967	0	4950
0.967	0.968	0	4950
0.968	0.969	0	4950
0.969	0.970	0	4950
0.970	0.971	0	4950
0.971	0.972	0	4950
0.972	0.973	0	4950
0.973	0.974	0	4950
0.974	0.975	0	4950
0.975	0.976	0	4950
0.976	0.977	0	4950
0.977	0.978	0	4950
0.978	0.979	0	4950
0.979	0.980	0	4950
0.980	0.981	0	4950
0.981	0.982	0	4950
0.982	0.983	0	4950
0.983	0.984	0	4950
0.984	0.985	0	4950
0.985	0.986	0	4950
0.986	0.987	0	4950
0.987	0.988	0	4950
0.988	0.989	0	4950
0.989	0.990	0	4950
0.990	0.991	0	4950
0.991	0.992	0	4950
0.992	0.993	0	4950
0.993	0.994	0	4950
0.994	0.995	0	4950
0.995	0.996	0	4950
0.996	0.997	0	4950
0.997	0.998	0	4950
0.998	0.999	0	4950
0.999	1.000	0	4950
1.000	1.001	0	4950
mean value_group1 = 0.005120
variance_group1 = 0.065437
standard deviation_group1 = 0.255806
skewness_group1 = 0.004331
kurtosis_group1 = 0.013788
lower quartile_group1 = -0.163611
median_value_group1 = -0.007250
upper quartile_group1 = 0.160583
interquartile range_group1 = 0.324194
