lower_interval	upper_interval	frequency	accumulative_frequency
-1.000	-0.999	0	0
-0.999	-0.998	0	0
-0.998	-0.997	0	0
-0.997	-0.996	0	0
-0.996	-0.995	0	0
-0.995	-0.994	0	0
-0.994	-0.993	0	0
-0.993	-0.992	0	0
-0.992	-0.991	0	0
-0.991	-0.990	0	0
-0.990	-0.989	0	0
-0.989	-0.988	0	0
-0.988	-0.987	0	0
-0.987	-0.986	0	0
-0.986	-0.985	0	0
-0.985	-0.984	0	0
-0.984	-0.983	0	0
-0.983	-0.982	0	0
-0.982	-0.981	0	0
-0.981	-0.980	0	0
-0.980	-0.979	0	0
-0.979	-0.978	0	0
-0.978	-0.977	0	0
-0.977	-0.976	0	0
-0.976	-0.975	0	0
-0.975	-0.974	0	0
-0.974	-0.973	0	0
-0.973	-0.972	0	0
-0.972	-0.971	0	0
-0.971	-0.970	0	0
-0.970	-0.969	0	0
-0.969	-0.968	0	0
-0.968	-0.967	0	0
-0.967	-0.966	0	0
-0.966	-0.965	0	0
-0.965	-0.964	0	0
-0.964	-0.963	0	0
-0.963	-0.962	0	0
-0.962	-0.961	0	0
-0.961	-0.960	0	0
-0.960	-0.959	0	0
-0.959	-0.958	0	0
-0.958	-0.957	0	0
-0.957	-0.956	0	0
-0.956	-0.955	0	0
-0.955	-0.954	0	0
-0.954	-0.953	0	0
-0.953	-0.952	0	0
-0.952	-0.951	0	0
-0.951	-0.950	0	0
-0.950	-0.949	0	0
-0.949	-0.948	0	0
-0.948	-0.947	0	0
-0.947	-0.946	0	0
-0.946	-0.945	0	0
-0.945	-0.944	0	0
-0.944	-0.943	0	0
-0.943	-0.942	0	0
-0.942	-0.941	0	0
-0.941	-0.940	0	0
-0.940	-0.939	0	0
-0.939	-0.938	0	0
-0.938	-0.937	0	0
-0.937	-0.936	0	0
-0.936	-0.935	0	0
-0.935	-0.934	0	0
-0.934	-0.933	0	0
-0.933	-0.932	0	0
-0.932	-0.931	0	0
-0.931	-0.930	0	0
-0.930	-0.929	0	0
-0.929	-0.928	0	0
-0.928	-0.927	0	0
-0.927	-0.926	0	0
-0.926	-0.925	0	0
-0.925	-0.924	0	0
-0.924	-0.923	0	0
-0.923	-0.922	0	0
-0.922	-0.921	0	0
-0.921	-0.920	0	0
-0.920	-0.919	0	0
-0.919	-0.918	0	0
-0.918	-0.917	0	0
-0.917	-0.916	0	0
-0.916	-0.915	0	0
-0.915	-0.914	0	0
-0.914	-0.913	0	0
-0.913	-0.912	0	0
-0.912	-0.911	0	0
-0.911	-0.910	0	0
-0.910	-0.909	0	0
-0.909	-0.908	0	0
-0.908	-0.907	0	0
-0.907	-0.906	0	0
-0.906	-0.905	0	0
-0.905	-0.904	0	0
-0.904	-0.903	0	0
-0.903	-0.902	0	0
-0.902	-0.901	0	0
-0.901	-0.900	0	0
-0.900	-0.899	0	0
-0.899	-0.898	0	0
-0.898	-0.897	0	0
-0.897	-0.896	0	0
-0.896	-0.895	0	0
-0.895	-0.894	0	0
-0.894	-0.893	0	0
-0.893	-0.892	0	0
-0.892	-0.891	0	0
-0.891	-0.890	0	0
-0.890	-0.889	0	0
-0.889	-0.888	0	0
-0.888	-0.887	0	0
-0.887	-0.886	0	0
-0.886	-0.885	0	0
-0.885	-0.884	0	0
-0.884	-0.883	0	0
-0.883	-0.882	0	0
-0.882	-0.881	0	0
-0.881	-0.880	0	0
-0.880	-0.879	0	0
-0.879	-0.878	0	0
-0.878	-0.877	0	0
-0.877	-0.876	0	0
-0.876	-0.875	0	0
-0.875	-0.874	0	0
-0.874	-0.873	0	0
-0.873	-0.872	0	0
-0.872	-0.871	0	0
-0.871	-0.870	0	0
-0.870	-0.869	0	0
-0.869	-0.868	0	0
-0.868	-0.867	0	0
-0.867	-0.866	0	0
-0.866	-0.865	0	0
-0.865	-0.864	0	0
-0.864	-0.863	0	0
-0.863	-0.862	0	0
-0.862	-0.861	0	0
-0.861	-0.860	0	0
-0.860	-0.859	0	0
-0.859	-0.858	0	0
-0.858	-0.857	0	0
-0.857	-0.856	0	0
-0.856	-0.855	0	0
-0.855	-0.854	0	0
-0.854	-0.853	0	0
-0.853	-0.852	0	0
-0.852	-0.851	0	0
-0.851	-0.850	0	0
-0.850	-0.849	0	0
-0.849	-0.848	0	0
-0.848	-0.847	0	0
-0.847	-0.846	0	0
-0.846	-0.845	0	0
-0.845	-0.844	0	0
-0.844	-0.843	0	0
-0.843	-0.842	0	0
-0.842	-0.841	0	0
-0.841	-0.840	0	0
-0.840	-0.839	0	0
-0.839	-0.838	0	0
-0.838	-0.837	0	0
-0.837	-0.836	0	0
-0.836	-0.835	0	0
-0.835	-0.834	0	0
-0.834	-0.833	0	0
-0.833	-0.832	0	0
-0.832	-0.831	0	0
-0.831	-0.830	0	0
-0.830	-0.829	0	0
-0.829	-0.828	0	0
-0.828	-0.827	0	0
-0.827	-0.826	0	0
-0.826	-0.825	0	0
-0.825	-0.824	0	0
-0.824	-0.823	0	0
-0.823	-0.822	0	0
-0.822	-0.821	0	0
-0.821	-0.820	0	0
-0.820	-0.819	0	0
-0.819	-0.818	0	0
-0.818	-0.817	0	0
-0.817	-0.816	0	0
-0.816	-0.815	0	0
-0.815	-0.814	0	0
-0.814	-0.813	0	0
-0.813	-0.812	0	0
-0.812	-0.811	0	0
-0.811	-0.810	0	0
-0.810	-0.809	0	0
-0.809	-0.808	0	0
-0.808	-0.807	0	0
-0.807	-0.806	0	0
-0.806	-0.805	0	0
-0.805	-0.804	0	0
-0.804	-0.803	0	0
-0.803	-0.802	0	0
-0.802	-0.801	0	0
-0.801	-0.800	0	0
-0.800	-0.799	0	0
-0.799	-0.798	0	0
-0.798	-0.797	0	0
-0.797	-0.796	0	0
-0.796	-0.795	0	0
-0.795	-0.794	0	0
-0.794	-0.793	0	0
-0.793	-0.792	0	0
-0.792	-0.791	0	0
-0.791	-0.790	0	0
-0.790	-0.789	0	0
-0.789	-0.788	0	0
-0.788	-0.787	0	0
-0.787	-0.786	0	0
-0.786	-0.785	0	0
-0.785	-0.784	0	0
-0.784	-0.783	0	0
-0.783	-0.782	0	0
-0.782	-0.781	0	0
-0.781	-0.780	0	0
-0.780	-0.779	0	0
-0.779	-0.778	0	0
-0.778	-0.777	0	0
-0.777	-0.776	0	0
-0.776	-0.775	0	0
-0.775	-0.774	0	0
-0.774	-0.773	0	0
-0.773	-0.772	0	0
-0.772	-0.771	0	0
-0.771	-0.770	0	0
-0.770	-0.769	0	0
-0.769	-0.768	0	0
-0.768	-0.767	0	0
-0.767	-0.766	0	0
-0.766	-0.765	0	0
-0.765	-0.764	0	0
-0.764	-0.763	0	0
-0.763	-0.762	0	0
-0.762	-0.761	0	0
-0.761	-0.760	0	0
-0.760	-0.759	0	0
-0.759	-0.758	0	0
-0.758	-0.757	0	0
-0.757	-0.756	0	0
-0.756	-0.755	0	0
-0.755	-0.754	0	0
-0.754	-0.753	0	0
-0.753	-0.752	0	0
-0.752	-0.751	0	0
-0.751	-0.750	0	0
-0.750	-0.749	0	0
-0.749	-0.748	0	0
-0.748	-0.747	0	0
-0.747	-0.746	0	0
-0.746	-0.745	0	0
-0.745	-0.744	0	0
-0.744	-0.743	0	0
-0.743	-0.742	0	0
-0.742	-0.741	0	0
-0.741	-0.740	0	0
-0.740	-0.739	0	0
-0.739	-0.738	0	0
-0.738	-0.737	0	0
-0.737	-0.736	0	0
-0.736	-0.735	0	0
-0.735	-0.734	0	0
-0.734	-0.733	0	0
-0.733	-0.732	0	0
-0.732	-0.731	0	0
-0.731	-0.730	0	0
-0.730	-0.729	0	0
-0.729	-0.728	0	0
-0.728	-0.727	0	0
-0.727	-0.726	0	0
-0.726	-0.725	0	0
-0.725	-0.724	0	0
-0.724	-0.723	0	0
-0.723	-0.722	0	0
-0.722	-0.721	0	0
-0.721	-0.720	0	0
-0.720	-0.719	0	0
-0.719	-0.718	0	0
-0.718	-0.717	0	0
-0.717	-0.716	0	0
-0.716	-0.715	0	0
-0.715	-0.714	0	0
-0.714	-0.713	0	0
-0.713	-0.712	0	0
-0.712	-0.711	0	0
-0.711	-0.710	0	0
-0.710	-0.709	0	0
-0.709	-0.708	0	0
-0.708	-0.707	0	0
-0.707	-0.706	0	0
-0.706	-0.705	0	0
-0.705	-0.704	0	0
-0.704	-0.703	0	0
-0.703	-0.702	0	0
-0.702	-0.701	0	0
-0.701	-0.700	0	0
-0.700	-0.699	0	0
-0.699	-0.698	0	0
-0.698	-0.697	0	0
-0.697	-0.696	0	0
-0.696	-0.695	0	0
-0.695	-0.694	0	0
-0.694	-0.693	0	0
-0.693	-0.692	0	0
-0.692	-0.691	0	0
-0.691	-0.690	0	0
-0.690	-0.689	0	0
-0.689	-0.688	0	0
-0.688	-0.687	0	0
-0.687	-0.686	0	0
-0.686	-0.685	0	0
-0.685	-0.684	0	0
-0.684	-0.683	1	1
-0.683	-0.682	0	1
-0.682	-0.681	1	2
-0.681	-0.680	0	2
-0.680	-0.679	0	2
-0.679	-0.678	0	2
-0.678	-0.677	0	2
-0.677	-0.676	0	2
-0.676	-0.675	0	2
-0.675	-0.674	0	2
-0.674	-0.673	0	2
-0.673	-0.672	0	2
-0.672	-0.671	0	2
-0.671	-0.670	0	2
-0.670	-0.669	0	2
-0.669	-0.668	0	2
-0.668	-0.667	0	2
-0.667	-0.666	0	2
-0.666	-0.665	0	2
-0.665	-0.664	0	2
-0.664	-0.663	0	2
-0.663	-0.662	0	2
-0.662	-0.661	0	2
-0.661	-0.660	0	2
-0.660	-0.659	0	2
-0.659	-0.658	0	2
-0.658	-0.657	0	2
-0.657	-0.656	0	2
-0.656	-0.655	0	2
-0.655	-0.654	0	2
-0.654	-0.653	0	2
-0.653	-0.652	0	2
-0.652	-0.651	0	2
-0.651	-0.650	0	2
-0.650	-0.649	0	2
-0.649	-0.648	0	2
-0.648	-0.647	0	2
-0.647	-0.646	0	2
-0.646	-0.645	0	2
-0.645	-0.644	0	2
-0.644	-0.643	0	2
-0.643	-0.642	0	2
-0.642	-0.641	0	2
-0.641	-0.640	0	2
-0.640	-0.639	0	2
-0.639	-0.638	0	2
-0.638	-0.637	0	2
-0.637	-0.636	0	2
-0.636	-0.635	0	2
-0.635	-0.634	0	2
-0.634	-0.633	0	2
-0.633	-0.632	0	2
-0.632	-0.631	0	2
-0.631	-0.630	0	2
-0.630	-0.629	0	2
-0.629	-0.628	0	2
-0.628	-0.627	0	2
-0.627	-0.626	0	2
-0.626	-0.625	0	2
-0.625	-0.624	0	2
-0.624	-0.623	0	2
-0.623	-0.622	0	2
-0.622	-0.621	0	2
-0.621	-0.620	0	2
-0.620	-0.619	0	2
-0.619	-0.618	0	2
-0.618	-0.617	0	2
-0.617	-0.616	0	2
-0.616	-0.615	0	2
-0.615	-0.614	0	2
-0.614	-0.613	0	2
-0.613	-0.612	0	2
-0.612	-0.611	0	2
-0.611	-0.610	0	2
-0.610	-0.609	0	2
-0.609	-0.608	0	2
-0.608	-0.607	0	2
-0.607	-0.606	0	2
-0.606	-0.605	0	2
-0.605	-0.604	0	2
-0.604	-0.603	0	2
-0.603	-0.602	0	2
-0.602	-0.601	0	2
-0.601	-0.600	0	2
-0.600	-0.599	0	2
-0.599	-0.598	0	2
-0.598	-0.597	0	2
-0.597	-0.596	0	2
-0.596	-0.595	0	2
-0.595	-0.594	1	3
-0.594	-0.593	0	3
-0.593	-0.592	0	3
-0.592	-0.591	0	3
-0.591	-0.590	0	3
-0.590	-0.589	0	3
-0.589	-0.588	0	3
-0.588	-0.587	0	3
-0.587	-0.586	0	3
-0.586	-0.585	0	3
-0.585	-0.584	1	4
-0.584	-0.583	0	4
-0.583	-0.582	0	4
-0.582	-0.581	0	4
-0.581	-0.580	0	4
-0.580	-0.579	0	4
-0.579	-0.578	0	4
-0.578	-0.577	0	4
-0.577	-0.576	0	4
-0.576	-0.575	0	4
-0.575	-0.574	0	4
-0.574	-0.573	0	4
-0.573	-0.572	0	4
-0.572	-0.571	0	4
-0.571	-0.570	0	4
-0.570	-0.569	0	4
-0.569	-0.568	0	4
-0.568	-0.567	0	4
-0.567	-0.566	0	4
-0.566	-0.565	0	4
-0.565	-0.564	0	4
-0.564	-0.563	1	5
-0.563	-0.562	1	6
-0.562	-0.561	0	6
-0.561	-0.560	0	6
-0.560	-0.559	0	6
-0.559	-0.558	0	6
-0.558	-0.557	0	6
-0.557	-0.556	0	6
-0.556	-0.555	0	6
-0.555	-0.554	0	6
-0.554	-0.553	0	6
-0.553	-0.552	0	6
-0.552	-0.551	0	6
-0.551	-0.550	0	6
-0.550	-0.549	0	6
-0.549	-0.548	0	6
-0.548	-0.547	1	7
-0.547	-0.546	0	7
-0.546	-0.545	0	7
-0.545	-0.544	0	7
-0.544	-0.543	0	7
-0.543	-0.542	0	7
-0.542	-0.541	0	7
-0.541	-0.540	0	7
-0.540	-0.539	0	7
-0.539	-0.538	0	7
-0.538	-0.537	0	7
-0.537	-0.536	0	7
-0.536	-0.535	0	7
-0.535	-0.534	0	7
-0.534	-0.533	0	7
-0.533	-0.532	0	7
-0.532	-0.531	0	7
-0.531	-0.530	0	7
-0.530	-0.529	0	7
-0.529	-0.528	0	7
-0.528	-0.527	0	7
-0.527	-0.526	0	7
-0.526	-0.525	0	7
-0.525	-0.524	0	7
-0.524	-0.523	0	7
-0.523	-0.522	0	7
-0.522	-0.521	0	7
-0.521	-0.520	0	7
-0.520	-0.519	0	7
-0.519	-0.518	0	7
-0.518	-0.517	0	7
-0.517	-0.516	0	7
-0.516	-0.515	0	7
-0.515	-0.514	0	7
-0.514	-0.513	0	7
-0.513	-0.512	0	7
-0.512	-0.511	0	7
-0.511	-0.510	0	7
-0.510	-0.509	1	8
-0.509	-0.508	0	8
-0.508	-0.507	0	8
-0.507	-0.506	0	8
-0.506	-0.505	1	9
-0.505	-0.504	0	9
-0.504	-0.503	0	9
-0.503	-0.502	0	9
-0.502	-0.501	0	9
-0.501	-0.500	0	9
-0.500	-0.499	1	10
-0.499	-0.498	0	10
-0.498	-0.497	0	10
-0.497	-0.496	0	10
-0.496	-0.495	0	10
-0.495	-0.494	1	11
-0.494	-0.493	0	11
-0.493	-0.492	2	13
-0.492	-0.491	1	14
-0.491	-0.490	0	14
-0.490	-0.489	0	14
-0.489	-0.488	0	14
-0.488	-0.487	1	15
-0.487	-0.486	0	15
-0.486	-0.485	0	15
-0.485	-0.484	2	17
-0.484	-0.483	0	17
-0.483	-0.482	0	17
-0.482	-0.481	0	17
-0.481	-0.480	1	18
-0.480	-0.479	0	18
-0.479	-0.478	0	18
-0.478	-0.477	0	18
-0.477	-0.476	1	19
-0.476	-0.475	0	19
-0.475	-0.474	1	20
-0.474	-0.473	1	21
-0.473	-0.472	1	22
-0.472	-0.471	0	22
-0.471	-0.470	0	22
-0.470	-0.469	0	22
-0.469	-0.468	1	23
-0.468	-0.467	2	25
-0.467	-0.466	2	27
-0.466	-0.465	0	27
-0.465	-0.464	1	28
-0.464	-0.463	0	28
-0.463	-0.462	1	29
-0.462	-0.461	0	29
-0.461	-0.460	2	31
-0.460	-0.459	0	31
-0.459	-0.458	1	32
-0.458	-0.457	0	32
-0.457	-0.456	0	32
-0.456	-0.455	1	33
-0.455	-0.454	1	34
-0.454	-0.453	0	34
-0.453	-0.452	0	34
-0.452	-0.451	1	35
-0.451	-0.450	0	35
-0.450	-0.449	0	35
-0.449	-0.448	1	36
-0.448	-0.447	0	36
-0.447	-0.446	3	39
-0.446	-0.445	0	39
-0.445	-0.444	0	39
-0.444	-0.443	0	39
-0.443	-0.442	1	40
-0.442	-0.441	2	42
-0.441	-0.440	0	42
-0.440	-0.439	1	43
-0.439	-0.438	0	43
-0.438	-0.437	0	43
-0.437	-0.436	1	44
-0.436	-0.435	0	44
-0.435	-0.434	1	45
-0.434	-0.433	1	46
-0.433	-0.432	0	46
-0.432	-0.431	0	46
-0.431	-0.430	1	47
-0.430	-0.429	2	49
-0.429	-0.428	1	50
-0.428	-0.427	0	50
-0.427	-0.426	4	54
-0.426	-0.425	1	55
-0.425	-0.424	0	55
-0.424	-0.423	0	55
-0.423	-0.422	0	55
-0.422	-0.421	1	56
-0.421	-0.420	0	56
-0.420	-0.419	1	57
-0.419	-0.418	2	59
-0.418	-0.417	2	61
-0.417	-0.416	1	62
-0.416	-0.415	1	63
-0.415	-0.414	2	65
-0.414	-0.413	0	65
-0.413	-0.412	1	66
-0.412	-0.411	0	66
-0.411	-0.410	0	66
-0.410	-0.409	1	67
-0.409	-0.408	1	68
-0.408	-0.407	0	68
-0.407	-0.406	0	68
-0.406	-0.405	3	71
-0.405	-0.404	1	72
-0.404	-0.403	1	73
-0.403	-0.402	0	73
-0.402	-0.401	3	76
-0.401	-0.400	1	77
-0.400	-0.399	0	77
-0.399	-0.398	0	77
-0.398	-0.397	1	78
-0.397	-0.396	0	78
-0.396	-0.395	1	79
-0.395	-0.394	2	81
-0.394	-0.393	0	81
-0.393	-0.392	1	82
-0.392	-0.391	1	83
-0.391	-0.390	2	85
-0.390	-0.389	1	86
-0.389	-0.388	1	87
-0.388	-0.387	0	87
-0.387	-0.386	0	87
-0.386	-0.385	0	87
-0.385	-0.384	1	88
-0.384	-0.383	3	91
-0.383	-0.382	1	92
-0.382	-0.381	3	95
-0.381	-0.380	0	95
-0.380	-0.379	1	96
-0.379	-0.378	1	97
-0.378	-0.377	3	100
-0.377	-0.376	2	102
-0.376	-0.375	2	104
-0.375	-0.374	0	104
-0.374	-0.373	2	106
-0.373	-0.372	3	109
-0.372	-0.371	1	110
-0.371	-0.370	2	112
-0.370	-0.369	1	113
-0.369	-0.368	1	114
-0.368	-0.367	2	116
-0.367	-0.366	0	116
-0.366	-0.365	1	117
-0.365	-0.364	1	118
-0.364	-0.363	1	119
-0.363	-0.362	2	121
-0.362	-0.361	1	122
-0.361	-0.360	1	123
-0.360	-0.359	2	125
-0.359	-0.358	2	127
-0.358	-0.357	3	130
-0.357	-0.356	3	133
-0.356	-0.355	1	134
-0.355	-0.354	2	136
-0.354	-0.353	1	137
-0.353	-0.352	0	137
-0.352	-0.351	2	139
-0.351	-0.350	2	141
-0.350	-0.349	1	142
-0.349	-0.348	1	143
-0.348	-0.347	4	147
-0.347	-0.346	3	150
-0.346	-0.345	2	152
-0.345	-0.344	1	153
-0.344	-0.343	2	155
-0.343	-0.342	4	159
-0.342	-0.341	1	160
-0.341	-0.340	1	161
-0.340	-0.339	1	162
-0.339	-0.338	0	162
-0.338	-0.337	1	163
-0.337	-0.336	1	164
-0.336	-0.335	2	166
-0.335	-0.334	2	168
-0.334	-0.333	3	171
-0.333	-0.332	3	174
-0.332	-0.331	3	177
-0.331	-0.330	0	177
-0.330	-0.329	1	178
-0.329	-0.328	2	180
-0.328	-0.327	2	182
-0.327	-0.326	4	186
-0.326	-0.325	3	189
-0.325	-0.324	3	192
-0.324	-0.323	2	194
-0.323	-0.322	3	197
-0.322	-0.321	2	199
-0.321	-0.320	0	199
-0.320	-0.319	1	200
-0.319	-0.318	5	205
-0.318	-0.317	3	208
-0.317	-0.316	1	209
-0.316	-0.315	1	210
-0.315	-0.314	2	212
-0.314	-0.313	3	215
-0.313	-0.312	5	220
-0.312	-0.311	2	222
-0.311	-0.310	2	224
-0.310	-0.309	1	225
-0.309	-0.308	7	232
-0.308	-0.307	3	235
-0.307	-0.306	4	239
-0.306	-0.305	1	240
-0.305	-0.304	2	242
-0.304	-0.303	2	244
-0.303	-0.302	4	248
-0.302	-0.301	3	251
-0.301	-0.300	3	254
-0.300	-0.299	6	260
-0.299	-0.298	4	264
-0.298	-0.297	1	265
-0.297	-0.296	4	269
-0.296	-0.295	2	271
-0.295	-0.294	1	272
-0.294	-0.293	1	273
-0.293	-0.292	1	274
-0.292	-0.291	2	276
-0.291	-0.290	2	278
-0.290	-0.289	2	280
-0.289	-0.288	3	283
-0.288	-0.287	3	286
-0.287	-0.286	1	287
-0.286	-0.285	5	292
-0.285	-0.284	0	292
-0.284	-0.283	4	296
-0.283	-0.282	3	299
-0.282	-0.281	1	300
-0.281	-0.280	1	301
-0.280	-0.279	0	301
-0.279	-0.278	2	303
-0.278	-0.277	6	309
-0.277	-0.276	5	314
-0.276	-0.275	4	318
-0.275	-0.274	7	325
-0.274	-0.273	5	330
-0.273	-0.272	3	333
-0.272	-0.271	3	336
-0.271	-0.270	7	343
-0.270	-0.269	5	348
-0.269	-0.268	3	351
-0.268	-0.267	2	353
-0.267	-0.266	11	364
-0.266	-0.265	1	365
-0.265	-0.264	1	366
-0.264	-0.263	3	369
-0.263	-0.262	6	375
-0.262	-0.261	7	382
-0.261	-0.260	2	384
-0.260	-0.259	5	389
-0.259	-0.258	3	392
-0.258	-0.257	2	394
-0.257	-0.256	1	395
-0.256	-0.255	3	398
-0.255	-0.254	3	401
-0.254	-0.253	5	406
-0.253	-0.252	4	410
-0.252	-0.251	1	411
-0.251	-0.250	6	417
-0.250	-0.249	3	420
-0.249	-0.248	3	423
-0.248	-0.247	4	427
-0.247	-0.246	5	432
-0.246	-0.245	2	434
-0.245	-0.244	3	437
-0.244	-0.243	1	438
-0.243	-0.242	4	442
-0.242	-0.241	2	444
-0.241	-0.240	7	451
-0.240	-0.239	4	455
-0.239	-0.238	2	457
-0.238	-0.237	2	459
-0.237	-0.236	4	463
-0.236	-0.235	6	469
-0.235	-0.234	2	471
-0.234	-0.233	3	474
-0.233	-0.232	5	479
-0.232	-0.231	1	480
-0.231	-0.230	3	483
-0.230	-0.229	3	486
-0.229	-0.228	4	490
-0.228	-0.227	4	494
-0.227	-0.226	7	501
-0.226	-0.225	6	507
-0.225	-0.224	4	511
-0.224	-0.223	5	516
-0.223	-0.222	5	521
-0.222	-0.221	4	525
-0.221	-0.220	3	528
-0.220	-0.219	4	532
-0.219	-0.218	8	540
-0.218	-0.217	6	546
-0.217	-0.216	5	551
-0.216	-0.215	3	554
-0.215	-0.214	2	556
-0.214	-0.213	4	560
-0.213	-0.212	6	566
-0.212	-0.211	3	569
-0.211	-0.210	8	577
-0.210	-0.209	2	579
-0.209	-0.208	4	583
-0.208	-0.207	4	587
-0.207	-0.206	4	591
-0.206	-0.205	4	595
-0.205	-0.204	3	598
-0.204	-0.203	3	601
-0.203	-0.202	0	601
-0.202	-0.201	3	604
-0.201	-0.200	7	611
-0.200	-0.199	4	615
-0.199	-0.198	1	616
-0.198	-0.197	4	620
-0.197	-0.196	4	624
-0.196	-0.195	4	628
-0.195	-0.194	3	631
-0.194	-0.193	1	632
-0.193	-0.192	5	637
-0.192	-0.191	4	641
-0.191	-0.190	8	649
-0.190	-0.189	8	657
-0.189	-0.188	4	661
-0.188	-0.187	1	662
-0.187	-0.186	4	666
-0.186	-0.185	3	669
-0.185	-0.184	6	675
-0.184	-0.183	1	676
-0.183	-0.182	2	678
-0.182	-0.181	7	685
-0.181	-0.180	2	687
-0.180	-0.179	7	694
-0.179	-0.178	6	700
-0.178	-0.177	2	702
-0.177	-0.176	0	702
-0.176	-0.175	4	706
-0.175	-0.174	4	710
-0.174	-0.173	7	717
-0.173	-0.172	2	719
-0.172	-0.171	4	723
-0.171	-0.170	4	727
-0.170	-0.169	7	734
-0.169	-0.168	3	737
-0.168	-0.167	2	739
-0.167	-0.166	4	743
-0.166	-0.165	2	745
-0.165	-0.164	2	747
-0.164	-0.163	4	751
-0.163	-0.162	3	754
-0.162	-0.161	4	758
-0.161	-0.160	6	764
-0.160	-0.159	4	768
-0.159	-0.158	5	773
-0.158	-0.157	1	774
-0.157	-0.156	4	778
-0.156	-0.155	3	781
-0.155	-0.154	4	785
-0.154	-0.153	2	787
-0.153	-0.152	4	791
-0.152	-0.151	4	795
-0.151	-0.150	3	798
-0.150	-0.149	3	801
-0.149	-0.148	7	808
-0.148	-0.147	4	812
-0.147	-0.146	4	816
-0.146	-0.145	4	820
-0.145	-0.144	4	824
-0.144	-0.143	5	829
-0.143	-0.142	5	834
-0.142	-0.141	2	836
-0.141	-0.140	1	837
-0.140	-0.139	3	840
-0.139	-0.138	6	846
-0.138	-0.137	4	850
-0.137	-0.136	4	854
-0.136	-0.135	6	860
-0.135	-0.134	7	867
-0.134	-0.133	4	871
-0.133	-0.132	3	874
-0.132	-0.131	3	877
-0.131	-0.130	2	879
-0.130	-0.129	4	883
-0.129	-0.128	5	888
-0.128	-0.127	2	890
-0.127	-0.126	3	893
-0.126	-0.125	2	895
-0.125	-0.124	1	896
-0.124	-0.123	4	900
-0.123	-0.122	2	902
-0.122	-0.121	5	907
-0.121	-0.120	4	911
-0.120	-0.119	7	918
-0.119	-0.118	8	926
-0.118	-0.117	5	931
-0.117	-0.116	7	938
-0.116	-0.115	6	944
-0.115	-0.114	5	949
-0.114	-0.113	1	950
-0.113	-0.112	8	958
-0.112	-0.111	7	965
-0.111	-0.110	9	974
-0.110	-0.109	5	979
-0.109	-0.108	7	986
-0.108	-0.107	5	991
-0.107	-0.106	4	995
-0.106	-0.105	4	999
-0.105	-0.104	5	1004
-0.104	-0.103	10	1014
-0.103	-0.102	6	1020
-0.102	-0.101	3	1023
-0.101	-0.100	6	1029
-0.100	-0.099	6	1035
-0.099	-0.098	3	1038
-0.098	-0.097	2	1040
-0.097	-0.096	4	1044
-0.096	-0.095	5	1049
-0.095	-0.094	6	1055
-0.094	-0.093	7	1062
-0.093	-0.092	6	1068
-0.092	-0.091	7	1075
-0.091	-0.090	6	1081
-0.090	-0.089	6	1087
-0.089	-0.088	3	1090
-0.088	-0.087	5	1095
-0.087	-0.086	7	1102
-0.086	-0.085	4	1106
-0.085	-0.084	4	1110
-0.084	-0.083	5	1115
-0.083	-0.082	5	1120
-0.082	-0.081	3	1123
-0.081	-0.080	2	1125
-0.080	-0.079	4	1129
-0.079	-0.078	1	1130
-0.078	-0.077	3	1133
-0.077	-0.076	6	1139
-0.076	-0.075	6	1145
-0.075	-0.074	6	1151
-0.074	-0.073	4	1155
-0.073	-0.072	5	1160
-0.072	-0.071	3	1163
-0.071	-0.070	5	1168
-0.070	-0.069	4	1172
-0.069	-0.068	3	1175
-0.068	-0.067	2	1177
-0.067	-0.066	8	1185
-0.066	-0.065	5	1190
-0.065	-0.064	4	1194
-0.064	-0.063	5	1199
-0.063	-0.062	4	1203
-0.062	-0.061	6	1209
-0.061	-0.060	6	1215
-0.060	-0.059	4	1219
-0.059	-0.058	5	1224
-0.058	-0.057	4	1228
-0.057	-0.056	5	1233
-0.056	-0.055	3	1236
-0.055	-0.054	5	1241
-0.054	-0.053	8	1249
-0.053	-0.052	11	1260
-0.052	-0.051	2	1262
-0.051	-0.050	4	1266
-0.050	-0.049	2	1268
-0.049	-0.048	5	1273
-0.048	-0.047	4	1277
-0.047	-0.046	6	1283
-0.046	-0.045	8	1291
-0.045	-0.044	3	1294
-0.044	-0.043	2	1296
-0.043	-0.042	4	1300
-0.042	-0.041	5	1305
-0.041	-0.040	10	1315
-0.040	-0.039	8	1323
-0.039	-0.038	2	1325
-0.038	-0.037	1	1326
-0.037	-0.036	8	1334
-0.036	-0.035	5	1339
-0.035	-0.034	7	1346
-0.034	-0.033	4	1350
-0.033	-0.032	5	1355
-0.032	-0.031	11	1366
-0.031	-0.030	6	1372
-0.030	-0.029	2	1374
-0.029	-0.028	7	1381
-0.028	-0.027	2	1383
-0.027	-0.026	3	1386
-0.026	-0.025	4	1390
-0.025	-0.024	6	1396
-0.024	-0.023	5	1401
-0.023	-0.022	5	1406
-0.022	-0.021	1	1407
-0.021	-0.020	6	1413
-0.020	-0.019	6	1419
-0.019	-0.018	2	1421
-0.018	-0.017	6	1427
-0.017	-0.016	5	1432
-0.016	-0.015	7	1439
-0.015	-0.014	4	1443
-0.014	-0.013	4	1447
-0.013	-0.012	4	1451
-0.012	-0.011	8	1459
-0.011	-0.010	4	1463
-0.010	-0.009	2	1465
-0.009	-0.008	3	1468
-0.008	-0.007	6	1474
-0.007	-0.006	1	1475
-0.006	-0.005	2	1477
-0.005	-0.004	2	1479
-0.004	-0.003	9	1488
-0.003	-0.002	7	1495
-0.002	-0.001	5	1500
-0.001	-0.000	5	1505
0.000	0.001	11	1516
0.001	0.002	4	1520
0.002	0.003	6	1526
0.003	0.004	7	1533
0.004	0.005	6	1539
0.005	0.006	11	1550
0.006	0.007	7	1557
0.007	0.008	2	1559
0.008	0.009	5	1564
0.009	0.010	5	1569
0.010	0.011	6	1575
0.011	0.012	4	1579
0.012	0.013	6	1585
0.013	0.014	1	1586
0.014	0.015	7	1593
0.015	0.016	3	1596
0.016	0.017	10	1606
0.017	0.018	5	1611
0.018	0.019	3	1614
0.019	0.020	6	1620
0.020	0.021	2	1622
0.021	0.022	8	1630
0.022	0.023	2	1632
0.023	0.024	5	1637
0.024	0.025	6	1643
0.025	0.026	5	1648
0.026	0.027	5	1653
0.027	0.028	6	1659
0.028	0.029	6	1665
0.029	0.030	4	1669
0.030	0.031	6	1675
0.031	0.032	8	1683
0.032	0.033	4	1687
0.033	0.034	7	1694
0.034	0.035	5	1699
0.035	0.036	4	1703
0.036	0.037	7	1710
0.037	0.038	2	1712
0.038	0.039	3	1715
0.039	0.040	2	1717
0.040	0.041	0	1717
0.041	0.042	2	1719
0.042	0.043	3	1722
0.043	0.044	5	1727
0.044	0.045	4	1731
0.045	0.046	5	1736
0.046	0.047	6	1742
0.047	0.048	5	1747
0.048	0.049	3	1750
0.049	0.050	6	1756
0.050	0.051	6	1762
0.051	0.052	4	1766
0.052	0.053	1	1767
0.053	0.054	6	1773
0.054	0.055	7	1780
0.055	0.056	5	1785
0.056	0.057	4	1789
0.057	0.058	4	1793
0.058	0.059	7	1800
0.059	0.060	4	1804
0.060	0.061	5	1809
0.061	0.062	6	1815
0.062	0.063	6	1821
0.063	0.064	5	1826
0.064	0.065	4	1830
0.065	0.066	4	1834
0.066	0.067	3	1837
0.067	0.068	4	1841
0.068	0.069	3	1844
0.069	0.070	2	1846
0.070	0.071	4	1850
0.071	0.072	3	1853
0.072	0.073	9	1862
0.073	0.074	8	1870
0.074	0.075	10	1880
0.075	0.076	6	1886
0.076	0.077	11	1897
0.077	0.078	7	1904
0.078	0.079	9	1913
0.079	0.080	7	1920
0.080	0.081	5	1925
0.081	0.082	1	1926
0.082	0.083	7	1933
0.083	0.084	6	1939
0.084	0.085	6	1945
0.085	0.086	5	1950
0.086	0.087	7	1957
0.087	0.088	4	1961
0.088	0.089	6	1967
0.089	0.090	4	1971
0.090	0.091	5	1976
0.091	0.092	4	1980
0.092	0.093	5	1985
0.093	0.094	8	1993
0.094	0.095	1	1994
0.095	0.096	5	1999
0.096	0.097	4	2003
0.097	0.098	7	2010
0.098	0.099	2	2012
0.099	0.100	4	2016
0.100	0.101	9	2025
0.101	0.102	4	2029
0.102	0.103	8	2037
0.103	0.104	5	2042
0.104	0.105	7	2049
0.105	0.106	3	2052
0.106	0.107	4	2056
0.107	0.108	2	2058
0.108	0.109	5	2063
0.109	0.110	3	2066
0.110	0.111	4	2070
0.111	0.112	3	2073
0.112	0.113	3	2076
0.113	0.114	3	2079
0.114	0.115	5	2084
0.115	0.116	7	2091
0.116	0.117	9	2100
0.117	0.118	2	2102
0.118	0.119	4	2106
0.119	0.120	8	2114
0.120	0.121	7	2121
0.121	0.122	8	2129
0.122	0.123	7	2136
0.123	0.124	3	2139
0.124	0.125	3	2142
0.125	0.126	9	2151
0.126	0.127	10	2161
0.127	0.128	5	2166
0.128	0.129	6	2172
0.129	0.130	7	2179
0.130	0.131	6	2185
0.131	0.132	6	2191
0.132	0.133	7	2198
0.133	0.134	2	2200
0.134	0.135	5	2205
0.135	0.136	9	2214
0.136	0.137	6	2220
0.137	0.138	5	2225
0.138	0.139	6	2231
0.139	0.140	8	2239
0.140	0.141	6	2245
0.141	0.142	4	2249
0.142	0.143	6	2255
0.143	0.144	4	2259
0.144	0.145	8	2267
0.145	0.146	9	2276
0.146	0.147	5	2281
0.147	0.148	4	2285
0.148	0.149	3	2288
0.149	0.150	3	2291
0.150	0.151	5	2296
0.151	0.152	7	2303
0.152	0.153	2	2305
0.153	0.154	4	2309
0.154	0.155	6	2315
0.155	0.156	5	2320
0.156	0.157	1	2321
0.157	0.158	4	2325
0.158	0.159	5	2330
0.159	0.160	5	2335
0.160	0.161	9	2344
0.161	0.162	6	2350
0.162	0.163	10	2360
0.163	0.164	2	2362
0.164	0.165	6	2368
0.165	0.166	4	2372
0.166	0.167	4	2376
0.167	0.168	4	2380
0.168	0.169	7	2387
0.169	0.170	9	2396
0.170	0.171	4	2400
0.171	0.172	6	2406
0.172	0.173	4	2410
0.173	0.174	7	2417
0.174	0.175	7	2424
0.175	0.176	5	2429
0.176	0.177	5	2434
0.177	0.178	7	2441
0.178	0.179	9	2450
0.179	0.180	6	2456
0.180	0.181	2	2458
0.181	0.182	4	2462
0.182	0.183	5	2467
0.183	0.184	3	2470
0.184	0.185	4	2474
0.185	0.186	4	2478
0.186	0.187	5	2483
0.187	0.188	4	2487
0.188	0.189	4	2491
0.189	0.190	2	2493
0.190	0.191	5	2498
0.191	0.192	3	2501
0.192	0.193	4	2505
0.193	0.194	6	2511
0.194	0.195	5	2516
0.195	0.196	2	2518
0.196	0.197	9	2527
0.197	0.198	2	2529
0.198	0.199	1	2530
0.199	0.200	0	2530
0.200	0.201	7	2537
0.201	0.202	2	2539
0.202	0.203	1	2540
0.203	0.204	2	2542
0.204	0.205	4	2546
0.205	0.206	3	2549
0.206	0.207	3	2552
0.207	0.208	8	2560
0.208	0.209	5	2565
0.209	0.210	3	2568
0.210	0.211	4	2572
0.211	0.212	5	2577
0.212	0.213	5	2582
0.213	0.214	2	2584
0.214	0.215	2	2586
0.215	0.216	4	2590
0.216	0.217	2	2592
0.217	0.218	3	2595
0.218	0.219	5	2600
0.219	0.220	4	2604
0.220	0.221	6	2610
0.221	0.222	3	2613
0.222	0.223	3	2616
0.223	0.224	7	2623
0.224	0.225	2	2625
0.225	0.226	3	2628
0.226	0.227	2	2630
0.227	0.228	4	2634
0.228	0.229	4	2638
0.229	0.230	2	2640
0.230	0.231	3	2643
0.231	0.232	3	2646
0.232	0.233	4	2650
0.233	0.234	4	2654
0.234	0.235	2	2656
0.235	0.236	4	2660
0.236	0.237	3	2663
0.237	0.238	7	2670
0.238	0.239	2	2672
0.239	0.240	6	2678
0.240	0.241	3	2681
0.241	0.242	5	2686
0.242	0.243	5	2691
0.243	0.244	5	2696
0.244	0.245	2	2698
0.245	0.246	5	2703
0.246	0.247	4	2707
0.247	0.248	3	2710
0.248	0.249	3	2713
0.249	0.250	2	2715
0.250	0.251	4	2719
0.251	0.252	4	2723
0.252	0.253	3	2726
0.253	0.254	4	2730
0.254	0.255	5	2735
0.255	0.256	6	2741
0.256	0.257	6	2747
0.257	0.258	3	2750
0.258	0.259	3	2753
0.259	0.260	5	2758
0.260	0.261	4	2762
0.261	0.262	5	2767
0.262	0.263	6	2773
0.263	0.264	4	2777
0.264	0.265	4	2781
0.265	0.266	3	2784
0.266	0.267	2	2786
0.267	0.268	0	2786
0.268	0.269	4	2790
0.269	0.270	5	2795
0.270	0.271	5	2800
0.271	0.272	1	2801
0.272	0.273	5	2806
0.273	0.274	5	2811
0.274	0.275	5	2816
0.275	0.276	3	2819
0.276	0.277	2	2821
0.277	0.278	4	2825
0.278	0.279	2	2827
0.279	0.280	3	2830
0.280	0.281	3	2833
0.281	0.282	3	2836
0.282	0.283	3	2839
0.283	0.284	8	2847
0.284	0.285	3	2850
0.285	0.286	1	2851
0.286	0.287	5	2856
0.287	0.288	6	2862
0.288	0.289	5	2867
0.289	0.290	6	2873
0.290	0.291	2	2875
0.291	0.292	3	2878
0.292	0.293	4	2882
0.293	0.294	5	2887
0.294	0.295	4	2891
0.295	0.296	5	2896
0.296	0.297	2	2898
0.297	0.298	5	2903
0.298	0.299	1	2904
0.299	0.300	2	2906
0.300	0.301	5	2911
0.301	0.302	2	2913
0.302	0.303	4	2917
0.303	0.304	4	2921
0.304	0.305	4	2925
0.305	0.306	5	2930
0.306	0.307	3	2933
0.307	0.308	3	2936
0.308	0.309	2	2938
0.309	0.310	4	2942
0.310	0.311	4	2946
0.311	0.312	3	2949
0.312	0.313	3	2952
0.313	0.314	0	2952
0.314	0.315	2	2954
0.315	0.316	3	2957
0.316	0.317	7	2964
0.317	0.318	5	2969
0.318	0.319	7	2976
0.319	0.320	0	2976
0.320	0.321	4	2980
0.321	0.322	3	2983
0.322	0.323	1	2984
0.323	0.324	5	2989
0.324	0.325	2	2991
0.325	0.326	6	2997
0.326	0.327	2	2999
0.327	0.328	2	3001
0.328	0.329	2	3003
0.329	0.330	4	3007
0.330	0.331	2	3009
0.331	0.332	3	3012
0.332	0.333	5	3017
0.333	0.334	6	3023
0.334	0.335	5	3028
0.335	0.336	4	3032
0.336	0.337	3	3035
0.337	0.338	1	3036
0.338	0.339	2	3038
0.339	0.340	1	3039
0.340	0.341	6	3045
0.341	0.342	3	3048
0.342	0.343	4	3052
0.343	0.344	5	3057
0.344	0.345	4	3061
0.345	0.346	2	3063
0.346	0.347	2	3065
0.347	0.348	3	3068
0.348	0.349	4	3072
0.349	0.350	3	3075
0.350	0.351	3	3078
0.351	0.352	2	3080
0.352	0.353	4	3084
0.353	0.354	3	3087
0.354	0.355	2	3089
0.355	0.356	0	3089
0.356	0.357	3	3092
0.357	0.358	3	3095
0.358	0.359	4	3099
0.359	0.360	1	3100
0.360	0.361	3	3103
0.361	0.362	3	3106
0.362	0.363	3	3109
0.363	0.364	4	3113
0.364	0.365	4	3117
0.365	0.366	2	3119
0.366	0.367	6	3125
0.367	0.368	2	3127
0.368	0.369	3	3130
0.369	0.370	5	3135
0.370	0.371	3	3138
0.371	0.372	5	3143
0.372	0.373	5	3148
0.373	0.374	3	3151
0.374	0.375	1	3152
0.375	0.376	7	3159
0.376	0.377	2	3161
0.377	0.378	5	3166
0.378	0.379	2	3168
0.379	0.380	2	3170
0.380	0.381	4	3174
0.381	0.382	6	3180
0.382	0.383	3	3183
0.383	0.384	0	3183
0.384	0.385	4	3187
0.385	0.386	1	3188
0.386	0.387	5	3193
0.387	0.388	3	3196
0.388	0.389	5	3201
0.389	0.390	3	3204
0.390	0.391	3	3207
0.391	0.392	7	3214
0.392	0.393	6	3220
0.393	0.394	5	3225
0.394	0.395	2	3227
0.395	0.396	2	3229
0.396	0.397	4	3233
0.397	0.398	2	3235
0.398	0.399	2	3237
0.399	0.400	2	3239
0.400	0.401	3	3242
0.401	0.402	4	3246
0.402	0.403	7	3253
0.403	0.404	3	3256
0.404	0.405	1	3257
0.405	0.406	3	3260
0.406	0.407	6	3266
0.407	0.408	3	3269
0.408	0.409	2	3271
0.409	0.410	8	3279
0.410	0.411	2	3281
0.411	0.412	3	3284
0.412	0.413	6	3290
0.413	0.414	3	3293
0.414	0.415	3	3296
0.415	0.416	4	3300
0.416	0.417	0	3300
0.417	0.418	3	3303
0.418	0.419	6	3309
0.419	0.420	4	3313
0.420	0.421	3	3316
0.421	0.422	7	3323
0.422	0.423	4	3327
0.423	0.424	3	3330
0.424	0.425	1	3331
0.425	0.426	6	3337
0.426	0.427	2	3339
0.427	0.428	3	3342
0.428	0.429	6	3348
0.429	0.430	2	3350
0.430	0.431	5	3355
0.431	0.432	0	3355
0.432	0.433	3	3358
0.433	0.434	2	3360
0.434	0.435	3	3363
0.435	0.436	1	3364
0.436	0.437	0	3364
0.437	0.438	2	3366
0.438	0.439	3	3369
0.439	0.440	4	3373
0.440	0.441	5	3378
0.441	0.442	4	3382
0.442	0.443	1	3383
0.443	0.444	4	3387
0.444	0.445	3	3390
0.445	0.446	2	3392
0.446	0.447	2	3394
0.447	0.448	4	3398
0.448	0.449	4	3402
0.449	0.450	3	3405
0.450	0.451	4	3409
0.451	0.452	3	3412
0.452	0.453	7	3419
0.453	0.454	3	3422
0.454	0.455	1	3423
0.455	0.456	3	3426
0.456	0.457	3	3429
0.457	0.458	4	3433
0.458	0.459	7	3440
0.459	0.460	3	3443
0.460	0.461	4	3447
0.461	0.462	1	3448
0.462	0.463	3	3451
0.463	0.464	3	3454
0.464	0.465	1	3455
0.465	0.466	3	3458
0.466	0.467	3	3461
0.467	0.468	4	3465
0.468	0.469	0	3465
0.469	0.470	7	3472
0.470	0.471	3	3475
0.471	0.472	5	3480
0.472	0.473	4	3484
0.473	0.474	1	3485
0.474	0.475	1	3486
0.475	0.476	6	3492
0.476	0.477	2	3494
0.477	0.478	4	3498
0.478	0.479	0	3498
0.479	0.480	1	3499
0.480	0.481	3	3502
0.481	0.482	5	3507
0.482	0.483	2	3509
0.483	0.484	2	3511
0.484	0.485	2	3513
0.485	0.486	1	3514
0.486	0.487	4	3518
0.487	0.488	3	3521
0.488	0.489	3	3524
0.489	0.490	4	3528
0.490	0.491	5	3533
0.491	0.492	1	3534
0.492	0.493	3	3537
0.493	0.494	2	3539
0.494	0.495	1	3540
0.495	0.496	5	3545
0.496	0.497	1	3546
0.497	0.498	2	3548
0.498	0.499	4	3552
0.499	0.500	6	3558
0.500	0.501	1	3559
0.501	0.502	3	3562
0.502	0.503	0	3562
0.503	0.504	0	3562
0.504	0.505	5	3567
0.505	0.506	0	3567
0.506	0.507	2	3569
0.507	0.508	1	3570
0.508	0.509	3	3573
0.509	0.510	5	3578
0.510	0.511	3	3581
0.511	0.512	0	3581
0.512	0.513	3	3584
0.513	0.514	6	3590
0.514	0.515	3	3593
0.515	0.516	0	3593
0.516	0.517	7	3600
0.517	0.518	3	3603
0.518	0.519	5	3608
0.519	0.520	4	3612
0.520	0.521	3	3615
0.521	0.522	3	3618
0.522	0.523	4	3622
0.523	0.524	3	3625
0.524	0.525	4	3629
0.525	0.526	5	3634
0.526	0.527	3	3637
0.527	0.528	3	3640
0.528	0.529	1	3641
0.529	0.530	7	3648
0.530	0.531	1	3649
0.531	0.532	3	3652
0.532	0.533	4	3656
0.533	0.534	3	3659
0.534	0.535	0	3659
0.535	0.536	5	3664
0.536	0.537	4	3668
0.537	0.538	7	3675
0.538	0.539	0	3675
0.539	0.540	3	3678
0.540	0.541	1	3679
0.541	0.542	3	3682
0.542	0.543	2	3684
0.543	0.544	0	3684
0.544	0.545	4	3688
0.545	0.546	6	3694
0.546	0.547	2	3696
0.547	0.548	5	3701
0.548	0.549	2	3703
0.549	0.550	3	3706
0.550	0.551	4	3710
0.551	0.552	7	3717
0.552	0.553	6	3723
0.553	0.554	4	3727
0.554	0.555	2	3729
0.555	0.556	2	3731
0.556	0.557	3	3734
0.557	0.558	4	3738
0.558	0.559	4	3742
0.559	0.560	2	3744
0.560	0.561	6	3750
0.561	0.562	4	3754
0.562	0.563	1	3755
0.563	0.564	3	3758
0.564	0.565	5	3763
0.565	0.566	5	3768
0.566	0.567	0	3768
0.567	0.568	0	3768
0.568	0.569	4	3772
0.569	0.570	4	3776
0.570	0.571	4	3780
0.571	0.572	5	3785
0.572	0.573	7	3792
0.573	0.574	3	3795
0.574	0.575	6	3801
0.575	0.576	3	3804
0.576	0.577	0	3804
0.577	0.578	7	3811
0.578	0.579	4	3815
0.579	0.580	8	3823
0.580	0.581	2	3825
0.581	0.582	2	3827
0.582	0.583	2	3829
0.583	0.584	0	3829
0.584	0.585	2	3831
0.585	0.586	1	3832
0.586	0.587	6	3838
0.587	0.588	6	3844
0.588	0.589	1	3845
0.589	0.590	3	3848
0.590	0.591	4	3852
0.591	0.592	3	3855
0.592	0.593	3	3858
0.593	0.594	1	3859
0.594	0.595	7	3866
0.595	0.596	5	3871
0.596	0.597	6	3877
0.597	0.598	1	3878
0.598	0.599	1	3879
0.599	0.600	1	3880
0.600	0.601	3	3883
0.601	0.602	2	3885
0.602	0.603	2	3887
0.603	0.604	6	3893
0.604	0.605	1	3894
0.605	0.606	5	3899
0.606	0.607	6	3905
0.607	0.608	2	3907
0.608	0.609	4	3911
0.609	0.610	4	3915
0.610	0.611	3	3918
0.611	0.612	6	3924
0.612	0.613	2	3926
0.613	0.614	3	3929
0.614	0.615	2	3931
0.615	0.616	1	3932
0.616	0.617	2	3934
0.617	0.618	2	3936
0.618	0.619	10	3946
0.619	0.620	4	3950
0.620	0.621	3	3953
0.621	0.622	3	3956
0.622	0.623	3	3959
0.623	0.624	2	3961
0.624	0.625	4	3965
0.625	0.626	3	3968
0.626	0.627	3	3971
0.627	0.628	2	3973
0.628	0.629	4	3977
0.629	0.630	5	3982
0.630	0.631	5	3987
0.631	0.632	4	3991
0.632	0.633	6	3997
0.633	0.634	4	4001
0.634	0.635	1	4002
0.635	0.636	1	4003
0.636	0.637	1	4004
0.637	0.638	3	4007
0.638	0.639	2	4009
0.639	0.640	3	4012
0.640	0.641	2	4014
0.641	0.642	3	4017
0.642	0.643	3	4020
0.643	0.644	2	4022
0.644	0.645	4	4026
0.645	0.646	2	4028
0.646	0.647	3	4031
0.647	0.648	4	4035
0.648	0.649	2	4037
0.649	0.650	7	4044
0.650	0.651	4	4048
0.651	0.652	1	4049
0.652	0.653	3	4052
0.653	0.654	0	4052
0.654	0.655	2	4054
0.655	0.656	3	4057
0.656	0.657	3	4060
0.657	0.658	3	4063
0.658	0.659	5	4068
0.659	0.660	1	4069
0.660	0.661	2	4071
0.661	0.662	3	4074
0.662	0.663	4	4078
0.663	0.664	1	4079
0.664	0.665	3	4082
0.665	0.666	2	4084
0.666	0.667	3	4087
0.667	0.668	3	4090
0.668	0.669	4	4094
0.669	0.670	3	4097
0.670	0.671	3	4100
0.671	0.672	4	4104
0.672	0.673	3	4107
0.673	0.674	1	4108
0.674	0.675	4	4112
0.675	0.676	3	4115
0.676	0.677	2	4117
0.677	0.678	2	4119
0.678	0.679	4	4123
0.679	0.680	5	4128
0.680	0.681	7	4135
0.681	0.682	5	4140
0.682	0.683	3	4143
0.683	0.684	4	4147
0.684	0.685	4	4151
0.685	0.686	1	4152
0.686	0.687	6	4158
0.687	0.688	3	4161
0.688	0.689	7	4168
0.689	0.690	5	4173
0.690	0.691	2	4175
0.691	0.692	3	4178
0.692	0.693	3	4181
0.693	0.694	3	4184
0.694	0.695	4	4188
0.695	0.696	2	4190
0.696	0.697	4	4194
0.697	0.698	3	4197
0.698	0.699	3	4200
0.699	0.700	4	4204
0.700	0.701	6	4210
0.701	0.702	3	4213
0.702	0.703	2	4215
0.703	0.704	2	4217
0.704	0.705	2	4219
0.705	0.706	4	4223
0.706	0.707	3	4226
0.707	0.708	4	4230
0.708	0.709	2	4232
0.709	0.710	1	4233
0.710	0.711	1	4234
0.711	0.712	5	4239
0.712	0.713	2	4241
0.713	0.714	4	4245
0.714	0.715	2	4247
0.715	0.716	1	4248
0.716	0.717	1	4249
0.717	0.718	1	4250
0.718	0.719	6	4256
0.719	0.720	2	4258
0.720	0.721	3	4261
0.721	0.722	4	4265
0.722	0.723	2	4267
0.723	0.724	3	4270
0.724	0.725	8	4278
0.725	0.726	4	4282
0.726	0.727	2	4284
0.727	0.728	3	4287
0.728	0.729	5	4292
0.729	0.730	3	4295
0.730	0.731	2	4297
0.731	0.732	1	4298
0.732	0.733	3	4301
0.733	0.734	6	4307
0.734	0.735	6	4313
0.735	0.736	2	4315
0.736	0.737	0	4315
0.737	0.738	4	4319
0.738	0.739	6	4325
0.739	0.740	2	4327
0.740	0.741	3	4330
0.741	0.742	6	4336
0.742	0.743	3	4339
0.743	0.744	3	4342
0.744	0.745	4	4346
0.745	0.746	2	4348
0.746	0.747	1	4349
0.747	0.748	2	4351
0.748	0.749	3	4354
0.749	0.750	3	4357
0.750	0.751	3	4360
0.751	0.752	2	4362
0.752	0.753	2	4364
0.753	0.754	1	4365
0.754	0.755	2	4367
0.755	0.756	4	4371
0.756	0.757	2	4373
0.757	0.758	2	4375
0.758	0.759	2	4377
0.759	0.760	3	4380
0.760	0.761	5	4385
0.761	0.762	3	4388
0.762	0.763	3	4391
0.763	0.764	7	4398
0.764	0.765	3	4401
0.765	0.766	1	4402
0.766	0.767	6	4408
0.767	0.768	2	4410
0.768	0.769	5	4415
0.769	0.770	3	4418
0.770	0.771	1	4419
0.771	0.772	2	4421
0.772	0.773	1	4422
0.773	0.774	5	4427
0.774	0.775	4	4431
0.775	0.776	3	4434
0.776	0.777	3	4437
0.777	0.778	3	4440
0.778	0.779	3	4443
0.779	0.780	5	4448
0.780	0.781	1	4449
0.781	0.782	2	4451
0.782	0.783	3	4454
0.783	0.784	3	4457
0.784	0.785	6	4463
0.785	0.786	1	4464
0.786	0.787	2	4466
0.787	0.788	5	4471
0.788	0.789	4	4475
0.789	0.790	3	4478
0.790	0.791	4	4482
0.791	0.792	6	4488
0.792	0.793	2	4490
0.793	0.794	3	4493
0.794	0.795	5	4498
0.795	0.796	5	4503
0.796	0.797	3	4506
0.797	0.798	1	4507
0.798	0.799	2	4509
0.799	0.800	3	4512
0.800	0.801	2	4514
0.801	0.802	2	4516
0.802	0.803	5	4521
0.803	0.804	2	4523
0.804	0.805	6	4529
0.805	0.806	2	4531
0.806	0.807	1	4532
0.807	0.808	1	4533
0.808	0.809	2	4535
0.809	0.810	1	4536
0.810	0.811	5	4541
0.811	0.812	4	4545
0.812	0.813	4	4549
0.813	0.814	4	4553
0.814	0.815	2	4555
0.815	0.816	2	4557
0.816	0.817	2	4559
0.817	0.818	3	4562
0.818	0.819	2	4564
0.819	0.820	2	4566
0.820	0.821	1	4567
0.821	0.822	5	4572
0.822	0.823	2	4574
0.823	0.824	2	4576
0.824	0.825	3	4579
0.825	0.826	0	4579
0.826	0.827	3	4582
0.827	0.828	2	4584
0.828	0.829	2	4586
0.829	0.830	6	4592
0.830	0.831	3	4595
0.831	0.832	4	4599
0.832	0.833	6	4605
0.833	0.834	2	4607
0.834	0.835	3	4610
0.835	0.836	5	4615
0.836	0.837	1	4616
0.837	0.838	1	4617
0.838	0.839	0	4617
0.839	0.840	4	4621
0.840	0.841	3	4624
0.841	0.842	4	4628
0.842	0.843	6	4634
0.843	0.844	2	4636
0.844	0.845	4	4640
0.845	0.846	4	4644
0.846	0.847	3	4647
0.847	0.848	2	4649
0.848	0.849	2	4651
0.849	0.850	4	4655
0.850	0.851	7	4662
0.851	0.852	4	4666
0.852	0.853	2	4668
0.853	0.854	2	4670
0.854	0.855	4	4674
0.855	0.856	3	4677
0.856	0.857	2	4679
0.857	0.858	5	4684
0.858	0.859	4	4688
0.859	0.860	4	4692
0.860	0.861	0	4692
0.861	0.862	2	4694
0.862	0.863	5	4699
0.863	0.864	2	4701
0.864	0.865	3	4704
0.865	0.866	3	4707
0.866	0.867	3	4710
0.867	0.868	0	4710
0.868	0.869	4	4714
0.869	0.870	1	4715
0.870	0.871	1	4716
0.871	0.872	1	4717
0.872	0.873	1	4718
0.873	0.874	4	4722
0.874	0.875	3	4725
0.875	0.876	1	4726
0.876	0.877	4	4730
0.877	0.878	2	4732
0.878	0.879	3	4735
0.879	0.880	1	4736
0.880	0.881	0	4736
0.881	0.882	4	4740
0.882	0.883	3	4743
0.883	0.884	3	4746
0.884	0.885	2	4748
0.885	0.886	5	4753
0.886	0.887	2	4755
0.887	0.888	4	4759
0.888	0.889	0	4759
0.889	0.890	3	4762
0.890	0.891	3	4765
0.891	0.892	3	4768
0.892	0.893	4	4772
0.893	0.894	3	4775
0.894	0.895	2	4777
0.895	0.896	1	4778
0.896	0.897	3	4781
0.897	0.898	4	4785
0.898	0.899	5	4790
0.899	0.900	3	4793
0.900	0.901	2	4795
0.901	0.902	1	4796
0.902	0.903	4	4800
0.903	0.904	3	4803
0.904	0.905	3	4806
0.905	0.906	2	4808
0.906	0.907	0	4808
0.907	0.908	2	4810
0.908	0.909	1	4811
0.909	0.910	1	4812
0.910	0.911	1	4813
0.911	0.912	2	4815
0.912	0.913	2	4817
0.913	0.914	1	4818
0.914	0.915	1	4819
0.915	0.916	1	4820
0.916	0.917	2	4822
0.917	0.918	0	4822
0.918	0.919	4	4826
0.919	0.920	2	4828
0.920	0.921	3	4831
0.921	0.922	1	4832
0.922	0.923	2	4834
0.923	0.924	3	4837
0.924	0.925	1	4838
0.925	0.926	1	4839
0.926	0.927	1	4840
0.927	0.928	3	4843
0.928	0.929	1	4844
0.929	0.930	2	4846
0.930	0.931	3	4849
0.931	0.932	2	4851
0.932	0.933	2	4853
0.933	0.934	2	4855
0.934	0.935	1	4856
0.935	0.936	1	4857
0.936	0.937	2	4859
0.937	0.938	1	4860
0.938	0.939	2	4862
0.939	0.940	2	4864
0.940	0.941	4	4868
0.941	0.942	4	4872
0.942	0.943	3	4875
0.943	0.944	1	4876
0.944	0.945	5	4881
0.945	0.946	2	4883
0.946	0.947	1	4884
0.947	0.948	3	4887
0.948	0.949	3	4890
0.949	0.950	3	4893
0.950	0.951	1	4894
0.951	0.952	1	4895
0.952	0.953	2	4897
0.953	0.954	0	4897
0.954	0.955	2	4899
0.955	0.956	3	4902
0.956	0.957	2	4904
0.957	0.958	2	4906
0.958	0.959	2	4908
0.959	0.960	3	4911
0.960	0.961	1	4912
0.961	0.962	3	4915
0.962	0.963	2	4917
0.963	0.964	4	4921
0.964	0.965	4	4925
0.965	0.966	0	4925
0.966	0.967	2	4927
0.967	0.968	1	4928
0.968	0.969	3	4931
0.969	0.970	0	4931
0.970	0.971	2	4933
0.971	0.972	0	4933
0.972	0.973	1	4934
0.973	0.974	2	4936
0.974	0.975	4	4940
0.975	0.976	0	4940
0.976	0.977	1	4941
0.977	0.978	3	4944
0.978	0.979	0	4944
0.979	0.980	1	4945
0.980	0.981	0	4945
0.981	0.982	0	4945
0.982	0.983	3	4948
0.983	0.984	0	4948
0.984	0.985	0	4948
0.985	0.986	0	4948
0.986	0.987	0	4948
0.987	0.988	0	4948
0.988	0.989	0	4948
0.989	0.990	1	4949
0.990	0.991	0	4949
0.991	0.992	1	4950
0.992	0.993	0	4950
0.993	0.994	0	4950
0.994	0.995	0	4950
0.995	0.996	0	4950
0.996	0.997	0	4950
0.997	0.998	0	4950
0.998	0.999	0	4950
0.999	1.000	0	4950
1.000	1.001	0	4950
mean value_group2 = 0.240579
variance_group2 = 0.136998
standard deviation_group2 = 0.370132
skewness_group2 = 0.010174
kurtosis_group2 = 0.037696
lower quartile_group2 = -0.054700
median_value_group2 = 0.185250
upper quartile_group2 = 0.551357
interquartile range_group2 = 0.606057
