symbol	GSM3936839	GSM3936840	GSM3936841	GSM3936842	GSM3936843	GSM3936844	GSM3936845	GSM3936846	GSM3936847	GSM3936848	GSM3936849	GSM3936850	GSM3936851	GSM3936852	GSM3936853	GSM3936854	GSM3936855	GSM3936856	GSM3936857	GSM3936858	GSM3936859	GSM3936860	GSM3936861	GSM3936862	GSM3936863	GSM3936864	GSM3936865	GSM3936866	GSM3936867	GSM3936868	GSM3936869	GSM3936870	GSM3936871	GSM3936872	GSM3936873	GSM3936874	GSM3936875	GSM3936876	GSM3936877	GSM3936878	GSM3936879	GSM3936880	GSM3936881	GSM3936882	GSM3936883	GSM3936884	GSM3936885	GSM3936886	GSM3936887	GSM3936888
rs1019916	1	1	0	2	0	0	0	1	1	1	0	0	0	0	0	1	0	0	0	0	0	0	0	1	0	0	0	1	0	1	0	0	0	1	0	0	0	0	0	0	1	0	1	0	1	0	0	0	0	0
rs10457834	0	1	1	0	1	0	0	0	0	1	0	0	0	0	0	1	1	1	1	0	1	0	0	0	1	0	0	0	1	2	0	2	2	1	2	0	1	0	0	2	0	0	0	1	1	0	0	0	0	1
rs1416770	0	1	1	0	1	0	0	0	0	1	0	0	0	0	0	1	1	1	1	0	1	0	0	0	1	0	0	0	1	2	0	2	1	1	1	0	1	0	0	2	0	0	0	1	0	0	0	0	0	1
rs1941955	0	1	1	0	1	0	0	0	0	1	0	0	0	0	0	1	1	1	2	0	1	0	0	0	1	0	0	0	1	2	0	2	1	1	1	0	1	0	0	2	0	0	0	1	0	0	0	0	0	1
rs2125573	1	1	1	0	1	0	0	0	0	1	0	0	0	0	0	2	1	2	1	0	1	0	0	0	1	0	0	0	1	1	1	2	1	1	2	0	1	0	0	2	0	0	0	1	1	0	0	1	1	1
rs2235751	1	0	0	1	1	0	1	0	0	1	1	0	1	1	1	0	0	0	0	1	1	0	0	0	0	1	0	1	0	0	0	0	0	1	0	2	0	1	2	0	1	0	0	0	0	0	1	0	1	0
rs2521373	1	0	0	1	1	0	1	0	0	1	1	0	1	1	1	1	1	0	0	1	1	0	0	0	0	1	0	1	0	0	0	0	0	1	0	2	0	1	2	0	1	0	1	0	0	0	1	0	1	0
rs264581	1	0	0	1	1	0	1	0	0	1	0	0	1	1	1	0	0	0	0	1	1	0	0	0	0	1	0	1	0	0	0	0	0	1	0	2	0	1	2	0	1	0	0	0	0	0	1	0	1	0
rs2804694	0	1	0	0	1	0	1	0	0	0	0	0	0	0	1	0	1	0	0	0	0	0	1	0	1	0	0	0	0	0	0	0	1	0	0	0	1	0	0	0	1	0	0	1	0	2	0	0	0	1
rs2959823	0	1	2	0	1	1	0	0	1	1	1	2	0	0	0	1	1	1	1	0	1	2	0	1	1	1	0	0	1	2	1	2	1	1	1	0	1	0	0	2	0	1	0	1	1	0	0	0	0	1
rs5931272	1	0	1	1	1	0	1	2	2	1	1	2	0	1	1	1	0	0	1	1	2	1	0	2	0	1	0	1	0	0	0	0	1	2	1	2	0	1	2	0	1	1	0	1	2	0	1	0	1	1
rs6546473	1	1	2	2	2	0	1	1	1	1	2	2	0	1	1	1	0	0	1	1	2	2	2	2	1	1	1	1	1	1	1	0	1	1	1	2	1	1	2	0	1	1	0	0	2	1	2	1	1	2
rs739259	1	1	0	0	0	2	1	0	1	1	0	0	2	1	0	1	1	2	1	0	0	0	0	0	1	1	1	0	1	1	0	2	1	1	1	0	1	0	0	2	0	1	1	2	0	1	0	1	1	0
rs798149	1	1	0	0	0	2	1	0	1	1	0	0	0	0	0	1	1	2	1	0	0	0	0	0	1	0	0	0	1	1	0	1	1	1	1	0	1	0	0	2	0	1	1	1	0	1	0	1	1	0
rs845016	1	1	0	0	1	2	1	0	1	1	1	2	2	1	0	1	1	2	1	0	0	1	1	1	2	2	1	0	1	1	1	2	1	1	1	0	2	0	0	2	0	1	1	2	1	2	1	1	1	0
rs472920	1	1	0	0	1	2	1	0	1	1	0	0	2	1	1	1	2	2	1	0	0	1	1	0	2	1	1	0	1	1	1	2	1	1	1	0	2	0	0	2	0	1	1	2	0	2	0	1	1	0
rs133860	1	1	0	0	1	2	1	0	1	1	0	0	2	1	1	1	2	2	1	0	0	1	1	0	2	1	1	0	1	1	1	2	1	1	1	0	2	0	0	2	0	1	1	2	0	2	0	1	1	0
rs9839873	0	1	0	0	0	1	0	0	0	1	0	0	0	0	0	1	1	1	1	0	0	0	0	0	1	0	0	0	1	1	0	1	1	1	1	0	1	0	0	2	0	0	1	1	0	1	0	0	0	0
rs1484127	1	1	2	2	1	0	1	1	1	1	2	2	2	2	1	1	0	0	1	1	2	2	1	2	0	2	2	1	1	1	0	1	1	1	1	2	0	1	2	0	1	1	0	1	2	0	2	1	1	2
rs1510189	1	1	0	0	1	2	1	0	1	1	0	0	0	0	1	1	2	2	1	0	0	0	1	0	2	0	0	0	1	1	1	1	1	1	1	0	2	0	0	2	0	1	1	1	0	2	0	1	1	0
rs6426327	1	1	0	0	1	2	1	0	1	1	0	0	0	0	1	1	2	2	1	0	0	0	1	0	2	0	0	0	1	1	1	1	1	1	1	0	2	0	0	2	0	1	1	1	0	2	0	1	1	0
rs3818562	1	1	0	0	1	2	1	0	1	1	0	0	0	0	1	1	2	2	1	0	0	0	1	0	2	0	0	0	1	1	1	1	1	1	1	0	2	0	0	2	0	1	1	1	0	2	0	1	1	0
rs7660805	1	1	0	0	1	2	1	0	1	1	0	0	0	0	0	1	1	2	1	0	0	0	1	0	2	0	0	0	1	1	1	1	1	1	1	0	2	0	0	2	0	1	1	1	0	2	0	1	1	0
rs6982811	1	1	0	0	1	2	1	0	1	1	0	0	0	0	0	1	1	2	1	0	0	0	1	0	2	0	0	0	1	1	1	1	1	1	1	0	2	0	0	2	0	1	1	1	0	2	0	1	1	0
rs11249206	1	1	0	0	1	2	1	0	1	1	0	0	2	1	0	1	2	2	1	0	0	0	1	0	2	1	1	0	1	1	1	2	1	1	1	0	2	0	0	2	0	1	1	2	0	2	0	1	1	0
rs9363764	1	1	0	0	1	2	1	0	1	1	0	0	2	1	0	1	2	2	1	0	0	0	1	0	2	1	1	0	1	1	1	2	1	1	1	0	2	0	0	2	0	1	1	2	0	2	0	1	1	0
rs2032088	1	1	0	0	1	2	1	0	1	1	0	0	2	1	0	1	1	2	1	0	0	0	1	0	2	1	1	0	1	1	1	2	1	1	1	0	2	0	0	2	0	1	1	2	0	2	0	1	1	0
rs348937	1	0	2	2	1	0	1	1	1	1	0	0	0	1	1	1	0	0	1	1	2	0	0	1	0	0	1	1	0	0	0	0	1	1	1	2	0	1	2	0	1	1	0	0	1	0	1	1	1	1
rs1467387	1	1	0	0	1	2	1	0	1	1	0	0	2	1	0	1	1	2	1	0	0	0	1	0	2	1	1	0	1	1	1	2	1	1	1	0	2	0	0	2	0	1	1	2	0	2	0	1	1	0
rs4742386	0	1	0	0	0	2	1	0	1	1	0	0	0	0	0	1	1	1	1	0	0	0	0	0	1	0	0	0	1	1	0	1	1	1	1	0	1	0	0	2	0	0	1	1	0	1	0	0	0	0
rs2857639	1	1	0	0	1	2	1	0	1	1	0	0	2	1	0	1	2	2	1	0	0	0	1	0	2	1	1	0	1	1	1	2	1	1	1	0	2	0	0	2	0	1	1	2	0	2	0	1	1	0
rs1495031	1	1	0	0	1	2	1	0	1	1	0	0	2	1	0	1	2	2	1	0	0	0	1	0	2	1	1	0	1	1	1	2	1	1	1	0	2	0	0	2	0	1	1	2	0	2	0	1	1	0
rs1510480	1	1	0	0	1	2	1	0	1	1	0	0	2	1	0	1	1	2	1	0	0	0	1	0	2	1	1	0	1	1	1	2	1	1	1	0	2	0	0	2	0	1	1	2	0	2	0	1	1	0
rs7746156	1	1	0	0	1	2	1	0	1	1	0	0	2	1	0	1	1	2	1	0	0	0	1	0	2	1	1	0	1	1	1	2	1	1	1	0	2	0	0	2	0	1	1	2	0	2	0	1	1	0
rs1945975	1	1	0	0	1	2	1	0	1	1	0	0	2	1	0	1	1	2	1	0	0	0	1	0	2	1	1	0	1	1	1	2	1	1	1	0	2	0	0	2	0	1	1	2	0	2	0	1	1	0
rs966367	1	1	0	0	1	2	1	0	1	1	0	0	2	1	1	1	2	2	1	0	0	0	1	0	2	1	1	0	1	1	1	2	1	1	1	0	2	0	0	2	0	1	1	2	0	2	0	1	1	0
rs877309	1	1	0	0	1	2	1	0	1	1	0	0	2	1	0	1	1	2	1	0	0	0	1	0	2	1	1	0	1	1	1	2	1	1	1	0	2	0	0	2	0	1	1	2	0	2	0	1	1	0
rs4331560	1	1	0	0	1	2	1	0	1	1	0	0	2	1	0	1	1	2	1	0	0	0	1	0	2	1	1	0	1	1	1	2	1	1	1	0	2	0	0	2	0	1	1	2	0	2	0	1	1	0
rs10796216	0	1	0	0	0	1	0	0	0	1	0	0	0	0	0	1	1	1	1	0	0	0	0	0	1	0	0	0	1	1	0	1	1	1	1	0	1	0	0	2	0	0	1	1	0	1	0	0	0	0
rs1040870	1	1	0	0	1	2	1	0	1	1	0	0	2	1	0	1	2	2	1	0	0	0	1	0	2	1	1	0	1	1	0	2	1	1	1	0	2	0	0	2	0	1	1	2	0	2	0	1	1	0
rs10936224	1	1	0	0	1	2	1	0	1	1	0	0	2	1	1	1	2	2	1	0	0	0	1	0	2	1	1	0	1	1	1	2	1	1	1	0	2	0	0	2	0	1	0	2	0	2	0	1	1	0
rs213028	1	0	2	2	1	0	1	2	1	1	0	0	0	1	1	1	0	0	1	1	2	0	0	1	0	0	0	1	0	0	1	0	1	1	1	0	0	1	1	0	2	0	1	0	1	0	1	1	0	1
rs654498	1	1	0	0	1	2	1	0	1	1	0	0	1	1	1	1	2	2	1	0	0	0	1	0	2	1	1	0	1	1	1	2	1	1	1	0	2	0	0	2	0	1	1	2	0	2	0	1	1	0
rs13369115	1	1	2	2	1	0	1	1	1	1	2	2	0	1	1	1	0	0	1	1	2	2	1	2	0	1	1	1	1	1	0	0	1	1	1	2	0	1	2	0	1	1	0	0	2	0	2	1	1	2
rs10033147	0	1	0	0	0	1	0	0	0	1	0	0	0	0	0	1	1	1	1	0	0	0	0	0	1	0	0	0	1	1	0	1	1	1	1	0	1	0	0	1	0	0	1	1	0	1	0	0	0	0
rs3936238	1	0	2	2	1	0	1	1	1	1	0	0	0	1	1	1	0	0	1	1	2	0	0	1	0	0	0	1	0	0	0	0	1	1	1	2	0	1	2	0	1	1	0	0	1	0	1	1	1	1
rs1520670	0	1	0	0	0	1	0	0	0	1	0	0	0	0	0	1	1	1	1	0	0	0	0	0	1	0	0	0	1	1	0	1	1	1	1	0	1	0	0	1	0	0	1	1	0	1	0	0	0	0
rs6991394	1	1	1	0	1	2	1	0	1	1	0	0	2	1	0	1	2	2	1	0	0	0	1	0	2	1	1	0	1	1	1	2	1	1	1	0	2	0	0	2	1	1	1	2	0	2	0	1	1	0
rs2208123	1	0	2	2	1	0	1	1	1	1	1	2	0	1	1	1	0	0	1	1	2	1	0	2	0	1	0	1	0	0	0	0	1	1	1	2	0	1	2	0	1	1	0	0	2	0	2	1	1	1
rs10774834	1	1	0	0	1	2	1	0	1	1	0	0	2	1	0	1	2	2	1	0	0	1	1	0	2	1	1	0	1	1	1	2	1	1	1	0	2	0	0	2	0	1	1	2	0	2	0	1	1	0
rs5936512	2	1	2	2	2	2	2	1	2	1	2	2	2	2	1	1	1	1	1	1	2	2	2	2	1	2	2	1	1	1	1	1	1	1	1	2	2	1	2	0	1	2	0	1	2	1	2	2	2	2
rs6626309	1	1	2	2	1	0	1	1	1	1	2	2	0	1	1	1	0	0	1	1	2	2	1	2	0	1	1	1	1	1	0	0	1	1	1	2	0	1	2	0	1	1	0	0	2	0	2	1	1	2
rs5987737	1	1	0	0	1	2	1	0	1	1	0	0	2	1	0	1	2	2	1	0	0	0	1	0	2	1	1	0	1	1	1	2	1	1	1	0	2	0	0	2	0	1	1	2	0	2	0	1	1	0
rs715359	1	1	0	0	1	2	1	0	1	1	0	0	2	1	0	1	2	2	1	0	0	0	1	0	2	1	1	0	1	1	1	2	1	1	1	0	2	0	0	2	0	1	1	2	0	2	0	1	1	0
rs2385226	1	0	2	2	1	0	1	1	1	1	1	2	0	1	1	1	0	0	1	1	2	1	0	2	0	1	0	1	0	0	0	0	1	1	1	2	0	1	2	0	1	1	0	0	2	0	2	1	1	1
rs11034952	1	1	2	2	1	0	1	1	1	1	2	2	0	1	1	1	0	0	1	1	2	2	1	2	0	1	1	1	1	1	0	0	1	1	1	2	0	1	2	0	1	1	0	0	2	0	2	1	1	2
rs1414097	1	1	0	0	1	1	0	0	0	1	0	0	0	1	0	1	2	2	1	0	0	0	1	0	2	0	0	0	1	1	1	1	1	1	1	0	2	0	0	2	0	1	1	1	0	2	0	1	1	0
rs951295	1	1	2	2	1	0	2	1	1	1	2	2	2	1	1	1	0	0	1	1	2	2	1	2	0	2	2	1	1	1	0	1	1	1	1	2	0	1	2	0	1	1	0	1	2	0	2	1	1	2
rs10882854	1	0	2	1	1	0	1	1	1	1	0	0	0	1	1	1	0	0	1	1	2	0	0	1	0	0	0	1	0	0	0	0	1	1	1	2	0	1	2	0	1	1	0	0	1	0	1	1	1	1
rs10846239	0	1	0	0	0	1	0	0	0	1	0	0	0	0	0	1	1	1	1	0	0	0	0	0	1	0	0	0	1	1	0	1	1	1	1	0	1	0	0	2	0	0	1	1	0	1	0	0	0	0
rs6471533	0	1	0	0	0	1	0	0	0	1	0	0	0	0	0	1	1	1	1	0	0	0	0	0	1	0	0	0	1	1	0	1	1	1	1	0	1	0	0	2	0	0	1	1	0	1	0	0	0	0
rs5926356	1	1	0	0	1	2	1	0	1	1	0	0	2	1	0	1	2	2	1	0	0	0	1	0	2	1	1	0	1	1	1	2	1	1	1	0	2	0	0	2	0	1	1	2	0	2	0	1	1	0
rs5381179	1	1	0	0	1	2	1	0	1	1	0	0	1	1	0	1	2	2	1	0	0	0	1	0	2	1	1	0	1	1	1	1	2	1	2	0	2	0	1	2	0	1	1	2	1	2	0	1	1	0
rs4836002	0	1	0	0	0	2	0	0	1	1	0	0	0	0	0	1	1	1	1	0	0	0	0	0	1	0	0	0	1	1	0	1	1	1	1	0	1	0	0	2	0	0	1	1	0	1	0	0	0	0
rs4290825	1	1	2	2	1	0	1	1	1	1	2	2	0	1	1	1	0	0	1	1	2	2	1	2	0	1	1	1	1	1	0	0	1	1	1	2	0	1	2	0	1	1	0	0	2	0	2	1	1	2
rs3745648	0	1	0	0	0	1	0	0	0	1	0	0	0	0	0	1	1	1	1	0	0	0	0	0	1	0	0	0	1	1	0	1	1	1	1	0	1	0	0	2	0	0	1	1	0	1	0	0	0	0
rs3200471	0	1	0	0	0	2	1	0	1	1	0	0	0	0	0	1	1	1	1	0	0	0	0	0	1	0	0	0	1	1	0	1	1	1	1	0	1	0	0	2	0	0	1	1	0	1	0	0	0	0
rs2655294	0	1	0	0	0	1	0	0	0	1	0	0	0	0	0	1	1	1	1	0	0	0	0	0	1	0	0	0	1	1	0	1	1	1	1	0	1	0	0	2	0	0	1	1	0	1	0	0	0	0
rs2110117	1	1	2	2	1	0	1	1	1	1	2	2	0	1	1	1	0	0	1	1	2	2	1	2	0	1	1	1	1	1	0	0	1	1	1	2	0	1	2	0	1	1	0	0	2	0	2	1	1	2
rs1564940	1	0	2	1	1	0	1	1	1	1	0	0	0	1	1	1	0	0	1	1	1	0	0	1	0	0	0	1	1	0	0	0	1	1	0	2	0	1	2	0	1	1	0	0	0	0	1	1	1	2
rs1019763	2	1	2	2	2	1	2	2	2	2	1	0	2	2	2	1	1	1	1	2	2	1	1	1	1	1	2	2	1	2	2	1	1	1	1	2	1	2	2	2	2	2	1	1	1	1	2	2	2	2
rs474586	2	1	2	2	2	1	2	2	2	2	1	0	2	2	2	1	1	1	1	2	2	1	1	1	1	1	2	2	1	2	2	1	1	1	1	2	1	2	2	2	2	2	1	1	1	1	2	2	2	2
rs70591	1	0	2	1	2	0	1	1	1	1	0	0	0	1	1	1	0	0	1	1	2	0	0	1	0	0	0	1	1	0	0	0	1	1	0	2	0	0	2	0	1	1	0	0	0	0	1	1	1	2
rs615768	1	0	2	1	2	0	1	1	1	1	0	0	0	1	1	1	0	0	1	1	2	0	0	1	0	0	0	1	1	0	0	0	1	1	0	2	0	0	1	0	1	1	0	0	0	0	1	1	1	2
rs1160945	1	0	2	1	2	0	1	1	1	1	0	0	0	1	1	1	0	0	1	1	2	0	0	1	0	0	0	1	1	0	0	0	1	1	0	2	0	0	2	0	1	1	0	0	0	0	1	1	1	2
rs1706122	0	1	2	2	2	2	2	2	2	1	1	0	0	1	1	1	1	0	1	1	1	1	1	1	0	0	2	1	1	1	1	1	0	1	0	2	0	1	1	0	2	1	1	1	0	1	2	1	1	2
rs2251299	0	0	1	1	2	1	1	1	1	0	0	0	0	1	1	1	1	0	1	1	1	0	0	1	0	0	0	1	1	0	1	0	0	1	0	2	0	1	1	0	2	1	0	1	0	1	0	1	2	2
rs2796476	0	2	0	0	0	1	1	1	0	1	2	0	1	0	1	1	1	1	1	1	0	1	1	0	0	1	2	1	1	1	0	1	1	1	1	0	1	0	0	2	0	0	2	1	1	0	0	0	0	0
rs3341653	1	2	0	0	0	1	1	1	0	1	2	0	2	0	1	1	1	2	1	1	0	1	1	0	0	1	2	1	1	2	0	1	1	1	1	0	1	1	0	2	0	0	2	1	1	0	0	1	0	0
rs3886830	0	0	2	1	2	1	0	1	1	1	0	0	0	0	2	1	2	0	1	2	1	0	0	1	0	0	0	1	1	0	0	0	0	0	1	0	0	0	1	0	0	1	0	0	1	1	1	1	2	1
rs4432007	0	1	2	1	2	1	1	2	1	2	0	0	1	0	2	1	2	0	1	2	1	0	0	1	0	1	0	1	1	0	0	0	1	1	1	2	1	0	1	2	1	1	0	1	2	1	1	1	2	2
rs4977184	1	1	2	1	2	2	1	2	1	2	0	2	1	2	2	1	2	0	1	2	2	1	1	2	2	2	0	1	1	1	0	0	1	2	1	2	1	0	1	2	1	2	0	1	1	1	1	1	2	2
rs5522361	0	1	2	1	2	1	1	1	1	1	0	0	1	0	2	1	2	1	1	2	1	0	0	1	0	1	0	2	1	0	0	0	1	2	0	2	1	0	1	2	1	1	0	1	1	1	1	1	2	2
rs6067538	0	1	2	1	2	1	1	1	1	2	0	0	1	0	2	1	2	1	1	2	1	0	0	1	0	1	0	2	1	0	0	0	1	2	0	2	1	0	1	2	1	1	0	1	1	1	1	1	2	2
rs6612715	1	1	2	1	2	1	1	1	1	2	0	0	2	0	2	1	2	2	1	2	1	0	0	1	0	1	0	2	1	0	0	0	1	2	1	2	1	0	1	2	1	1	0	1	2	1	1	2	2	2
rs7157892	1	1	2	1	2	1	1	1	1	2	0	0	2	0	2	1	2	2	1	2	1	0	0	1	0	1	0	2	1	0	0	0	1	2	1	2	1	0	1	2	1	1	0	1	2	1	1	2	2	2
rs7703069	1	1	2	1	2	1	1	1	1	2	0	0	2	0	2	1	2	2	1	2	1	0	0	1	0	1	0	2	1	0	0	0	1	2	1	2	1	0	1	2	1	1	0	1	2	1	1	2	2	2
rs8248246	1	1	2	1	2	1	1	1	1	2	0	0	2	0	2	1	2	2	1	2	1	0	0	1	0	1	0	2	1	0	0	0	1	2	1	2	1	0	1	2	1	1	0	1	2	1	1	2	2	2
rs8793423	1	1	2	1	2	1	1	1	1	2	0	0	2	0	2	1	2	2	1	2	1	0	0	1	0	1	0	2	1	0	0	0	1	2	1	2	1	0	1	2	1	1	0	1	2	1	1	2	2	2
rs9338600	1	1	0	1	0	1	1	1	1	0	2	2	0	2	0	1	0	0	1	0	1	2	2	1	2	1	2	0	1	2	2	2	1	0	1	0	1	2	1	0	1	1	2	1	0	1	1	0	0	0
rs9883777	2	1	0	1	0	1	1	1	1	0	2	2	1	2	0	1	0	1	1	0	1	2	2	1	2	1	2	0	1	2	2	2	1	0	1	0	1	2	1	0	1	1	2	1	0	1	1	1	0	0
rs10428954	1	1	0	1	0	1	1	1	1	0	2	2	0	2	0	1	0	0	1	0	1	2	2	1	2	1	2	0	1	2	2	2	1	0	1	0	1	2	1	0	1	1	2	1	0	1	1	0	0	0
rs10974131	1	1	0	1	0	1	1	1	1	0	2	2	0	2	0	1	0	0	1	0	1	2	2	1	2	1	2	0	1	2	2	2	1	0	1	0	1	2	1	0	1	1	2	1	0	1	1	0	0	0
rs11519308	1	1	0	1	0	1	1	1	1	0	2	2	0	2	0	1	0	0	1	0	1	2	2	1	2	1	2	0	1	2	2	2	1	0	1	0	1	2	1	0	1	1	2	1	0	1	1	0	0	0
rs12064485	1	1	0	1	0	1	1	1	1	0	2	2	0	2	0	1	0	0	1	0	1	2	2	1	2	1	2	0	1	2	2	2	1	0	1	0	1	2	1	0	1	1	2	1	0	1	1	0	0	0
rs12609662	1	1	0	1	0	1	1	1	1	0	2	2	0	2	0	1	0	0	1	0	1	2	2	1	2	1	2	0	1	2	2	2	1	0	1	0	1	2	1	0	1	1	2	1	0	1	1	0	0	0
rs13154839	1	1	0	1	0	1	1	1	1	0	2	2	0	2	0	1	0	0	1	0	1	2	2	1	2	1	2	0	1	2	2	2	1	0	1	0	1	2	1	0	1	1	2	1	0	1	1	0	0	0
rs13700016	0	0	0	0	0	1	0	0	0	0	1	0	0	1	0	1	0	0	1	0	0	0	1	0	2	0	0	0	1	0	0	0	0	0	1	0	0	0	0	0	0	1	0	0	0	0	0	0	0	0
rs14245193	1	1	0	1	0	1	0	1	1	0	2	2	0	2	0	1	0	0	1	0	1	2	2	1	2	1	2	0	1	2	2	2	1	0	1	0	1	2	1	0	1	1	2	1	0	1	1	0	0	0
rs14790370	0	0	0	1	0	1	0	0	1	0	1	0	0	1	0	1	0	0	1	0	0	0	1	0	1	0	1	0	1	0	0	1	0	0	1	0	0	1	0	0	0	1	0	0	0	0	1	0	0	0
