lower_interval	upper_interval	frequency	accumulative_frequency
-1.000	-0.999	0	0
-0.999	-0.998	0	0
-0.998	-0.997	0	0
-0.997	-0.996	0	0
-0.996	-0.995	0	0
-0.995	-0.994	0	0
-0.994	-0.993	0	0
-0.993	-0.992	0	0
-0.992	-0.991	0	0
-0.991	-0.990	0	0
-0.990	-0.989	0	0
-0.989	-0.988	0	0
-0.988	-0.987	0	0
-0.987	-0.986	0	0
-0.986	-0.985	0	0
-0.985	-0.984	0	0
-0.984	-0.983	0	0
-0.983	-0.982	0	0
-0.982	-0.981	0	0
-0.981	-0.980	0	0
-0.980	-0.979	0	0
-0.979	-0.978	0	0
-0.978	-0.977	0	0
-0.977	-0.976	0	0
-0.976	-0.975	0	0
-0.975	-0.974	0	0
-0.974	-0.973	0	0
-0.973	-0.972	0	0
-0.972	-0.971	0	0
-0.971	-0.970	0	0
-0.970	-0.969	0	0
-0.969	-0.968	0	0
-0.968	-0.967	0	0
-0.967	-0.966	0	0
-0.966	-0.965	0	0
-0.965	-0.964	0	0
-0.964	-0.963	0	0
-0.963	-0.962	0	0
-0.962	-0.961	0	0
-0.961	-0.960	0	0
-0.960	-0.959	0	0
-0.959	-0.958	0	0
-0.958	-0.957	0	0
-0.957	-0.956	0	0
-0.956	-0.955	0	0
-0.955	-0.954	0	0
-0.954	-0.953	0	0
-0.953	-0.952	0	0
-0.952	-0.951	0	0
-0.951	-0.950	0	0
-0.950	-0.949	0	0
-0.949	-0.948	0	0
-0.948	-0.947	0	0
-0.947	-0.946	0	0
-0.946	-0.945	0	0
-0.945	-0.944	0	0
-0.944	-0.943	0	0
-0.943	-0.942	0	0
-0.942	-0.941	0	0
-0.941	-0.940	0	0
-0.940	-0.939	0	0
-0.939	-0.938	0	0
-0.938	-0.937	0	0
-0.937	-0.936	0	0
-0.936	-0.935	0	0
-0.935	-0.934	0	0
-0.934	-0.933	0	0
-0.933	-0.932	0	0
-0.932	-0.931	0	0
-0.931	-0.930	0	0
-0.930	-0.929	0	0
-0.929	-0.928	0	0
-0.928	-0.927	0	0
-0.927	-0.926	0	0
-0.926	-0.925	0	0
-0.925	-0.924	0	0
-0.924	-0.923	0	0
-0.923	-0.922	0	0
-0.922	-0.921	0	0
-0.921	-0.920	0	0
-0.920	-0.919	0	0
-0.919	-0.918	0	0
-0.918	-0.917	0	0
-0.917	-0.916	0	0
-0.916	-0.915	0	0
-0.915	-0.914	0	0
-0.914	-0.913	0	0
-0.913	-0.912	0	0
-0.912	-0.911	0	0
-0.911	-0.910	0	0
-0.910	-0.909	0	0
-0.909	-0.908	0	0
-0.908	-0.907	0	0
-0.907	-0.906	0	0
-0.906	-0.905	0	0
-0.905	-0.904	0	0
-0.904	-0.903	0	0
-0.903	-0.902	0	0
-0.902	-0.901	0	0
-0.901	-0.900	0	0
-0.900	-0.899	0	0
-0.899	-0.898	0	0
-0.898	-0.897	0	0
-0.897	-0.896	0	0
-0.896	-0.895	0	0
-0.895	-0.894	0	0
-0.894	-0.893	0	0
-0.893	-0.892	0	0
-0.892	-0.891	0	0
-0.891	-0.890	0	0
-0.890	-0.889	0	0
-0.889	-0.888	0	0
-0.888	-0.887	0	0
-0.887	-0.886	0	0
-0.886	-0.885	0	0
-0.885	-0.884	0	0
-0.884	-0.883	0	0
-0.883	-0.882	0	0
-0.882	-0.881	0	0
-0.881	-0.880	0	0
-0.880	-0.879	0	0
-0.879	-0.878	0	0
-0.878	-0.877	0	0
-0.877	-0.876	0	0
-0.876	-0.875	0	0
-0.875	-0.874	0	0
-0.874	-0.873	0	0
-0.873	-0.872	0	0
-0.872	-0.871	0	0
-0.871	-0.870	0	0
-0.870	-0.869	0	0
-0.869	-0.868	0	0
-0.868	-0.867	0	0
-0.867	-0.866	0	0
-0.866	-0.865	0	0
-0.865	-0.864	0	0
-0.864	-0.863	0	0
-0.863	-0.862	0	0
-0.862	-0.861	0	0
-0.861	-0.860	0	0
-0.860	-0.859	0	0
-0.859	-0.858	0	0
-0.858	-0.857	0	0
-0.857	-0.856	0	0
-0.856	-0.855	0	0
-0.855	-0.854	0	0
-0.854	-0.853	0	0
-0.853	-0.852	0	0
-0.852	-0.851	0	0
-0.851	-0.850	0	0
-0.850	-0.849	0	0
-0.849	-0.848	0	0
-0.848	-0.847	0	0
-0.847	-0.846	0	0
-0.846	-0.845	0	0
-0.845	-0.844	0	0
-0.844	-0.843	0	0
-0.843	-0.842	0	0
-0.842	-0.841	0	0
-0.841	-0.840	0	0
-0.840	-0.839	0	0
-0.839	-0.838	0	0
-0.838	-0.837	0	0
-0.837	-0.836	0	0
-0.836	-0.835	0	0
-0.835	-0.834	0	0
-0.834	-0.833	0	0
-0.833	-0.832	0	0
-0.832	-0.831	0	0
-0.831	-0.830	0	0
-0.830	-0.829	0	0
-0.829	-0.828	0	0
-0.828	-0.827	0	0
-0.827	-0.826	0	0
-0.826	-0.825	0	0
-0.825	-0.824	0	0
-0.824	-0.823	0	0
-0.823	-0.822	0	0
-0.822	-0.821	0	0
-0.821	-0.820	0	0
-0.820	-0.819	0	0
-0.819	-0.818	0	0
-0.818	-0.817	0	0
-0.817	-0.816	0	0
-0.816	-0.815	0	0
-0.815	-0.814	0	0
-0.814	-0.813	0	0
-0.813	-0.812	0	0
-0.812	-0.811	0	0
-0.811	-0.810	0	0
-0.810	-0.809	0	0
-0.809	-0.808	0	0
-0.808	-0.807	0	0
-0.807	-0.806	0	0
-0.806	-0.805	0	0
-0.805	-0.804	0	0
-0.804	-0.803	0	0
-0.803	-0.802	0	0
-0.802	-0.801	0	0
-0.801	-0.800	0	0
-0.800	-0.799	0	0
-0.799	-0.798	0	0
-0.798	-0.797	0	0
-0.797	-0.796	0	0
-0.796	-0.795	0	0
-0.795	-0.794	0	0
-0.794	-0.793	0	0
-0.793	-0.792	0	0
-0.792	-0.791	0	0
-0.791	-0.790	0	0
-0.790	-0.789	0	0
-0.789	-0.788	0	0
-0.788	-0.787	0	0
-0.787	-0.786	0	0
-0.786	-0.785	0	0
-0.785	-0.784	0	0
-0.784	-0.783	0	0
-0.783	-0.782	0	0
-0.782	-0.781	0	0
-0.781	-0.780	0	0
-0.780	-0.779	0	0
-0.779	-0.778	0	0
-0.778	-0.777	0	0
-0.777	-0.776	0	0
-0.776	-0.775	0	0
-0.775	-0.774	0	0
-0.774	-0.773	0	0
-0.773	-0.772	0	0
-0.772	-0.771	0	0
-0.771	-0.770	0	0
-0.770	-0.769	0	0
-0.769	-0.768	1	1
-0.768	-0.767	0	1
-0.767	-0.766	0	1
-0.766	-0.765	0	1
-0.765	-0.764	0	1
-0.764	-0.763	0	1
-0.763	-0.762	0	1
-0.762	-0.761	0	1
-0.761	-0.760	0	1
-0.760	-0.759	0	1
-0.759	-0.758	0	1
-0.758	-0.757	0	1
-0.757	-0.756	0	1
-0.756	-0.755	0	1
-0.755	-0.754	0	1
-0.754	-0.753	0	1
-0.753	-0.752	0	1
-0.752	-0.751	0	1
-0.751	-0.750	0	1
-0.750	-0.749	0	1
-0.749	-0.748	0	1
-0.748	-0.747	0	1
-0.747	-0.746	0	1
-0.746	-0.745	0	1
-0.745	-0.744	0	1
-0.744	-0.743	0	1
-0.743	-0.742	0	1
-0.742	-0.741	0	1
-0.741	-0.740	0	1
-0.740	-0.739	0	1
-0.739	-0.738	0	1
-0.738	-0.737	0	1
-0.737	-0.736	0	1
-0.736	-0.735	0	1
-0.735	-0.734	0	1
-0.734	-0.733	0	1
-0.733	-0.732	0	1
-0.732	-0.731	0	1
-0.731	-0.730	0	1
-0.730	-0.729	0	1
-0.729	-0.728	0	1
-0.728	-0.727	0	1
-0.727	-0.726	0	1
-0.726	-0.725	0	1
-0.725	-0.724	0	1
-0.724	-0.723	0	1
-0.723	-0.722	0	1
-0.722	-0.721	0	1
-0.721	-0.720	0	1
-0.720	-0.719	0	1
-0.719	-0.718	1	2
-0.718	-0.717	1	3
-0.717	-0.716	0	3
-0.716	-0.715	0	3
-0.715	-0.714	0	3
-0.714	-0.713	0	3
-0.713	-0.712	0	3
-0.712	-0.711	0	3
-0.711	-0.710	0	3
-0.710	-0.709	0	3
-0.709	-0.708	1	4
-0.708	-0.707	0	4
-0.707	-0.706	0	4
-0.706	-0.705	0	4
-0.705	-0.704	0	4
-0.704	-0.703	0	4
-0.703	-0.702	0	4
-0.702	-0.701	0	4
-0.701	-0.700	0	4
-0.700	-0.699	0	4
-0.699	-0.698	0	4
-0.698	-0.697	0	4
-0.697	-0.696	0	4
-0.696	-0.695	0	4
-0.695	-0.694	0	4
-0.694	-0.693	0	4
-0.693	-0.692	0	4
-0.692	-0.691	0	4
-0.691	-0.690	0	4
-0.690	-0.689	0	4
-0.689	-0.688	0	4
-0.688	-0.687	0	4
-0.687	-0.686	0	4
-0.686	-0.685	0	4
-0.685	-0.684	0	4
-0.684	-0.683	0	4
-0.683	-0.682	0	4
-0.682	-0.681	1	5
-0.681	-0.680	0	5
-0.680	-0.679	0	5
-0.679	-0.678	0	5
-0.678	-0.677	0	5
-0.677	-0.676	0	5
-0.676	-0.675	0	5
-0.675	-0.674	0	5
-0.674	-0.673	0	5
-0.673	-0.672	0	5
-0.672	-0.671	0	5
-0.671	-0.670	0	5
-0.670	-0.669	0	5
-0.669	-0.668	0	5
-0.668	-0.667	0	5
-0.667	-0.666	0	5
-0.666	-0.665	0	5
-0.665	-0.664	0	5
-0.664	-0.663	0	5
-0.663	-0.662	0	5
-0.662	-0.661	0	5
-0.661	-0.660	0	5
-0.660	-0.659	0	5
-0.659	-0.658	0	5
-0.658	-0.657	0	5
-0.657	-0.656	0	5
-0.656	-0.655	0	5
-0.655	-0.654	0	5
-0.654	-0.653	0	5
-0.653	-0.652	0	5
-0.652	-0.651	0	5
-0.651	-0.650	0	5
-0.650	-0.649	0	5
-0.649	-0.648	0	5
-0.648	-0.647	0	5
-0.647	-0.646	0	5
-0.646	-0.645	0	5
-0.645	-0.644	0	5
-0.644	-0.643	0	5
-0.643	-0.642	0	5
-0.642	-0.641	1	6
-0.641	-0.640	0	6
-0.640	-0.639	0	6
-0.639	-0.638	0	6
-0.638	-0.637	0	6
-0.637	-0.636	0	6
-0.636	-0.635	1	7
-0.635	-0.634	0	7
-0.634	-0.633	0	7
-0.633	-0.632	0	7
-0.632	-0.631	0	7
-0.631	-0.630	0	7
-0.630	-0.629	0	7
-0.629	-0.628	0	7
-0.628	-0.627	0	7
-0.627	-0.626	0	7
-0.626	-0.625	0	7
-0.625	-0.624	0	7
-0.624	-0.623	0	7
-0.623	-0.622	0	7
-0.622	-0.621	0	7
-0.621	-0.620	1	8
-0.620	-0.619	0	8
-0.619	-0.618	0	8
-0.618	-0.617	0	8
-0.617	-0.616	0	8
-0.616	-0.615	0	8
-0.615	-0.614	0	8
-0.614	-0.613	1	9
-0.613	-0.612	0	9
-0.612	-0.611	0	9
-0.611	-0.610	0	9
-0.610	-0.609	1	10
-0.609	-0.608	0	10
-0.608	-0.607	0	10
-0.607	-0.606	0	10
-0.606	-0.605	0	10
-0.605	-0.604	0	10
-0.604	-0.603	0	10
-0.603	-0.602	0	10
-0.602	-0.601	1	11
-0.601	-0.600	0	11
-0.600	-0.599	0	11
-0.599	-0.598	0	11
-0.598	-0.597	1	12
-0.597	-0.596	0	12
-0.596	-0.595	0	12
-0.595	-0.594	1	13
-0.594	-0.593	0	13
-0.593	-0.592	0	13
-0.592	-0.591	0	13
-0.591	-0.590	0	13
-0.590	-0.589	0	13
-0.589	-0.588	0	13
-0.588	-0.587	0	13
-0.587	-0.586	0	13
-0.586	-0.585	1	14
-0.585	-0.584	0	14
-0.584	-0.583	2	16
-0.583	-0.582	0	16
-0.582	-0.581	0	16
-0.581	-0.580	0	16
-0.580	-0.579	0	16
-0.579	-0.578	1	17
-0.578	-0.577	1	18
-0.577	-0.576	0	18
-0.576	-0.575	0	18
-0.575	-0.574	0	18
-0.574	-0.573	1	19
-0.573	-0.572	1	20
-0.572	-0.571	0	20
-0.571	-0.570	0	20
-0.570	-0.569	0	20
-0.569	-0.568	0	20
-0.568	-0.567	1	21
-0.567	-0.566	0	21
-0.566	-0.565	0	21
-0.565	-0.564	0	21
-0.564	-0.563	1	22
-0.563	-0.562	0	22
-0.562	-0.561	0	22
-0.561	-0.560	1	23
-0.560	-0.559	0	23
-0.559	-0.558	0	23
-0.558	-0.557	1	24
-0.557	-0.556	1	25
-0.556	-0.555	1	26
-0.555	-0.554	0	26
-0.554	-0.553	0	26
-0.553	-0.552	0	26
-0.552	-0.551	0	26
-0.551	-0.550	1	27
-0.550	-0.549	0	27
-0.549	-0.548	1	28
-0.548	-0.547	0	28
-0.547	-0.546	0	28
-0.546	-0.545	0	28
-0.545	-0.544	0	28
-0.544	-0.543	0	28
-0.543	-0.542	1	29
-0.542	-0.541	0	29
-0.541	-0.540	0	29
-0.540	-0.539	0	29
-0.539	-0.538	0	29
-0.538	-0.537	0	29
-0.537	-0.536	0	29
-0.536	-0.535	0	29
-0.535	-0.534	1	30
-0.534	-0.533	0	30
-0.533	-0.532	2	32
-0.532	-0.531	1	33
-0.531	-0.530	0	33
-0.530	-0.529	0	33
-0.529	-0.528	0	33
-0.528	-0.527	0	33
-0.527	-0.526	0	33
-0.526	-0.525	0	33
-0.525	-0.524	0	33
-0.524	-0.523	1	34
-0.523	-0.522	2	36
-0.522	-0.521	1	37
-0.521	-0.520	1	38
-0.520	-0.519	0	38
-0.519	-0.518	1	39
-0.518	-0.517	0	39
-0.517	-0.516	1	40
-0.516	-0.515	0	40
-0.515	-0.514	0	40
-0.514	-0.513	2	42
-0.513	-0.512	0	42
-0.512	-0.511	0	42
-0.511	-0.510	2	44
-0.510	-0.509	1	45
-0.509	-0.508	0	45
-0.508	-0.507	0	45
-0.507	-0.506	1	46
-0.506	-0.505	0	46
-0.505	-0.504	1	47
-0.504	-0.503	2	49
-0.503	-0.502	0	49
-0.502	-0.501	1	50
-0.501	-0.500	2	52
-0.500	-0.499	1	53
-0.499	-0.498	0	53
-0.498	-0.497	0	53
-0.497	-0.496	0	53
-0.496	-0.495	1	54
-0.495	-0.494	0	54
-0.494	-0.493	4	58
-0.493	-0.492	1	59
-0.492	-0.491	0	59
-0.491	-0.490	2	61
-0.490	-0.489	0	61
-0.489	-0.488	0	61
-0.488	-0.487	0	61
-0.487	-0.486	0	61
-0.486	-0.485	0	61
-0.485	-0.484	2	63
-0.484	-0.483	0	63
-0.483	-0.482	2	65
-0.482	-0.481	1	66
-0.481	-0.480	1	67
-0.480	-0.479	1	68
-0.479	-0.478	1	69
-0.478	-0.477	1	70
-0.477	-0.476	1	71
-0.476	-0.475	1	72
-0.475	-0.474	0	72
-0.474	-0.473	2	74
-0.473	-0.472	1	75
-0.472	-0.471	1	76
-0.471	-0.470	0	76
-0.470	-0.469	3	79
-0.469	-0.468	1	80
-0.468	-0.467	2	82
-0.467	-0.466	0	82
-0.466	-0.465	2	84
-0.465	-0.464	0	84
-0.464	-0.463	0	84
-0.463	-0.462	3	87
-0.462	-0.461	0	87
-0.461	-0.460	2	89
-0.460	-0.459	0	89
-0.459	-0.458	1	90
-0.458	-0.457	1	91
-0.457	-0.456	0	91
-0.456	-0.455	2	93
-0.455	-0.454	1	94
-0.454	-0.453	1	95
-0.453	-0.452	0	95
-0.452	-0.451	1	96
-0.451	-0.450	3	99
-0.450	-0.449	0	99
-0.449	-0.448	2	101
-0.448	-0.447	0	101
-0.447	-0.446	1	102
-0.446	-0.445	0	102
-0.445	-0.444	0	102
-0.444	-0.443	1	103
-0.443	-0.442	1	104
-0.442	-0.441	0	104
-0.441	-0.440	0	104
-0.440	-0.439	1	105
-0.439	-0.438	3	108
-0.438	-0.437	1	109
-0.437	-0.436	0	109
-0.436	-0.435	0	109
-0.435	-0.434	0	109
-0.434	-0.433	1	110
-0.433	-0.432	1	111
-0.432	-0.431	1	112
-0.431	-0.430	1	113
-0.430	-0.429	0	113
-0.429	-0.428	3	116
-0.428	-0.427	1	117
-0.427	-0.426	0	117
-0.426	-0.425	1	118
-0.425	-0.424	1	119
-0.424	-0.423	5	124
-0.423	-0.422	2	126
-0.422	-0.421	1	127
-0.421	-0.420	0	127
-0.420	-0.419	2	129
-0.419	-0.418	0	129
-0.418	-0.417	4	133
-0.417	-0.416	0	133
-0.416	-0.415	4	137
-0.415	-0.414	0	137
-0.414	-0.413	2	139
-0.413	-0.412	1	140
-0.412	-0.411	3	143
-0.411	-0.410	0	143
-0.410	-0.409	4	147
-0.409	-0.408	3	150
-0.408	-0.407	0	150
-0.407	-0.406	1	151
-0.406	-0.405	0	151
-0.405	-0.404	0	151
-0.404	-0.403	3	154
-0.403	-0.402	1	155
-0.402	-0.401	2	157
-0.401	-0.400	1	158
-0.400	-0.399	3	161
-0.399	-0.398	1	162
-0.398	-0.397	3	165
-0.397	-0.396	2	167
-0.396	-0.395	2	169
-0.395	-0.394	1	170
-0.394	-0.393	1	171
-0.393	-0.392	2	173
-0.392	-0.391	1	174
-0.391	-0.390	1	175
-0.390	-0.389	1	176
-0.389	-0.388	2	178
-0.388	-0.387	1	179
-0.387	-0.386	0	179
-0.386	-0.385	2	181
-0.385	-0.384	4	185
-0.384	-0.383	4	189
-0.383	-0.382	3	192
-0.382	-0.381	2	194
-0.381	-0.380	0	194
-0.380	-0.379	2	196
-0.379	-0.378	1	197
-0.378	-0.377	2	199
-0.377	-0.376	0	199
-0.376	-0.375	3	202
-0.375	-0.374	5	207
-0.374	-0.373	1	208
-0.373	-0.372	1	209
-0.372	-0.371	2	211
-0.371	-0.370	3	214
-0.370	-0.369	3	217
-0.369	-0.368	1	218
-0.368	-0.367	3	221
-0.367	-0.366	1	222
-0.366	-0.365	4	226
-0.365	-0.364	0	226
-0.364	-0.363	0	226
-0.363	-0.362	4	230
-0.362	-0.361	2	232
-0.361	-0.360	1	233
-0.360	-0.359	1	234
-0.359	-0.358	0	234
-0.358	-0.357	2	236
-0.357	-0.356	2	238
-0.356	-0.355	5	243
-0.355	-0.354	0	243
-0.354	-0.353	1	244
-0.353	-0.352	2	246
-0.352	-0.351	1	247
-0.351	-0.350	0	247
-0.350	-0.349	0	247
-0.349	-0.348	1	248
-0.348	-0.347	2	250
-0.347	-0.346	2	252
-0.346	-0.345	2	254
-0.345	-0.344	1	255
-0.344	-0.343	0	255
-0.343	-0.342	1	256
-0.342	-0.341	4	260
-0.341	-0.340	2	262
-0.340	-0.339	1	263
-0.339	-0.338	4	267
-0.338	-0.337	3	270
-0.337	-0.336	3	273
-0.336	-0.335	2	275
-0.335	-0.334	8	283
-0.334	-0.333	1	284
-0.333	-0.332	2	286
-0.332	-0.331	4	290
-0.331	-0.330	2	292
-0.330	-0.329	3	295
-0.329	-0.328	6	301
-0.328	-0.327	1	302
-0.327	-0.326	4	306
-0.326	-0.325	3	309
-0.325	-0.324	0	309
-0.324	-0.323	4	313
-0.323	-0.322	2	315
-0.322	-0.321	5	320
-0.321	-0.320	1	321
-0.320	-0.319	3	324
-0.319	-0.318	8	332
-0.318	-0.317	0	332
-0.317	-0.316	3	335
-0.316	-0.315	3	338
-0.315	-0.314	3	341
-0.314	-0.313	1	342
-0.313	-0.312	4	346
-0.312	-0.311	2	348
-0.311	-0.310	1	349
-0.310	-0.309	1	350
-0.309	-0.308	3	353
-0.308	-0.307	6	359
-0.307	-0.306	2	361
-0.306	-0.305	5	366
-0.305	-0.304	4	370
-0.304	-0.303	4	374
-0.303	-0.302	8	382
-0.302	-0.301	4	386
-0.301	-0.300	0	386
-0.300	-0.299	3	389
-0.299	-0.298	3	392
-0.298	-0.297	1	393
-0.297	-0.296	2	395
-0.296	-0.295	2	397
-0.295	-0.294	4	401
-0.294	-0.293	3	404
-0.293	-0.292	0	404
-0.292	-0.291	0	404
-0.291	-0.290	5	409
-0.290	-0.289	4	413
-0.289	-0.288	8	421
-0.288	-0.287	3	424
-0.287	-0.286	3	427
-0.286	-0.285	4	431
-0.285	-0.284	1	432
-0.284	-0.283	0	432
-0.283	-0.282	1	433
-0.282	-0.281	5	438
-0.281	-0.280	3	441
-0.280	-0.279	2	443
-0.279	-0.278	5	448
-0.278	-0.277	3	451
-0.277	-0.276	5	456
-0.276	-0.275	0	456
-0.275	-0.274	5	461
-0.274	-0.273	3	464
-0.273	-0.272	3	467
-0.272	-0.271	3	470
-0.271	-0.270	3	473
-0.270	-0.269	8	481
-0.269	-0.268	6	487
-0.268	-0.267	3	490
-0.267	-0.266	4	494
-0.266	-0.265	3	497
-0.265	-0.264	2	499
-0.264	-0.263	2	501
-0.263	-0.262	6	507
-0.262	-0.261	2	509
-0.261	-0.260	2	511
-0.260	-0.259	6	517
-0.259	-0.258	8	525
-0.258	-0.257	2	527
-0.257	-0.256	2	529
-0.256	-0.255	1	530
-0.255	-0.254	3	533
-0.254	-0.253	2	535
-0.253	-0.252	3	538
-0.252	-0.251	0	538
-0.251	-0.250	6	544
-0.250	-0.249	4	548
-0.249	-0.248	5	553
-0.248	-0.247	3	556
-0.247	-0.246	4	560
-0.246	-0.245	5	565
-0.245	-0.244	3	568
-0.244	-0.243	6	574
-0.243	-0.242	5	579
-0.242	-0.241	0	579
-0.241	-0.240	5	584
-0.240	-0.239	6	590
-0.239	-0.238	7	597
-0.238	-0.237	1	598
-0.237	-0.236	8	606
-0.236	-0.235	7	613
-0.235	-0.234	3	616
-0.234	-0.233	10	626
-0.233	-0.232	8	634
-0.232	-0.231	2	636
-0.231	-0.230	9	645
-0.230	-0.229	2	647
-0.229	-0.228	5	652
-0.228	-0.227	6	658
-0.227	-0.226	3	661
-0.226	-0.225	3	664
-0.225	-0.224	6	670
-0.224	-0.223	5	675
-0.223	-0.222	5	680
-0.222	-0.221	3	683
-0.221	-0.220	1	684
-0.220	-0.219	3	687
-0.219	-0.218	2	689
-0.218	-0.217	3	692
-0.217	-0.216	5	697
-0.216	-0.215	3	700
-0.215	-0.214	5	705
-0.214	-0.213	6	711
-0.213	-0.212	7	718
-0.212	-0.211	4	722
-0.211	-0.210	3	725
-0.210	-0.209	5	730
-0.209	-0.208	2	732
-0.208	-0.207	4	736
-0.207	-0.206	1	737
-0.206	-0.205	1	738
-0.205	-0.204	4	742
-0.204	-0.203	5	747
-0.203	-0.202	1	748
-0.202	-0.201	7	755
-0.201	-0.200	7	762
-0.200	-0.199	5	767
-0.199	-0.198	8	775
-0.198	-0.197	4	779
-0.197	-0.196	6	785
-0.196	-0.195	6	791
-0.195	-0.194	7	798
-0.194	-0.193	5	803
-0.193	-0.192	4	807
-0.192	-0.191	5	812
-0.191	-0.190	3	815
-0.190	-0.189	3	818
-0.189	-0.188	8	826
-0.188	-0.187	7	833
-0.187	-0.186	6	839
-0.186	-0.185	3	842
-0.185	-0.184	3	845
-0.184	-0.183	3	848
-0.183	-0.182	7	855
-0.182	-0.181	3	858
-0.181	-0.180	4	862
-0.180	-0.179	6	868
-0.179	-0.178	5	873
-0.178	-0.177	4	877
-0.177	-0.176	3	880
-0.176	-0.175	8	888
-0.175	-0.174	4	892
-0.174	-0.173	3	895
-0.173	-0.172	3	898
-0.172	-0.171	6	904
-0.171	-0.170	5	909
-0.170	-0.169	2	911
-0.169	-0.168	5	916
-0.168	-0.167	10	926
-0.167	-0.166	10	936
-0.166	-0.165	4	940
-0.165	-0.164	8	948
-0.164	-0.163	7	955
-0.163	-0.162	4	959
-0.162	-0.161	11	970
-0.161	-0.160	5	975
-0.160	-0.159	7	982
-0.159	-0.158	4	986
-0.158	-0.157	6	992
-0.157	-0.156	3	995
-0.156	-0.155	6	1001
-0.155	-0.154	7	1008
-0.154	-0.153	7	1015
-0.153	-0.152	8	1023
-0.152	-0.151	7	1030
-0.151	-0.150	6	1036
-0.150	-0.149	7	1043
-0.149	-0.148	7	1050
-0.148	-0.147	6	1056
-0.147	-0.146	3	1059
-0.146	-0.145	6	1065
-0.145	-0.144	4	1069
-0.144	-0.143	6	1075
-0.143	-0.142	5	1080
-0.142	-0.141	11	1091
-0.141	-0.140	4	1095
-0.140	-0.139	4	1099
-0.139	-0.138	3	1102
-0.138	-0.137	3	1105
-0.137	-0.136	8	1113
-0.136	-0.135	4	1117
-0.135	-0.134	4	1121
-0.134	-0.133	5	1126
-0.133	-0.132	11	1137
-0.132	-0.131	10	1147
-0.131	-0.130	12	1159
-0.130	-0.129	6	1165
-0.129	-0.128	8	1173
-0.128	-0.127	6	1179
-0.127	-0.126	4	1183
-0.126	-0.125	2	1185
-0.125	-0.124	2	1187
-0.124	-0.123	9	1196
-0.123	-0.122	4	1200
-0.122	-0.121	6	1206
-0.121	-0.120	8	1214
-0.120	-0.119	4	1218
-0.119	-0.118	12	1230
-0.118	-0.117	2	1232
-0.117	-0.116	5	1237
-0.116	-0.115	6	1243
-0.115	-0.114	11	1254
-0.114	-0.113	8	1262
-0.113	-0.112	8	1270
-0.112	-0.111	5	1275
-0.111	-0.110	10	1285
-0.110	-0.109	5	1290
-0.109	-0.108	6	1296
-0.108	-0.107	4	1300
-0.107	-0.106	3	1303
-0.106	-0.105	5	1308
-0.105	-0.104	2	1310
-0.104	-0.103	5	1315
-0.103	-0.102	5	1320
-0.102	-0.101	10	1330
-0.101	-0.100	5	1335
-0.100	-0.099	13	1348
-0.099	-0.098	6	1354
-0.098	-0.097	7	1361
-0.097	-0.096	3	1364
-0.096	-0.095	10	1374
-0.095	-0.094	2	1376
-0.094	-0.093	5	1381
-0.093	-0.092	9	1390
-0.092	-0.091	3	1393
-0.091	-0.090	7	1400
-0.090	-0.089	8	1408
-0.089	-0.088	4	1412
-0.088	-0.087	7	1419
-0.087	-0.086	4	1423
-0.086	-0.085	1	1424
-0.085	-0.084	7	1431
-0.084	-0.083	6	1437
-0.083	-0.082	11	1448
-0.082	-0.081	2	1450
-0.081	-0.080	4	1454
-0.080	-0.079	5	1459
-0.079	-0.078	5	1464
-0.078	-0.077	13	1477
-0.077	-0.076	5	1482
-0.076	-0.075	8	1490
-0.075	-0.074	4	1494
-0.074	-0.073	5	1499
-0.073	-0.072	5	1504
-0.072	-0.071	9	1513
-0.071	-0.070	6	1519
-0.070	-0.069	4	1523
-0.069	-0.068	7	1530
-0.068	-0.067	2	1532
-0.067	-0.066	10	1542
-0.066	-0.065	6	1548
-0.065	-0.064	9	1557
-0.064	-0.063	9	1566
-0.063	-0.062	10	1576
-0.062	-0.061	6	1582
-0.061	-0.060	6	1588
-0.060	-0.059	6	1594
-0.059	-0.058	9	1603
-0.058	-0.057	2	1605
-0.057	-0.056	7	1612
-0.056	-0.055	5	1617
-0.055	-0.054	9	1626
-0.054	-0.053	4	1630
-0.053	-0.052	8	1638
-0.052	-0.051	7	1645
-0.051	-0.050	9	1654
-0.050	-0.049	5	1659
-0.049	-0.048	2	1661
-0.048	-0.047	10	1671
-0.047	-0.046	10	1681
-0.046	-0.045	3	1684
-0.045	-0.044	8	1692
-0.044	-0.043	8	1700
-0.043	-0.042	12	1712
-0.042	-0.041	6	1718
-0.041	-0.040	9	1727
-0.040	-0.039	6	1733
-0.039	-0.038	5	1738
-0.038	-0.037	7	1745
-0.037	-0.036	7	1752
-0.036	-0.035	5	1757
-0.035	-0.034	5	1762
-0.034	-0.033	6	1768
-0.033	-0.032	6	1774
-0.032	-0.031	8	1782
-0.031	-0.030	8	1790
-0.030	-0.029	6	1796
-0.029	-0.028	7	1803
-0.028	-0.027	8	1811
-0.027	-0.026	3	1814
-0.026	-0.025	7	1821
-0.025	-0.024	4	1825
-0.024	-0.023	12	1837
-0.023	-0.022	9	1846
-0.022	-0.021	6	1852
-0.021	-0.020	8	1860
-0.020	-0.019	8	1868
-0.019	-0.018	8	1876
-0.018	-0.017	2	1878
-0.017	-0.016	2	1880
-0.016	-0.015	7	1887
-0.015	-0.014	9	1896
-0.014	-0.013	7	1903
-0.013	-0.012	9	1912
-0.012	-0.011	7	1919
-0.011	-0.010	4	1923
-0.010	-0.009	10	1933
-0.009	-0.008	9	1942
-0.008	-0.007	6	1948
-0.007	-0.006	2	1950
-0.006	-0.005	6	1956
-0.005	-0.004	4	1960
-0.004	-0.003	8	1968
-0.003	-0.002	6	1974
-0.002	-0.001	10	1984
-0.001	-0.000	3	1987
0.000	0.001	9	1996
0.001	0.002	9	2005
0.002	0.003	3	2008
0.003	0.004	9	2017
0.004	0.005	6	2023
0.005	0.006	8	2031
0.006	0.007	5	2036
0.007	0.008	9	2045
0.008	0.009	9	2054
0.009	0.010	8	2062
0.010	0.011	7	2069
0.011	0.012	8	2077
0.012	0.013	4	2081
0.013	0.014	5	2086
0.014	0.015	6	2092
0.015	0.016	6	2098
0.016	0.017	6	2104
0.017	0.018	6	2110
0.018	0.019	8	2118
0.019	0.020	4	2122
0.020	0.021	5	2127
0.021	0.022	8	2135
0.022	0.023	5	2140
0.023	0.024	5	2145
0.024	0.025	3	2148
0.025	0.026	4	2152
0.026	0.027	5	2157
0.027	0.028	9	2166
0.028	0.029	6	2172
0.029	0.030	6	2178
0.030	0.031	2	2180
0.031	0.032	5	2185
0.032	0.033	9	2194
0.033	0.034	5	2199
0.034	0.035	8	2207
0.035	0.036	6	2213
0.036	0.037	8	2221
0.037	0.038	8	2229
0.038	0.039	7	2236
0.039	0.040	4	2240
0.040	0.041	5	2245
0.041	0.042	6	2251
0.042	0.043	5	2256
0.043	0.044	4	2260
0.044	0.045	8	2268
0.045	0.046	11	2279
0.046	0.047	7	2286
0.047	0.048	5	2291
0.048	0.049	10	2301
0.049	0.050	4	2305
0.050	0.051	4	2309
0.051	0.052	7	2316
0.052	0.053	3	2319
0.053	0.054	2	2321
0.054	0.055	8	2329
0.055	0.056	5	2334
0.056	0.057	4	2338
0.057	0.058	3	2341
0.058	0.059	2	2343
0.059	0.060	7	2350
0.060	0.061	7	2357
0.061	0.062	5	2362
0.062	0.063	5	2367
0.063	0.064	2	2369
0.064	0.065	7	2376
0.065	0.066	7	2383
0.066	0.067	8	2391
0.067	0.068	5	2396
0.068	0.069	4	2400
0.069	0.070	3	2403
0.070	0.071	8	2411
0.071	0.072	6	2417
0.072	0.073	3	2420
0.073	0.074	8	2428
0.074	0.075	8	2436
0.075	0.076	6	2442
0.076	0.077	6	2448
0.077	0.078	6	2454
0.078	0.079	9	2463
0.079	0.080	5	2468
0.080	0.081	6	2474
0.081	0.082	7	2481
0.082	0.083	8	2489
0.083	0.084	3	2492
0.084	0.085	4	2496
0.085	0.086	6	2502
0.086	0.087	5	2507
0.087	0.088	6	2513
0.088	0.089	7	2520
0.089	0.090	6	2526
0.090	0.091	3	2529
0.091	0.092	7	2536
0.092	0.093	5	2541
0.093	0.094	9	2550
0.094	0.095	9	2559
0.095	0.096	6	2565
0.096	0.097	8	2573
0.097	0.098	7	2580
0.098	0.099	11	2591
0.099	0.100	4	2595
0.100	0.101	3	2598
0.101	0.102	5	2603
0.102	0.103	5	2608
0.103	0.104	2	2610
0.104	0.105	9	2619
0.105	0.106	5	2624
0.106	0.107	6	2630
0.107	0.108	5	2635
0.108	0.109	10	2645
0.109	0.110	10	2655
0.110	0.111	6	2661
0.111	0.112	8	2669
0.112	0.113	8	2677
0.113	0.114	5	2682
0.114	0.115	1	2683
0.115	0.116	7	2690
0.116	0.117	2	2692
0.117	0.118	6	2698
0.118	0.119	10	2708
0.119	0.120	4	2712
0.120	0.121	5	2717
0.121	0.122	8	2725
0.122	0.123	6	2731
0.123	0.124	5	2736
0.124	0.125	1	2737
0.125	0.126	3	2740
0.126	0.127	10	2750
0.127	0.128	1	2751
0.128	0.129	8	2759
0.129	0.130	5	2764
0.130	0.131	8	2772
0.131	0.132	11	2783
0.132	0.133	5	2788
0.133	0.134	4	2792
0.134	0.135	7	2799
0.135	0.136	5	2804
0.136	0.137	11	2815
0.137	0.138	6	2821
0.138	0.139	6	2827
0.139	0.140	3	2830
0.140	0.141	8	2838
0.141	0.142	4	2842
0.142	0.143	3	2845
0.143	0.144	1	2846
0.144	0.145	8	2854
0.145	0.146	5	2859
0.146	0.147	7	2866
0.147	0.148	5	2871
0.148	0.149	4	2875
0.149	0.150	10	2885
0.150	0.151	4	2889
0.151	0.152	9	2898
0.152	0.153	6	2904
0.153	0.154	8	2912
0.154	0.155	6	2918
0.155	0.156	11	2929
0.156	0.157	2	2931
0.157	0.158	9	2940
0.158	0.159	4	2944
0.159	0.160	4	2948
0.160	0.161	9	2957
0.161	0.162	4	2961
0.162	0.163	4	2965
0.163	0.164	7	2972
0.164	0.165	3	2975
0.165	0.166	5	2980
0.166	0.167	9	2989
0.167	0.168	5	2994
0.168	0.169	9	3003
0.169	0.170	4	3007
0.170	0.171	2	3009
0.171	0.172	4	3013
0.172	0.173	5	3018
0.173	0.174	4	3022
0.174	0.175	4	3026
0.175	0.176	8	3034
0.176	0.177	7	3041
0.177	0.178	4	3045
0.178	0.179	3	3048
0.179	0.180	6	3054
0.180	0.181	5	3059
0.181	0.182	3	3062
0.182	0.183	6	3068
0.183	0.184	6	3074
0.184	0.185	1	3075
0.185	0.186	2	3077
0.186	0.187	1	3078
0.187	0.188	9	3087
0.188	0.189	4	3091
0.189	0.190	4	3095
0.190	0.191	4	3099
0.191	0.192	6	3105
0.192	0.193	7	3112
0.193	0.194	4	3116
0.194	0.195	0	3116
0.195	0.196	6	3122
0.196	0.197	3	3125
0.197	0.198	3	3128
0.198	0.199	4	3132
0.199	0.200	6	3138
0.200	0.201	2	3140
0.201	0.202	2	3142
0.202	0.203	3	3145
0.203	0.204	3	3148
0.204	0.205	5	3153
0.205	0.206	7	3160
0.206	0.207	1	3161
0.207	0.208	6	3167
0.208	0.209	2	3169
0.209	0.210	4	3173
0.210	0.211	3	3176
0.211	0.212	6	3182
0.212	0.213	7	3189
0.213	0.214	6	3195
0.214	0.215	4	3199
0.215	0.216	4	3203
0.216	0.217	7	3210
0.217	0.218	5	3215
0.218	0.219	4	3219
0.219	0.220	3	3222
0.220	0.221	5	3227
0.221	0.222	2	3229
0.222	0.223	9	3238
0.223	0.224	4	3242
0.224	0.225	3	3245
0.225	0.226	3	3248
0.226	0.227	0	3248
0.227	0.228	3	3251
0.228	0.229	5	3256
0.229	0.230	5	3261
0.230	0.231	4	3265
0.231	0.232	4	3269
0.232	0.233	2	3271
0.233	0.234	3	3274
0.234	0.235	3	3277
0.235	0.236	9	3286
0.236	0.237	3	3289
0.237	0.238	3	3292
0.238	0.239	4	3296
0.239	0.240	1	3297
0.240	0.241	4	3301
0.241	0.242	5	3306
0.242	0.243	8	3314
0.243	0.244	5	3319
0.244	0.245	7	3326
0.245	0.246	4	3330
0.246	0.247	6	3336
0.247	0.248	8	3344
0.248	0.249	4	3348
0.249	0.250	3	3351
0.250	0.251	4	3355
0.251	0.252	1	3356
0.252	0.253	7	3363
0.253	0.254	4	3367
0.254	0.255	5	3372
0.255	0.256	3	3375
0.256	0.257	5	3380
0.257	0.258	5	3385
0.258	0.259	2	3387
0.259	0.260	2	3389
0.260	0.261	4	3393
0.261	0.262	2	3395
0.262	0.263	6	3401
0.263	0.264	5	3406
0.264	0.265	6	3412
0.265	0.266	3	3415
0.266	0.267	3	3418
0.267	0.268	5	3423
0.268	0.269	4	3427
0.269	0.270	2	3429
0.270	0.271	3	3432
0.271	0.272	5	3437
0.272	0.273	7	3444
0.273	0.274	6	3450
0.274	0.275	4	3454
0.275	0.276	1	3455
0.276	0.277	3	3458
0.277	0.278	5	3463
0.278	0.279	5	3468
0.279	0.280	2	3470
0.280	0.281	3	3473
0.281	0.282	1	3474
0.282	0.283	1	3475
0.283	0.284	3	3478
0.284	0.285	6	3484
0.285	0.286	0	3484
0.286	0.287	2	3486
0.287	0.288	2	3488
0.288	0.289	2	3490
0.289	0.290	4	3494
0.290	0.291	7	3501
0.291	0.292	4	3505
0.292	0.293	2	3507
0.293	0.294	4	3511
0.294	0.295	2	3513
0.295	0.296	9	3522
0.296	0.297	2	3524
0.297	0.298	2	3526
0.298	0.299	3	3529
0.299	0.300	2	3531
0.300	0.301	6	3537
0.301	0.302	1	3538
0.302	0.303	2	3540
0.303	0.304	4	3544
0.304	0.305	4	3548
0.305	0.306	6	3554
0.306	0.307	1	3555
0.307	0.308	4	3559
0.308	0.309	0	3559
0.309	0.310	4	3563
0.310	0.311	3	3566
0.311	0.312	1	3567
0.312	0.313	2	3569
0.313	0.314	3	3572
0.314	0.315	2	3574
0.315	0.316	2	3576
0.316	0.317	2	3578
0.317	0.318	6	3584
0.318	0.319	1	3585
0.319	0.320	2	3587
0.320	0.321	4	3591
0.321	0.322	4	3595
0.322	0.323	5	3600
0.323	0.324	1	3601
0.324	0.325	1	3602
0.325	0.326	4	3606
0.326	0.327	4	3610
0.327	0.328	2	3612
0.328	0.329	3	3615
0.329	0.330	3	3618
0.330	0.331	2	3620
0.331	0.332	2	3622
0.332	0.333	3	3625
0.333	0.334	3	3628
0.334	0.335	4	3632
0.335	0.336	6	3638
0.336	0.337	2	3640
0.337	0.338	3	3643
0.338	0.339	4	3647
0.339	0.340	0	3647
0.340	0.341	4	3651
0.341	0.342	3	3654
0.342	0.343	2	3656
0.343	0.344	2	3658
0.344	0.345	1	3659
0.345	0.346	3	3662
0.346	0.347	5	3667
0.347	0.348	2	3669
0.348	0.349	5	3674
0.349	0.350	2	3676
0.350	0.351	2	3678
0.351	0.352	5	3683
0.352	0.353	2	3685
0.353	0.354	4	3689
0.354	0.355	3	3692
0.355	0.356	2	3694
0.356	0.357	4	3698
0.357	0.358	1	3699
0.358	0.359	2	3701
0.359	0.360	4	3705
0.360	0.361	4	3709
0.361	0.362	1	3710
0.362	0.363	3	3713
0.363	0.364	0	3713
0.364	0.365	3	3716
0.365	0.366	3	3719
0.366	0.367	2	3721
0.367	0.368	5	3726
0.368	0.369	4	3730
0.369	0.370	0	3730
0.370	0.371	2	3732
0.371	0.372	1	3733
0.372	0.373	4	3737
0.373	0.374	1	3738
0.374	0.375	5	3743
0.375	0.376	2	3745
0.376	0.377	2	3747
0.377	0.378	3	3750
0.378	0.379	4	3754
0.379	0.380	0	3754
0.380	0.381	3	3757
0.381	0.382	2	3759
0.382	0.383	2	3761
0.383	0.384	2	3763
0.384	0.385	3	3766
0.385	0.386	3	3769
0.386	0.387	3	3772
0.387	0.388	0	3772
0.388	0.389	1	3773
0.389	0.390	3	3776
0.390	0.391	3	3779
0.391	0.392	2	3781
0.392	0.393	0	3781
0.393	0.394	2	3783
0.394	0.395	1	3784
0.395	0.396	5	3789
0.396	0.397	1	3790
0.397	0.398	3	3793
0.398	0.399	1	3794
0.399	0.400	0	3794
0.400	0.401	1	3795
0.401	0.402	1	3796
0.402	0.403	4	3800
0.403	0.404	3	3803
0.404	0.405	3	3806
0.405	0.406	2	3808
0.406	0.407	1	3809
0.407	0.408	1	3810
0.408	0.409	2	3812
0.409	0.410	1	3813
0.410	0.411	2	3815
0.411	0.412	3	3818
0.412	0.413	0	3818
0.413	0.414	1	3819
0.414	0.415	1	3820
0.415	0.416	0	3820
0.416	0.417	4	3824
0.417	0.418	2	3826
0.418	0.419	3	3829
0.419	0.420	2	3831
0.420	0.421	3	3834
0.421	0.422	3	3837
0.422	0.423	0	3837
0.423	0.424	2	3839
0.424	0.425	2	3841
0.425	0.426	1	3842
0.426	0.427	1	3843
0.427	0.428	2	3845
0.428	0.429	0	3845
0.429	0.430	4	3849
0.430	0.431	1	3850
0.431	0.432	1	3851
0.432	0.433	0	3851
0.433	0.434	3	3854
0.434	0.435	0	3854
0.435	0.436	2	3856
0.436	0.437	0	3856
0.437	0.438	0	3856
0.438	0.439	2	3858
0.439	0.440	2	3860
0.440	0.441	0	3860
0.441	0.442	2	3862
0.442	0.443	3	3865
0.443	0.444	4	3869
0.444	0.445	2	3871
0.445	0.446	4	3875
0.446	0.447	2	3877
0.447	0.448	2	3879
0.448	0.449	2	3881
0.449	0.450	3	3884
0.450	0.451	1	3885
0.451	0.452	1	3886
0.452	0.453	1	3887
0.453	0.454	0	3887
0.454	0.455	2	3889
0.455	0.456	2	3891
0.456	0.457	1	3892
0.457	0.458	2	3894
0.458	0.459	1	3895
0.459	0.460	1	3896
0.460	0.461	1	3897
0.461	0.462	0	3897
0.462	0.463	2	3899
0.463	0.464	1	3900
0.464	0.465	1	3901
0.465	0.466	1	3902
0.466	0.467	1	3903
0.467	0.468	3	3906
0.468	0.469	2	3908
0.469	0.470	1	3909
0.470	0.471	1	3910
0.471	0.472	1	3911
0.472	0.473	2	3913
0.473	0.474	1	3914
0.474	0.475	1	3915
0.475	0.476	1	3916
0.476	0.477	0	3916
0.477	0.478	0	3916
0.478	0.479	0	3916
0.479	0.480	1	3917
0.480	0.481	1	3918
0.481	0.482	0	3918
0.482	0.483	3	3921
0.483	0.484	1	3922
0.484	0.485	0	3922
0.485	0.486	1	3923
0.486	0.487	0	3923
0.487	0.488	1	3924
0.488	0.489	1	3925
0.489	0.490	1	3926
0.490	0.491	0	3926
0.491	0.492	0	3926
0.492	0.493	0	3926
0.493	0.494	4	3930
0.494	0.495	2	3932
0.495	0.496	1	3933
0.496	0.497	0	3933
0.497	0.498	5	3938
0.498	0.499	0	3938
0.499	0.500	0	3938
0.500	0.501	1	3939
0.501	0.502	1	3940
0.502	0.503	1	3941
0.503	0.504	0	3941
0.504	0.505	0	3941
0.505	0.506	1	3942
0.506	0.507	1	3943
0.507	0.508	1	3944
0.508	0.509	0	3944
0.509	0.510	3	3947
0.510	0.511	2	3949
0.511	0.512	1	3950
0.512	0.513	2	3952
0.513	0.514	3	3955
0.514	0.515	5	3960
0.515	0.516	1	3961
0.516	0.517	1	3962
0.517	0.518	1	3963
0.518	0.519	1	3964
0.519	0.520	1	3965
0.520	0.521	2	3967
0.521	0.522	0	3967
0.522	0.523	1	3968
0.523	0.524	2	3970
0.524	0.525	0	3970
0.525	0.526	0	3970
0.526	0.527	5	3975
0.527	0.528	0	3975
0.528	0.529	0	3975
0.529	0.530	0	3975
0.530	0.531	3	3978
0.531	0.532	1	3979
0.532	0.533	3	3982
0.533	0.534	2	3984
0.534	0.535	1	3985
0.535	0.536	0	3985
0.536	0.537	1	3986
0.537	0.538	0	3986
0.538	0.539	0	3986
0.539	0.540	0	3986
0.540	0.541	3	3989
0.541	0.542	1	3990
0.542	0.543	2	3992
0.543	0.544	0	3992
0.544	0.545	2	3994
0.545	0.546	1	3995
0.546	0.547	3	3998
0.547	0.548	2	4000
0.548	0.549	0	4000
0.549	0.550	0	4000
0.550	0.551	0	4000
0.551	0.552	0	4000
0.552	0.553	2	4002
0.553	0.554	0	4002
0.554	0.555	0	4002
0.555	0.556	2	4004
0.556	0.557	0	4004
0.557	0.558	0	4004
0.558	0.559	0	4004
0.559	0.560	0	4004
0.560	0.561	0	4004
0.561	0.562	2	4006
0.562	0.563	0	4006
0.563	0.564	2	4008
0.564	0.565	1	4009
0.565	0.566	0	4009
0.566	0.567	0	4009
0.567	0.568	2	4011
0.568	0.569	0	4011
0.569	0.570	1	4012
0.570	0.571	0	4012
0.571	0.572	1	4013
0.572	0.573	0	4013
0.573	0.574	0	4013
0.574	0.575	0	4013
0.575	0.576	0	4013
0.576	0.577	1	4014
0.577	0.578	0	4014
0.578	0.579	0	4014
0.579	0.580	3	4017
0.580	0.581	1	4018
0.581	0.582	0	4018
0.582	0.583	0	4018
0.583	0.584	1	4019
0.584	0.585	0	4019
0.585	0.586	2	4021
0.586	0.587	0	4021
0.587	0.588	1	4022
0.588	0.589	1	4023
0.589	0.590	1	4024
0.590	0.591	0	4024
0.591	0.592	1	4025
0.592	0.593	1	4026
0.593	0.594	1	4027
0.594	0.595	1	4028
0.595	0.596	0	4028
0.596	0.597	0	4028
0.597	0.598	1	4029
0.598	0.599	1	4030
0.599	0.600	0	4030
0.600	0.601	0	4030
0.601	0.602	1	4031
0.602	0.603	0	4031
0.603	0.604	0	4031
0.604	0.605	0	4031
0.605	0.606	0	4031
0.606	0.607	1	4032
0.607	0.608	2	4034
0.608	0.609	0	4034
0.609	0.610	0	4034
0.610	0.611	1	4035
0.611	0.612	0	4035
0.612	0.613	0	4035
0.613	0.614	0	4035
0.614	0.615	0	4035
0.615	0.616	0	4035
0.616	0.617	0	4035
0.617	0.618	1	4036
0.618	0.619	1	4037
0.619	0.620	1	4038
0.620	0.621	0	4038
0.621	0.622	0	4038
0.622	0.623	0	4038
0.623	0.624	1	4039
0.624	0.625	1	4040
0.625	0.626	1	4041
0.626	0.627	0	4041
0.627	0.628	1	4042
0.628	0.629	1	4043
0.629	0.630	1	4044
0.630	0.631	1	4045
0.631	0.632	4	4049
0.632	0.633	0	4049
0.633	0.634	1	4050
0.634	0.635	0	4050
0.635	0.636	0	4050
0.636	0.637	0	4050
0.637	0.638	0	4050
0.638	0.639	1	4051
0.639	0.640	1	4052
0.640	0.641	0	4052
0.641	0.642	2	4054
0.642	0.643	1	4055
0.643	0.644	0	4055
0.644	0.645	0	4055
0.645	0.646	0	4055
0.646	0.647	0	4055
0.647	0.648	1	4056
0.648	0.649	0	4056
0.649	0.650	0	4056
0.650	0.651	0	4056
0.651	0.652	2	4058
0.652	0.653	0	4058
0.653	0.654	0	4058
0.654	0.655	1	4059
0.655	0.656	0	4059
0.656	0.657	0	4059
0.657	0.658	2	4061
0.658	0.659	0	4061
0.659	0.660	1	4062
0.660	0.661	0	4062
0.661	0.662	1	4063
0.662	0.663	1	4064
0.663	0.664	2	4066
0.664	0.665	0	4066
0.665	0.666	0	4066
0.666	0.667	0	4066
0.667	0.668	0	4066
0.668	0.669	0	4066
0.669	0.670	1	4067
0.670	0.671	0	4067
0.671	0.672	1	4068
0.672	0.673	0	4068
0.673	0.674	0	4068
0.674	0.675	0	4068
0.675	0.676	1	4069
0.676	0.677	1	4070
0.677	0.678	0	4070
0.678	0.679	0	4070
0.679	0.680	0	4070
0.680	0.681	0	4070
0.681	0.682	0	4070
0.682	0.683	0	4070
0.683	0.684	0	4070
0.684	0.685	0	4070
0.685	0.686	0	4070
0.686	0.687	0	4070
0.687	0.688	0	4070
0.688	0.689	1	4071
0.689	0.690	0	4071
0.690	0.691	0	4071
0.691	0.692	0	4071
0.692	0.693	0	4071
0.693	0.694	0	4071
0.694	0.695	0	4071
0.695	0.696	1	4072
0.696	0.697	0	4072
0.697	0.698	0	4072
0.698	0.699	1	4073
0.699	0.700	1	4074
0.700	0.701	0	4074
0.701	0.702	1	4075
0.702	0.703	1	4076
0.703	0.704	0	4076
0.704	0.705	0	4076
0.705	0.706	1	4077
0.706	0.707	0	4077
0.707	0.708	0	4077
0.708	0.709	0	4077
0.709	0.710	1	4078
0.710	0.711	0	4078
0.711	0.712	0	4078
0.712	0.713	0	4078
0.713	0.714	0	4078
0.714	0.715	0	4078
0.715	0.716	0	4078
0.716	0.717	0	4078
0.717	0.718	0	4078
0.718	0.719	0	4078
0.719	0.720	0	4078
0.720	0.721	0	4078
0.721	0.722	0	4078
0.722	0.723	1	4079
0.723	0.724	1	4080
0.724	0.725	0	4080
0.725	0.726	0	4080
0.726	0.727	1	4081
0.727	0.728	0	4081
0.728	0.729	0	4081
0.729	0.730	1	4082
0.730	0.731	0	4082
0.731	0.732	0	4082
0.732	0.733	0	4082
0.733	0.734	1	4083
0.734	0.735	0	4083
0.735	0.736	0	4083
0.736	0.737	1	4084
0.737	0.738	0	4084
0.738	0.739	0	4084
0.739	0.740	0	4084
0.740	0.741	0	4084
0.741	0.742	0	4084
0.742	0.743	0	4084
0.743	0.744	1	4085
0.744	0.745	0	4085
0.745	0.746	0	4085
0.746	0.747	0	4085
0.747	0.748	0	4085
0.748	0.749	0	4085
0.749	0.750	0	4085
0.750	0.751	0	4085
0.751	0.752	0	4085
0.752	0.753	0	4085
0.753	0.754	0	4085
0.754	0.755	1	4086
0.755	0.756	0	4086
0.756	0.757	0	4086
0.757	0.758	0	4086
0.758	0.759	0	4086
0.759	0.760	0	4086
0.760	0.761	0	4086
0.761	0.762	0	4086
0.762	0.763	0	4086
0.763	0.764	0	4086
0.764	0.765	0	4086
0.765	0.766	0	4086
0.766	0.767	0	4086
0.767	0.768	0	4086
0.768	0.769	0	4086
0.769	0.770	0	4086
0.770	0.771	1	4087
0.771	0.772	0	4087
0.772	0.773	0	4087
0.773	0.774	0	4087
0.774	0.775	0	4087
0.775	0.776	0	4087
0.776	0.777	0	4087
0.777	0.778	0	4087
0.778	0.779	0	4087
0.779	0.780	0	4087
0.780	0.781	0	4087
0.781	0.782	0	4087
0.782	0.783	0	4087
0.783	0.784	0	4087
0.784	0.785	0	4087
0.785	0.786	0	4087
0.786	0.787	1	4088
0.787	0.788	0	4088
0.788	0.789	0	4088
0.789	0.790	0	4088
0.790	0.791	0	4088
0.791	0.792	0	4088
0.792	0.793	0	4088
0.793	0.794	0	4088
0.794	0.795	0	4088
0.795	0.796	0	4088
0.796	0.797	0	4088
0.797	0.798	1	4089
0.798	0.799	0	4089
0.799	0.800	1	4090
0.800	0.801	0	4090
0.801	0.802	0	4090
0.802	0.803	0	4090
0.803	0.804	0	4090
0.804	0.805	0	4090
0.805	0.806	0	4090
0.806	0.807	0	4090
0.807	0.808	0	4090
0.808	0.809	0	4090
0.809	0.810	0	4090
0.810	0.811	0	4090
0.811	0.812	0	4090
0.812	0.813	0	4090
0.813	0.814	0	4090
0.814	0.815	0	4090
0.815	0.816	0	4090
0.816	0.817	0	4090
0.817	0.818	0	4090
0.818	0.819	0	4090
0.819	0.820	0	4090
0.820	0.821	0	4090
0.821	0.822	0	4090
0.822	0.823	0	4090
0.823	0.824	0	4090
0.824	0.825	1	4091
0.825	0.826	0	4091
0.826	0.827	0	4091
0.827	0.828	0	4091
0.828	0.829	1	4092
0.829	0.830	0	4092
0.830	0.831	0	4092
0.831	0.832	0	4092
0.832	0.833	0	4092
0.833	0.834	1	4093
0.834	0.835	0	4093
0.835	0.836	0	4093
0.836	0.837	0	4093
0.837	0.838	0	4093
0.838	0.839	0	4093
0.839	0.840	0	4093
0.840	0.841	1	4094
0.841	0.842	0	4094
0.842	0.843	0	4094
0.843	0.844	0	4094
0.844	0.845	1	4095
0.845	0.846	0	4095
0.846	0.847	0	4095
0.847	0.848	0	4095
0.848	0.849	0	4095
0.849	0.850	0	4095
0.850	0.851	0	4095
0.851	0.852	0	4095
0.852	0.853	0	4095
0.853	0.854	0	4095
0.854	0.855	0	4095
0.855	0.856	0	4095
0.856	0.857	0	4095
0.857	0.858	0	4095
0.858	0.859	0	4095
0.859	0.860	0	4095
0.860	0.861	0	4095
0.861	0.862	0	4095
0.862	0.863	0	4095
0.863	0.864	0	4095
0.864	0.865	0	4095
0.865	0.866	0	4095
0.866	0.867	0	4095
0.867	0.868	0	4095
0.868	0.869	0	4095
0.869	0.870	0	4095
0.870	0.871	0	4095
0.871	0.872	0	4095
0.872	0.873	0	4095
0.873	0.874	0	4095
0.874	0.875	0	4095
0.875	0.876	0	4095
0.876	0.877	0	4095
0.877	0.878	0	4095
0.878	0.879	0	4095
0.879	0.880	0	4095
0.880	0.881	0	4095
0.881	0.882	0	4095
0.882	0.883	0	4095
0.883	0.884	0	4095
0.884	0.885	0	4095
0.885	0.886	0	4095
0.886	0.887	0	4095
0.887	0.888	0	4095
0.888	0.889	0	4095
0.889	0.890	0	4095
0.890	0.891	0	4095
0.891	0.892	0	4095
0.892	0.893	0	4095
0.893	0.894	0	4095
0.894	0.895	0	4095
0.895	0.896	0	4095
0.896	0.897	0	4095
0.897	0.898	0	4095
0.898	0.899	0	4095
0.899	0.900	0	4095
0.900	0.901	0	4095
0.901	0.902	0	4095
0.902	0.903	0	4095
0.903	0.904	0	4095
0.904	0.905	0	4095
0.905	0.906	0	4095
0.906	0.907	0	4095
0.907	0.908	0	4095
0.908	0.909	0	4095
0.909	0.910	0	4095
0.910	0.911	0	4095
0.911	0.912	0	4095
0.912	0.913	0	4095
0.913	0.914	0	4095
0.914	0.915	0	4095
0.915	0.916	0	4095
0.916	0.917	0	4095
0.917	0.918	0	4095
0.918	0.919	0	4095
0.919	0.920	0	4095
0.920	0.921	0	4095
0.921	0.922	0	4095
0.922	0.923	0	4095
0.923	0.924	0	4095
0.924	0.925	0	4095
0.925	0.926	0	4095
0.926	0.927	0	4095
0.927	0.928	0	4095
0.928	0.929	0	4095
0.929	0.930	0	4095
0.930	0.931	0	4095
0.931	0.932	0	4095
0.932	0.933	0	4095
0.933	0.934	0	4095
0.934	0.935	0	4095
0.935	0.936	0	4095
0.936	0.937	0	4095
0.937	0.938	0	4095
0.938	0.939	0	4095
0.939	0.940	0	4095
0.940	0.941	0	4095
0.941	0.942	0	4095
0.942	0.943	0	4095
0.943	0.944	0	4095
0.944	0.945	0	4095
0.945	0.946	0	4095
0.946	0.947	0	4095
0.947	0.948	0	4095
0.948	0.949	0	4095
0.949	0.950	0	4095
0.950	0.951	0	4095
0.951	0.952	0	4095
0.952	0.953	0	4095
0.953	0.954	0	4095
0.954	0.955	0	4095
0.955	0.956	0	4095
0.956	0.957	0	4095
0.957	0.958	0	4095
0.958	0.959	0	4095
0.959	0.960	0	4095
0.960	0.961	0	4095
0.961	0.962	0	4095
0.962	0.963	0	4095
0.963	0.964	0	4095
0.964	0.965	0	4095
0.965	0.966	0	4095
0.966	0.967	0	4095
0.967	0.968	0	4095
0.968	0.969	0	4095
0.969	0.970	0	4095
0.970	0.971	0	4095
0.971	0.972	0	4095
0.972	0.973	0	4095
0.973	0.974	0	4095
0.974	0.975	0	4095
0.975	0.976	0	4095
0.976	0.977	0	4095
0.977	0.978	0	4095
0.978	0.979	0	4095
0.979	0.980	0	4095
0.980	0.981	0	4095
0.981	0.982	0	4095
0.982	0.983	0	4095
0.983	0.984	0	4095
0.984	0.985	0	4095
0.985	0.986	0	4095
0.986	0.987	0	4095
0.987	0.988	0	4095
0.988	0.989	0	4095
0.989	0.990	0	4095
0.990	0.991	0	4095
0.991	0.992	0	4095
0.992	0.993	0	4095
0.993	0.994	0	4095
0.994	0.995	0	4095
0.995	0.996	0	4095
0.996	0.997	0	4095
0.997	0.998	0	4095
0.998	0.999	0	4095
0.999	1.000	0	4095
1.000	1.001	0	4095
mean value = 0.022040
variance = 0.063083
standard deviation = 0.251164
skewness = 0.003440
kurtosis = 0.011676
lower quartile = -0.151893
median_value = 0.008278
upper quartile = 0.183542
interquartile range = 0.335435
