9.159471029	9.193304749	9.169450182	9.068259283	9.45517975	9.356820905	9.301353818	9.131983176	9.149476009	9.109396284	9.216203982	8.929081466	8.944929707	9.088526247	9.237383051	9.002531908	9.09947524	8.476644543	8.860778111	9.554037649	10.19550325	9.534753916	9.164804675	9.609010947	9.521342893	9.373834964	9.331264827	9.184921381	8.390791421	9.121672477	9.129825694	9.089894183	8.649392392	8.662629912	9.175986907	9.096314111	9.186383449	9.011295325	9.002724849	9.253191382	8.936992225	9.017921325	8.736566542	8.733975773	9.400396938	9.263805803	8.727314028	9.093745157	8.557602661	9.00888744
6.641231742	6.893909643	7.30973292	5.843917863	7.102017249	6.700965425	7.360321795	6.365287205	7.101547345	7.292841461	7.265625668	6.953872123	6.872701815	6.816552607	7.29048223	6.685705931	6.958989695	6.386735395	6.888696506	7.247610787	8.148968724	7.602160623	7.789060621	7.568675444	7.217885875	7.139643807	6.727636471	6.583915233	6.104183224	6.94517512	6.50740824	6.923241424	6.623430764	6.568146917	6.911838155	6.880504861	6.868192062	6.585640366	6.525964639	6.918105936	6.279551793	6.685052875	7.378637555	6.379049337	5.312425233	7.641304629	6.728880858	6.959785039	5.975788346	7.150156509
7.644881978	7.932984934	7.36811918	7.518650467	7.51063204	7.695465006	7.551395927	7.521939003	7.611267898	7.364530337	7.30720086	7.301903994	7.586171687	7.298138914	7.521752782	7.540345938	7.256741842	7.619840768	7.33045896	7.516548247	6.876659176	7.669305028	7.59939431	7.343889265	7.469160488	7.768785651	7.634737746	7.648326941	8.107323891	7.931217222	8.003788796	7.543095323	7.45989639	7.772666723	7.715099162	7.896686618	7.711897616	7.887875532	7.9033414	7.86903696	8.085562721	7.480775875	7.264211744	7.650809626	8.594708353	7.225560409	7.805249027	7.535536197	7.97370127	7.271726436
9.304867475	8.824139243	8.971416257	7.992272691	8.055481788	8.830555277	9.37410693	8.533845115	8.966440567	9.465820127	8.853876874	9.659768568	9.787374282	10.19329676	9.326943161	10.20908614	10.56561074	10.12681019	9.151053987	7.744593573	8.005857524	7.443624762	7.34035401	7.810007077	9.087303442	9.048545899	9.345527711	9.499806953	9.248568307	9.137070862	8.921507399	9.017485203	9.501515771	9.173167783	9.243371722	9.066030938	9.110346248	8.11104442	8.598722065	9.201725823	8.966849535	8.359492168	8.977795113	8.351296201	8.03796485	9.22004148	8.601744088	8.836139279	9.179274285	10.18045262
6.051910266	6.023045231	6.132318172	5.773583476	5.450862097	6.154354723	6.442892095	5.907175681	6.011716905	6.937303987	6.021920518	6.527714089	5.595210946	6.210906237	6.220579921	5.78687113	5.960902841	5.958988296	5.948982048	6.108629838	5.621329962	5.939274434	6.439052608	6.215548069	5.847969149	5.96408683	6.30593417	6.100878147	5.325057508	6.404459157	5.886481597	6.270104891	5.949640678	5.869914013	5.789454814	5.947926244	5.991909531	5.949066743	5.869153138	6.052711855	5.642510203	5.971891558	6.15288328	6.131752667	5.588991403	6.336881154	5.926942081	5.953578315	5.775494182	5.883976484
8.093433154	8.006642701	8.32794248	8.577820675	7.869418736	8.112724681	8.304118506	7.883413988	7.960406742	8.75626091	7.844480135	7.996042847	7.995603859	7.810975416	7.936401159	7.865593675	7.907308922	7.72200802	8.543681216	8.328651928	6.703895422	8.34654968	8.286010549	7.878106582	7.735651251	8.230961701	8.433075081	8.220035892	8.116755816	8.422919393	8.173930388	8.088962256	7.873291549	8.033408911	7.81532611	8.410651272	7.89295163	8.058123174	8.538556371	8.028352135	7.433158635	8.862291721	8.289545916	8.290303576	7.828850463	8.370667344	8.562988615	8.401532342	7.815530278	8.160811886
6.23138544	6.248263525	6.326007537	6.441622897	7.821949642	6.113303571	6.420781073	6.026677713	5.747364488	6.466898	6.415284461	6.237906013	6.284294617	5.947215031	6.673436329	5.960025568	5.605820687	5.593553235	6.637035154	6.75596748	6.027393573	6.560126767	6.47593655	6.241061967	5.925415047	6.565079697	6.425667553	6.378051819	6.124163188	5.827110479	6.538703903	6.35268348	6.526673149	6.252266228	6.218002339	6.361825383	5.989119668	6.539358091	6.15574779	6.340850592	6.05015366	7.012200606	6.306490927	6.517854469	6.643357045	6.078932838	6.537468354	6.302500716	6.109371371	6.108795518
4.259337186	4.146176442	4.132019553	3.814451886	3.992861992	4.037220396	4.147907742	4.136372305	4.255905415	4.238193485	4.103778164	4.277428605	3.762437393	4.503224916	3.775557848	4.199831739	4.227305584	4.066240367	4.2393238	4.360470514	3.85168199	4.130001286	4.169110701	4.592038959	4.388617588	4.438288321	4.145908402	4.045898736	3.820853591	4.204479707	4.278018784	4.123099047	3.808113325	3.780285008	4.254744773	3.84019386	4.219723384	3.966022151	4.168568277	3.990141982	4.332946769	4.193052719	3.805355966	4.352979579	4.009877067	4.100579712	4.200554961	4.117853953	4.033998209	4.458581166
9.42510656	9.246808557	9.105815605	9.801637811	9.336781795	9.36180792	9.412626222	9.369364118	9.548175839	9.617241364	9.273444214	9.370592689	9.670668328	9.59871077	9.473686113	9.604262076	9.464635605	9.69004614	9.669593647	8.944937563	8.384807116	8.489212699	8.64888969	8.933751781	9.331815884	9.541539561	9.719980733	9.883497868	9.693228031	9.541567492	9.455261784	9.398655336	9.49195957	9.575263095	9.394415189	9.191011443	9.542876598	9.277318258	9.457477509	9.537190657	9.528110899	9.662475551	9.469342502	9.918570169	9.759311235	9.202644046	9.56824258	9.640901469	9.939652363	9.584044642
4.692264299	4.858521703	4.954913236	4.896341472	4.771345557	4.962706182	4.890557184	5.005971972	4.786253745	4.843786795	5.109739254	4.72738417	4.827234992	5.134659291	5.029634957	4.892236307	4.818076686	5.037882619	4.928200072	4.974756569	5.081727324	4.953702715	4.712498438	4.868552424	4.848743951	4.893392354	4.699009396	4.949007254	4.656309667	4.869813441	5.035844496	4.806242458	4.833611324	4.945975502	4.964769046	5.037339061	4.785232213	4.87264881	4.751371557	4.874174408	4.853710101	4.706046169	4.962572916	4.901145209	4.811204201	5.011096983	4.803558123	4.680986571	4.790860389	5.155681936
8.04103883	8.64471908	9.001142409	7.529903082	7.780841636	8.363815738	8.970515087	7.437636622	7.628866194	8.132377008	8.643504374	8.129580596	8.717196355	8.613662838	8.963529867	8.466994161	8.269542412	8.268205284	8.502980858	8.214082129	8.124506857	8.287769894	9.234936417	8.81984099	8.523097594	8.895827423	8.414733228	8.726370276	7.723955421	8.0256501	8.081503542	8.577817541	9.215169531	8.348300049	8.775324653	8.376862086	7.678287374	8.700980784	7.80493345	8.51386244	7.972616144	8.196272021	8.487832283	7.557401794	7.742001766	8.102933042	7.6016401	8.079422621	7.270398009	8.008381151
2.569723379	2.452887839	2.468288363	2.594966458	2.681789942	2.458046316	2.425118388	2.575978481	2.670572123	2.419691118	2.555382917	2.565859767	2.497921464	2.406807904	2.458721035	2.482451576	2.54153855	2.502176024	2.514103507	2.678289069	2.501522803	2.553995762	2.674056061	2.574803786	2.599756874	2.548116612	2.786825188	2.55171869	2.644297737	2.748120276	2.682445527	2.750032623	2.7169589	2.595492291	2.505671676	2.665558513	2.491883089	2.670697126	2.574803786	2.512433213	2.683766422	2.558291844	2.617470115	2.694130587	2.555524923	2.443741843	2.685132652	2.618654356	2.490375586	2.550525053
6.921456688	7.319091945	7.144878234	7.088099842	7.739796455	7.22926967	7.124831362	6.917688674	6.841901627	6.788337052	7.018959863	6.823054821	7.007263138	7.040665511	7.403350604	6.98629096	6.934301646	6.674739802	6.888743706	7.154103159	7.170665566	7.625074511	7.59906483	7.359203211	7.034864087	7.325666135	7.181551813	7.22722765	7.23552923	6.623658936	7.297149709	7.202010534	7.07094727	6.975252227	7.226435332	7.083517018	7.067547862	7.288445983	6.896678702	7.105971847	6.600988747	7.372603166	7.107347165	7.074578327	7.528906702	6.842844954	7.009455502	7.033666549	6.958362357	6.370961399
7.243537505	7.759991195	7.540355135	8.601196368	7.656110484	7.931422089	7.03671455	8.385986956	7.589860747	6.876991258	7.720228816	6.567327332	7.7810597	6.540547993	7.592963113	7.415371075	6.51253482	7.682511163	7.841028976	7.995349092	7.967117815	7.616871602	7.811463412	6.704051642	7.250299873	7.237129177	7.090464733	7.72016647	8.232777509	6.746279991	7.920768926	7.253060806	7.191261604	7.885992163	7.125729931	7.497634571	7.905795514	8.18665455	8.558467996	7.911952423	8.230733206	8.283118394	7.340301321	8.186465391	8.712747838	6.671450088	7.904178661	7.652328614	8.228748942	6.350629768
6.546839029	5.742458975	7.885943272	6.096242402	7.891571123	9.400018208	7.27678609	6.798567755	6.555419097	5.788604159	7.168690371	6.024181954	6.244297777	6.542006719	5.444672471	6.491002486	6.942127639	6.485008438	7.502250712	7.695457841	11.59140114	7.200107003	7.100927641	7.579482243	6.876795117	5.713204611	5.432554374	6.100062831	6.305419074	5.55503811	6.599879267	5.66312313	6.810819482	5.397764875	6.882691814	5.45561494	6.936546808	6.954836993	5.967896608	6.45262354	8.248714594	6.773038786	6.665742385	6.103301346	7.17118208	6.65816285	8.096502671	6.944428109	8.033398024	6.846321705
3.483289248	3.488877873	3.639014036	3.698327152	3.616047668	3.640601567	3.528335008	3.554007383	3.76919311	3.737948342	3.761866733	3.605729462	3.784623211	3.565988015	3.576801778	3.86082246	4.060081467	3.748010244	3.455646656	3.496279462	3.937432481	3.876728662	3.6583839	3.718573867	3.550707128	3.596452347	3.485410431	3.541958728	3.461173433	3.775012723	3.577969775	3.629908062	3.85094229	3.561114654	3.566872854	3.478461122	3.60036739	3.873978817	3.653971637	3.662671678	3.588708977	3.558654601	3.553947859	3.760248396	3.552686085	3.671101657	3.705300985	3.558355134	3.663642203	3.719239141
4.672219678	4.435369645	4.595978625	4.783578067	4.701815443	4.465225114	4.766943906	4.46574576	4.704836738	4.97174915	4.953049009	4.992863912	4.4539398	4.577356625	4.562528432	4.932683444	5.255942621	4.713159441	4.307121322	4.741912865	6.156438538	4.612298193	4.65138716	4.935529956	4.789702801	4.98850216	4.590753787	4.810672349	4.681634244	5.087999267	4.906823974	4.933071903	4.8311415	4.762732841	4.796048493	4.736321652	4.751946115	4.812462732	4.417785075	4.439986989	5.080882896	4.595756255	5.175530817	4.911566519	4.856976322	5.039776802	4.768457808	4.866018162	4.820232419	4.974324831
5.021321127	5.088731229	5.532934106	5.48504465	5.567051939	5.429952809	5.376390498	5.244131627	5.159580409	5.25000463	5.263233376	5.206175393	5.271680167	5.830083443	5.516697233	5.475549028	5.611638212	5.652001282	4.949060756	5.046871684	5.165403901	5.560813435	5.3238719	5.45686516	5.62014098	5.140013859	4.822909282	5.291237899	5.557446115	5.428591359	5.382980582	5.29458592	5.127888094	5.226279354	5.262926596	5.312036495	5.457090411	5.620254168	5.656846128	5.473485172	5.729826913	5.297049009	5.334194952	5.741737129	5.600070479	5.45023756	5.77917837	4.990209625	5.633815162	5.886406692
11.11289008	11.26794268	11.05045408	10.53741714	9.810259869	11.10513467	11.26323684	10.58065083	11.11712009	11.18680087	11.18717989	11.24119925	11.4162401	11.45725364	11.44580434	11.65276837	11.72256218	11.70886302	11.08240188	10.55439651	9.572628617	9.786988727	10.24683828	10.61329529	11.0546682	11.12006434	11.15005902	11.38478726	11.07800514	10.78965611	10.7274592	11.07922401	11.28183447	11.50184145	10.96810435	10.93515952	11.44578634	10.56461662	11.31408009	11.47978964	10.97529417	10.53265622	11.06319671	11.10450587	10.14067088	11.13450695	11.39372768	10.93472242	11.14686887	11.46161077
2.652212171	2.636528824	2.714629063	3.264122145	3.508830265	2.733528007	2.799992064	2.644297737	2.780744648	2.515977817	2.459390066	2.79779113	2.758146546	2.571852952	2.681412502	2.527220414	2.646996007	2.757843774	2.705181774	2.521616548	2.828311684	2.571906662	2.545203866	2.605374589	2.779259462	2.654106227	2.973518717	2.795157043	2.800586232	2.69486557	2.779621927	2.560599517	2.594079623	2.695467347	2.424573131	2.734732532	2.88307377	2.768989127	2.865733348	2.705941881	3.025257563	2.904747948	2.946846596	3.104333561	2.822215881	2.601659358	2.760953206	2.458865634	2.614275723	2.714518251
3.877592309	3.984639205	3.862656664	4.024049483	4.191860566	4.012642648	4.242076934	3.84674315	3.767827893	3.933321781	3.887137043	4.015011129	4.277506069	4.085335667	4.076223703	4.05617319	4.248108499	4.401383628	4.038945938	3.783708441	3.390984617	3.842677134	3.820749257	3.540396744	4.093395138	4.142834889	3.888290069	3.810269701	3.980140592	4.237222095	3.891980052	4.054543837	4.096860659	3.921372974	3.786467071	3.986565747	4.103083965	4.020076426	4.161865517	4.004608209	4.27439177	3.839646936	4.05802883	3.99433125	3.856024317	3.964921633	4.204578455	4.020386641	4.16978525	4.567650622
4.24517627	3.249889644	4.476514547	3.495230248	3.358776941	4.353941975	3.559187778	3.415846112	3.426111984	3.673491818	3.761189558	3.584591565	3.277268225	3.459075048	3.244603868	3.547275909	3.705127289	3.343253453	4.061682955	3.498464916	7.98264206	3.527551081	4.028359939	3.861062596	3.516777998	3.351764179	3.322608694	3.465440647	3.406599452	3.407308906	3.397920092	3.308159454	3.401582778	3.253432247	3.543289821	3.458308564	3.43564923	3.540153638	3.356703956	3.313759777	3.441473902	3.792856673	3.38978557	3.649288208	3.38732495	3.985200774	3.431413431	3.708246124	3.596028877	3.570746627
3.730739226	3.534268482	3.773068544	4.112856451	3.718481327	3.799166153	3.691538356	3.761452779	3.720182862	3.825242988	3.758130001	3.83294012	3.687585293	3.741362305	3.83641093	3.713946735	3.693179065	3.971836887	3.63919556	3.697719247	3.652440688	3.855282561	3.911521629	4.09044209	3.860198548	3.802862146	3.780072673	3.697307024	3.837265712	3.80193295	3.769409624	3.772534625	3.787380486	3.77454063	3.774134961	3.734338049	3.810053896	3.842590535	3.73450642	3.865034188	3.846626658	3.762305127	3.776653011	3.880306649	3.694261533	3.762274006	3.91942281	3.727093511	3.80525919	4.063088473
2.548332781	2.48474021	2.600397624	2.683853019	2.648594946	2.678611287	2.749525421	2.695158925	2.6980262	2.710750578	2.61611502	2.773066825	2.825439959	2.728242001	2.748801528	2.677597008	2.793129485	2.897484294	2.972805769	2.715177498	2.666993915	2.437324633	2.867436655	2.823439411	2.671298355	2.599546193	2.793443519	2.78742313	2.563972711	2.696944035	2.583015094	2.624812015	2.552589635	2.636927434	2.616053439	2.728523994	2.628529771	2.622217415	2.82333037	2.78976301	2.692520138	2.549003844	2.754116797	2.676281508	2.664437949	2.701414912	2.535881987	2.507818925	2.6901191	2.843405093
4.966963012	4.952425398	5.061351864	4.828083442	5.577304152	4.715316597	5.068510385	5.006689711	5.191748827	4.959321061	4.770263738	4.618142396	4.744552411	5.196125117	4.864695991	4.790170218	5.273766192	5.083620756	5.032304352	5.627227582	4.997273185	4.890119694	5.101723013	4.742684858	5.175651371	4.618629882	5.003750126	5.03276104	4.730833169	4.860711805	5.076509391	4.850573088	5.025836311	4.720413172	5.033377773	4.539047762	4.985036504	4.985524657	5.003080408	4.940158802	5.25613144	5.204384819	5.246117276	5.115523255	5.061298991	5.183790141	4.92399164	5.578614928	5.122990601	5.300351038
3.680400346	2.876508631	2.837671358	4.184448812	3.328334918	3.052176632	2.601003508	3.904496469	3.124187496	3.029646234	3.539231131	3.203018752	4.367087532	2.956773631	2.740757946	3.251004998	2.508834417	2.766924951	4.278015843	2.835231416	2.819249266	3.098695703	3.303081011	2.885502983	2.966138866	2.984278782	3.127566374	3.081776723	5.770947935	3.05446258	3.145781586	2.855962379	3.438911699	3.630990827	3.181629349	3.565954748	3.115735986	3.1104276	3.279349978	3.388114249	3.235306093	3.541833607	2.951112327	3.241550949	3.195055416	2.892240253	3.283916207	3.0536246	3.139425032	2.824252174
3.672286963	3.280985368	3.352582585	3.233952115	3.269482551	3.162826546	3.279468953	3.406748321	3.497638776	3.271703063	3.266265323	3.318189639	3.167125955	3.1128823	3.072094944	3.207936265	3.317931183	3.251530077	3.30086798	3.287675165	3.053360315	3.15437727	3.359582907	3.370402619	3.266884184	3.314264641	3.510001266	3.131910396	3.248578894	3.2924283	3.202180759	3.3335172	3.309103301	3.658418239	3.486943431	3.460820972	3.273510784	3.325665124	3.021792734	3.174282377	3.199239921	3.122788815	3.349172733	3.077987355	3.212797326	3.442703208	3.340630667	3.278993042	3.290230832	3.306441459
3.850100827	4.046572666	4.108083386	3.699547108	3.539417223	3.783630419	4.024205155	3.786975031	3.906187009	3.908242354	3.834876798	4.29504067	3.976134374	4.096225352	3.9521889	3.9160059	4.172841296	3.92131902	4.093412739	4.227623776	4.01538433	3.925989499	3.826356497	4.201386964	3.829516161	3.91761051	3.935931276	4.053208789	3.660555637	3.739424692	3.799837289	3.853552689	3.815197557	3.733435707	3.78538744	3.831768702	4.007597845	4.010547926	3.676671822	4.147824743	3.696676108	4.028089777	3.940629665	3.893654964	3.742401659	3.917892095	3.900806616	4.006294325	3.735846009	3.73381586
3.168089536	3.372641606	3.157102309	3.509678476	3.290929964	3.352482144	3.200051159	3.44241918	3.49529214	3.35428182	3.488951302	3.318488957	3.335017489	3.471555055	3.383321616	3.470288306	3.578715211	3.57918092	3.209320377	3.27845137	3.190117672	3.521816257	3.576326208	3.482985996	3.149531586	3.094534355	3.17582238	3.04024363	3.257506996	3.441429737	3.333019398	3.296108393	3.224658939	3.182646913	3.176141201	3.206619679	3.354699735	3.36021578	3.37581053	3.375129074	3.480984114	3.492877033	3.361803171	3.540305999	3.590783087	3.284519903	3.481499024	3.334427223	3.392842032	3.806123394
6.320654178	6.221859428	6.224663591	6.379925972	6.347555647	6.176520997	6.401756067	6.421183897	6.201979504	6.344158989	6.353136714	6.306799699	6.50265335	6.662777931	6.168455133	6.706980273	6.688060718	6.523641217	6.061800732	6.133880652	5.820992701	6.316125194	6.252255541	6.168588959	6.254817278	6.30601184	6.389545808	5.998743124	6.175803166	6.276731555	6.309461741	6.283946884	5.918790189	6.079266027	6.360766789	5.908175394	6.313126053	6.285825639	6.272753766	6.283323236	6.534084877	6.444093084	6.395279625	6.574832649	6.472892425	6.101699553	6.404755852	6.204714185	6.523871136	7.154489655
4.64136779	4.859534664	4.673005427	4.526343481	4.810953554	4.752132333	4.768425681	4.663207108	4.686262138	4.979935205	4.626700728	4.597934046	4.652118891	4.364118669	4.738438754	4.421722307	4.448278567	4.46897435	4.821734013	4.875131497	4.934712002	4.156690619	4.874581254	4.879401127	4.397921915	4.71278986	4.484836864	4.846597019	4.373595987	4.65418885	4.481336288	4.633336505	4.815316237	4.646169738	4.608588433	4.522180659	4.766753694	4.77829972	4.74868729	4.777888133	4.632379405	4.664940904	4.723219712	4.939827448	4.428970764	4.832664166	4.433960425	5.106017035	4.516552011	4.404049031
6.369253525	6.223591783	6.35314893	6.623206334	6.538073724	6.2835982	6.598884884	6.310117962	6.36241448	6.361069139	6.201081625	6.500495827	6.176966832	6.772628033	6.279309447	5.787745455	6.141079288	6.47601557	6.231609513	6.27602675	6.760657747	6.667093588	6.678458391	6.530329801	6.431064064	6.222284192	6.506268734	5.872953068	6.117654953	6.575075679	6.504251604	6.077026343	6.830106078	6.464206672	6.31181935	6.119557293	6.364808732	6.528554611	6.255666294	6.379184073	6.506946952	6.362503315	6.367114149	6.57824186	6.220557509	6.159534444	6.397972941	6.570753853	6.307248362	6.555924032
3.221557554	3.137895497	3.013926579	3.214336385	3.0605006	3.115202656	3.171771634	3.200346238	3.227456963	3.227784827	3.256524884	3.138809004	3.007146749	3.140010836	3.002282036	2.96679547	3.187110673	3.102488765	3.009846389	3.096320347	2.951009901	3.276057585	3.428322166	3.284730412	3.197948485	3.082287404	3.15550093	3.107272543	3.100094283	3.242305695	3.151574194	3.235673349	3.196520517	3.199759504	3.124942186	3.34942401	3.104345865	3.086281323	3.050095259	3.054430675	3.09391533	3.157958316	3.166925449	3.18525121	3.268849385	3.091092133	3.312139203	3.319296943	3.292010116	3.105687085
8.171743795	7.849194329	8.180674466	8.482238968	8.43519598	7.870186447	8.278565704	8.402804725	8.087338858	7.364100132	7.781869234	8.139784399	8.178404337	7.702823653	7.773373941	7.812342337	7.507889915	7.584261377	7.987455222	8.393279061	8.507905272	8.366454178	8.253845466	8.058760114	8.134878914	7.718970509	7.656563144	8.183708128	8.34108696	7.770673475	8.340952117	7.924830377	8.042878395	7.664351014	8.104316729	7.769367591	8.46342074	8.265346966	8.228813907	8.304606964	8.013722779	8.150198456	8.090464575	8.050772562	8.294600185	7.920388357	7.952482637	7.804322737	7.946867754	7.630799333
9.127187308	9.798579415	9.756468874	9.277252664	9.369002179	9.744028578	9.617526576	9.094418098	9.433708143	9.222691341	9.518775352	8.91525616	9.513740087	9.211277497	9.541918558	9.132677149	8.937151157	9.156100607	9.202222374	9.45281476	9.549973584	9.337349863	10.00469993	9.692204918	9.47051832	9.79421211	9.105045036	9.553174474	9.155259128	9.01944788	9.053006041	9.175230085	9.827635426	9.719413436	9.588068372	9.230727346	9.375586727	9.563784791	9.459193004	9.613357338	9.460987372	9.380629539	9.471106272	9.437824436	9.381678545	9.445575885	9.533349825	9.787574764	9.432840235	9.143037331
7.438744374	8.088385404	8.093230587	6.865118055	7.319388368	7.891530208	8.060396724	7.009814998	7.777573275	8.048841604	7.806656891	7.36661526	7.482717997	7.963130919	7.992097534	7.465666044	7.663772243	7.528635113	7.667462832	8.04776164	8.03431495	7.752842148	8.197763086	8.372536572	7.82771004	8.377473163	7.867243809	8.08754175	7.166936591	7.805184859	7.462857375	8.03679672	8.430423256	8.10743543	8.01502328	7.537810483	7.659417216	7.363508827	7.3830347	7.642960212	7.484452729	7.334689722	7.906418399	7.206237056	7.396965653	8.246152031	7.585190721	8.096558732	7.140335979	7.616319429
3.826377814	3.494635689	3.788476391	3.311122648	3.743181663	3.688163825	3.75832872	3.655530852	3.61606796	4.01127041	3.792630487	3.925017364	3.696956297	4.338232984	4.055433693	4.109891266	4.025816228	3.955682792	4.222052147	3.782310317	3.349325688	3.672959323	4.214195333	3.897907453	3.708132354	4.30677886	4.186502368	3.804474591	3.350410432	4.340374799	3.91151892	3.792202525	3.599904548	3.488487081	3.592393437	4.073842965	3.776203586	3.689049381	3.710177187	3.829111091	3.626611583	3.835501618	3.522670863	3.726446179	3.630332432	3.852026829	3.513936455	4.241080553	3.640486648	4.360955881
8.493111371	9.027553898	8.827229224	9.23493371	8.244051805	9.291142328	8.323522911	8.568182413	8.604995456	8.07160141	8.524326351	7.759037459	8.769208425	8.352396136	8.901852097	8.47302572	8.320116346	8.661955915	8.388129326	8.814795018	8.518116627	8.995906127	9.094881113	8.675295251	8.774702484	9.185367551	8.62456189	8.926114389	9.161298728	8.636677074	8.957991119	8.660960029	9.024244821	9.605258373	9.044545084	8.746233503	8.438522996	9.040049863	8.853246118	8.795375511	9.214439732	8.813170951	8.584338275	8.878851555	9.260976262	8.320133156	8.971543648	9.168233547	9.587380123	8.368713167
10.81424787	10.91924727	10.90378198	10.73985992	10.76669897	10.91847202	11.26918402	10.72666241	10.86248189	11.01743715	10.79052954	10.72037304	11.39669159	11.07701973	11.21884229	11.43363865	11.48407495	11.37036028	11.04893643	10.64455667	10.92392182	10.33850986	10.37591709	10.41369236	11.02884978	11.06977435	11.12340757	11.19045654	10.8897556	10.84583761	10.95501919	11.11497777	11.11933284	11.11326407	11.10998061	10.7887938	10.93620239	10.90057694	10.9612867	11.18451602	10.98007296	10.88495194	11.01482054	10.92609743	10.98117678	11.0478879	11.04449867	10.98007156	11.2814935	11.25626085
5.336655528	6.027717862	6.042278607	5.400660852	5.174973271	5.739479094	5.629657965	5.477023931	5.319390449	5.640585586	5.982929168	5.238462478	5.527310014	5.369121319	6.116651092	5.488641934	5.571554541	5.134926627	5.560491244	5.749903954	5.360721257	5.671920166	5.64447224	5.618958681	5.549006781	5.929838828	5.376604197	5.784048654	5.144253039	5.80099501	5.613593567	5.407572416	4.664814874	5.705221767	5.501633484	5.647173175	5.559792349	5.924122762	5.622957246	5.660967305	5.659020434	5.570344307	5.327469506	5.589453351	5.829971511	5.42802125	5.624230204	5.618553541	5.597284101	5.68167033
6.41601564	7.373924933	7.323739289	5.859006523	5.978469266	7.390621414	7.098233181	6.473756835	6.208163229	6.616643506	6.744633038	6.162528998	7.003344669	6.589803241	6.925734312	6.795370367	6.635395812	6.952400397	6.486396118	6.744316969	7.457826099	6.865427724	7.52377251	7.358705193	6.96957954	7.227830046	6.483995596	6.75326742	6.511798996	6.826811717	6.436178246	6.962332906	7.059689492	7.216457888	6.871105178	6.5730026	6.749935831	6.759843145	7.157171231	7.220541362	7.029968218	6.49553293	7.076428561	6.260074111	6.850557655	7.140361504	7.002323521	7.374738478	6.539002044	6.45779155
10.52182722	10.66306173	10.55165699	10.21706989	10.58339786	10.73031164	10.6035975	10.69101606	10.78887017	10.5099968	10.67202362	10.39237263	10.54299194	10.42232369	10.64642888	10.34206711	10.15657803	10.561231	10.15756512	10.66135034	10.93126651	10.70046568	10.93619357	10.86160502	10.7718242	10.85312017	10.42255484	10.53380015	10.25100764	10.68213898	10.60777025	10.66012072	11.09550308	10.80266514	10.56511938	10.55368575	10.60076818	10.77350942	10.71181437	10.81360146	10.7670836	10.48235132	10.62368312	10.31023818	10.84562591	10.61555808	10.72370184	10.77908739	10.23809716	10.4864232
10.17760276	10.76205533	10.71846598	10.22305912	10.31727157	10.73777467	10.55838833	10.33516313	10.20586546	10.33715429	10.56475462	9.990812916	10.59718337	10.27875315	10.68104003	10.20863075	9.968968534	9.872755709	10.16359986	10.65581417	10.90798318	11.06029549	10.95012842	10.95727582	10.54129481	11.0385812	10.27241436	10.33994745	10.13724752	10.33027483	10.54229787	10.49070501	10.20940256	10.57072392	10.7557309	10.66249695	10.04766016	10.6721034	10.46524411	10.67227265	10.43452105	10.24137241	9.994729929	9.865724855	10.48332191	10.50407344	10.39380624	10.84135482	10.32825018	10.04621115
7.726388931	8.01079223	7.44430943	7.507695363	7.338393822	7.977594314	7.644758904	7.843323821	8.115170319	7.247803524	7.260152924	7.335943706	8.045216752	7.80626333	7.659920852	7.987437943	7.64486635	7.89085138	7.222510492	7.126202013	7.140585766	7.336394495	7.080648813	7.03886286	8.077448321	7.864290761	7.464026165	7.77692016	7.131786393	7.573688809	7.658296077	7.744211027	8.268006718	7.978010777	7.707305543	7.600554859	7.4305193	7.671656767	7.725429225	8.032612861	8.376851225	7.609148422	7.535441671	7.62719963	8.419342276	7.538417044	7.516350886	7.540870213	8.007624338	7.788579133
9.422127806	9.851444765	9.745597087	9.227312104	8.757526203	9.966790949	9.627900688	9.37534938	9.649768243	9.147488377	9.307796121	9.034313196	9.919233917	9.39057789	9.626662836	9.518669768	9.586951331	9.803700517	9.009466992	9.122290506	8.854980119	9.289189297	9.519852523	9.247853758	9.604394776	9.626744459	9.149624359	9.501376669	9.375593703	9.506639116	9.489273982	9.639330485	10.33913683	10.01348185	9.635799729	9.276735343	9.43732787	9.700960804	9.736830344	9.858741199	9.947242012	9.412503551	9.521635962	9.647686331	9.808103356	9.483124725	9.8436495	9.508467367	9.652335655	9.293692433
7.55756663	8.158457605	7.802402283	7.474037716	7.432776105	7.893278325	7.652328729	7.384629154	7.16441641	7.115161644	7.752143266	6.861012459	7.718959124	7.381055585	7.739635457	7.197172118	7.339719024	7.278328463	7.33786025	7.866363795	8.537167303	7.931923076	8.026323969	7.766556259	8.137057957	8.161647926	7.428280249	7.727696728	7.173270251	7.427657764	7.552994598	7.783161755	8.781340777	8.461712629	7.743110904	7.742377812	7.645329005	7.790647392	7.320247941	7.852781366	7.550527186	7.595981645	7.172627768	6.983836759	7.417169534	7.388895819	7.758592183	7.565687663	7.4112624	7.420894696
8.028797228	8.04192576	8.345414797	7.994003447	7.902566344	8.081892179	8.116435844	7.967885674	8.237213434	7.893608226	8.152114264	7.754929683	7.615616337	7.937935557	8.039559151	7.666196774	7.950930459	7.72932461	7.717175186	8.338092635	7.94378313	8.736982433	8.875082738	8.903176056	8.149523243	8.189807453	7.869060226	7.90770053	7.698378843	8.370232008	8.10733096	8.380106865	8.234831331	7.831898494	8.194648867	8.019098473	8.240060365	8.439938924	8.045259141	8.176347085	8.139715584	8.109192571	8.240670178	7.989169802	7.812966642	8.288230295	8.158080445	8.567698569	7.699145841	7.802610902
11.78202544	12.0511821	11.99760444	11.71843141	11.73531855	11.72437977	11.92801536	11.9223946	12.10164087	11.23375711	11.81149429	11.68711629	11.75207213	12.00362336	11.50244436	11.8664172	11.66845471	11.71181786	11.4882274	11.84956866	11.62161876	11.78059457	11.69932651	11.67812839	11.82348285	11.50671348	11.90645698	11.79743851	11.60800974	11.18703388	12.01135122	11.83531602	11.69583504	11.04645474	12.02417189	11.11783563	11.81757948	11.99272325	11.71834834	11.76262596	11.77146452	11.76766754	11.66315079	11.89515933	11.9005014	10.95827868	11.67774869	11.48456176	11.55665747	11.64219719
4.212533382	4.257772886	4.457560629	4.572493414	4.873547829	4.216834289	3.940966086	4.249759112	4.617492709	4.045851384	4.410487587	4.362684408	4.244906935	4.292688156	4.267354161	3.876381715	4.366879228	4.694413654	3.957197623	4.168973591	5.940364751	4.499303506	4.106994262	3.973947101	4.392560791	4.006700405	4.178756885	4.00685168	4.100189697	4.593907491	4.143634143	4.48227114	4.210685571	3.851232108	4.024845272	3.86973125	4.572084168	4.377149602	4.354871393	3.984424962	4.560031773	4.356460872	4.43748154	4.311980976	4.512275088	4.284525429	4.265957445	4.26163525	4.22644374	4.458875558
4.236930111	4.170163711	4.167488611	4.173988797	3.905448244	3.812528547	4.236484488	4.10143533	4.27785426	4.512197674	4.191193196	4.142439208	3.942958417	4.07107051	4.42569251	4.284038368	4.379134437	3.986655451	4.395988616	4.922815596	5.253961516	4.494537735	4.440939589	4.877768057	4.070629431	4.244773057	4.50880108	4.170923484	3.883312097	4.502730219	3.941705388	4.088865232	4.221348338	4.321912481	4.088760721	4.210209895	4.572230331	3.983692157	3.986703495	4.161694084	4.02709168	4.546031373	3.898642509	3.99325176	3.964302877	4.235307841	4.342560092	4.239891204	4.186924917	3.847228602
11.89787436	12.10298115	12.16738608	11.91308458	11.81788285	12.00982247	12.081493	11.80276716	11.96001878	11.70900772	11.97244253	11.74530292	12.00136666	11.95610193	12.04675255	11.83148438	11.97613119	11.87032013	11.97138715	12.13501651	11.5456062	12.11286199	12.31705589	12.21072221	11.93512382	12.11055686	12.00501553	11.95791632	11.85306087	11.80998255	11.96993102	12.06297874	12.24470306	11.84520139	12.16951233	11.7864933	11.87868242	12.0062959	11.87671793	11.89460601	11.9422551	11.93547562	12.02415283	11.85515809	11.96737983	11.88049398	11.79226116	12.02035575	11.78530756	11.98209239
4.055359387	4.327798946	4.770631659	4.362791678	4.261720396	4.262309393	4.549002254	4.053736793	3.922173514	4.124868802	4.212075899	4.123553676	4.06906388	4.637151494	4.261820203	4.297650587	4.373236911	4.269461704	4.532863548	4.331677153	7.089954241	4.516818092	4.488622978	4.550820274	4.151178903	4.197149727	3.937797153	4.273728815	3.991830675	4.184525393	3.886704093	4.139626512	4.98353066	3.795826653	4.020961964	3.950866685	4.291562757	4.326329831	4.381564093	4.131339351	4.36248813	4.427006734	4.401066381	4.088301977	4.388380016	3.914733658	4.277467569	4.471384051	4.56156893	4.350950033
12.72221122	12.33173802	12.71415142	12.42295127	12.02101056	12.36964488	12.55735509	12.19712408	12.44279443	12.59738654	12.46651732	12.77774057	12.3930087	11.8794849	12.02255182	12.36854223	12.11401595	12.1995477	12.79343301	12.37246144	12.23383012	12.55569567	12.7817217	12.61662112	12.21112788	12.07914166	12.48509762	12.59070188	12.58096015	12.46465122	12.53658895	12.4150781	12.51614706	12.06236768	12.63158	12.43280595	12.48896398	12.63104183	12.36013169	12.47377262	12.31406762	12.5590522	12.33687224	12.57320926	12.37342542	12.7512939	12.72194153	12.70824868	12.33111905	12.4241844
5.450793106	5.761500397	6.192993263	5.276719163	5.340432589	6.259274735	5.705600025	5.497360632	5.852867294	5.481427661	5.762653085	5.481919205	5.729448399	5.770748008	5.649569368	5.40452108	5.884799416	5.447437933	5.725408889	5.854051866	8.076381406	5.967789299	6.279068286	6.208752938	5.70541241	5.699060036	5.619736447	5.265238587	5.314572729	5.290907444	5.497651575	5.473826112	6.080567973	5.276570068	5.955294651	5.428318245	5.497604371	5.70099195	5.125202618	5.50744236	5.894446838	5.727209089	5.598399817	5.46849056	5.537337322	5.666246551	5.397765076	5.764423152	5.939441743	5.563972053
8.178858878	7.860508101	7.930651751	7.69478585	7.533484559	7.538856225	8.58913158	7.582430127	8.368741045	8.829939445	8.357998088	8.518991217	7.372221174	7.717712498	8.029733017	7.941814798	8.213383152	7.391385318	8.079361114	8.385619106	7.543620877	8.020867691	7.930875279	8.563057584	7.88291941	7.856012799	7.904922322	8.226113437	7.825506343	8.199742479	7.707271373	7.849497943	7.246550016	7.463511736	8.085639685	7.901997758	8.456794424	7.960349492	8.038589651	8.316339744	7.048294944	8.102817904	7.938826689	8.129892491	6.617363151	8.390131575	8.115638486	8.263485815	7.527007535	7.811840638
4.948433478	5.067158201	5.14481963	5.141352993	5.301955061	5.309677546	5.134278464	5.312036292	4.933502861	4.840321959	5.120259209	5.182701348	4.897403068	4.8315182	5.208690793	5.025883793	5.208487786	5.212235343	4.737029117	5.182267824	4.64254759	5.306905627	5.670561301	5.10914377	4.818563282	4.929478368	4.732300341	4.637669447	5.072412896	5.221168276	4.892254802	4.852227447	5.154198793	4.951143976	4.965898915	4.958239517	5.010419843	5.406026369	5.318730664	5.051827207	5.381192895	5.019377825	4.989942117	5.206555006	5.552830622	5.050070428	5.335731474	5.192575916	5.249844856	5.197164278
4.207257173	4.310795123	4.712437535	4.777203413	4.546899231	4.874143651	4.524536104	4.284144406	4.603651032	4.305509137	4.314011724	4.527789565	4.207722326	4.270460533	4.445429479	4.141288996	4.415784006	4.541819096	4.205245642	4.636338647	6.78274216	4.254366068	4.571820439	4.734237277	4.368702081	4.143725923	4.299461306	4.112686305	4.980551791	4.715095904	4.767471826	4.340241241	4.326313567	4.11638666	4.346200062	4.46365624	4.451497919	5.08020413	5.771313953	4.507366697	4.759389075	5.196837103	4.500960589	5.221666715	4.576209015	4.596078555	5.241579678	4.457023155	5.17211084	4.710995488
3.915952873	3.947356202	4.024357011	3.90135121	4.902856344	3.568698645	3.871437194	3.928060629	4.092715706	4.0455714	4.211118962	4.033155411	3.78505243	3.94526405	3.891127909	3.876752078	4.046455401	4.128649914	3.951162545	4.134736795	4.130759185	4.393815017	4.231089378	4.151009545	4.212747287	3.80786909	3.908561578	3.954759166	4.006831148	4.071470272	4.0978957	3.89992166	4.032726746	3.910346836	3.952467015	3.895435803	3.840448094	4.16781087	4.496201169	3.748519406	3.896706299	4.173461111	3.857760643	4.128868095	4.096461092	4.069024898	4.129526134	3.939873293	4.11707438	4.200865649
4.921465686	4.860533482	5.331964479	5.416622418	5.292907736	5.237026442	5.289194535	5.097380852	5.323865135	5.379058389	5.227821617	4.964392947	5.317290221	5.203400949	5.218432983	5.15861934	5.406485103	5.357503991	5.128835876	5.255882334	5.241010525	5.216801939	5.219530053	5.182987068	5.120706313	4.933667524	5.080970584	5.071402307	4.69643333	5.107941031	4.89437896	5.018632967	5.181199807	5.026478114	5.043097398	4.716359651	5.225955425	5.346392826	4.977751584	5.253793317	5.251530952	5.359636672	5.418847438	5.328577531	5.045769047	5.189331861	5.070832696	5.156148302	5.143080632	5.467145972
5.900088057	5.724958406	5.768475512	6.085416443	5.963358842	5.661791429	5.775977426	5.769358245	5.955023317	5.844976903	5.77349634	5.768154127	5.879260345	6.029659628	5.761551844	5.827974971	6.024904079	5.937044342	5.494858024	5.839884281	6.319535109	6.004241862	5.936789924	5.973728651	6.005050237	5.701607156	5.691453178	5.669831863	5.830143601	5.858691092	5.840484889	5.844963435	5.676506362	5.707312081	5.948081897	5.955883348	6.094211213	6.000539584	6.006434538	5.872308509	6.014578534	5.759310833	5.801204784	6.160772691	6.103199133	5.962672527	5.927574628	5.808978451	6.116745268	6.098539899
5.495294203	5.666404892	6.051127985	5.679325498	5.774379182	5.850301378	5.909575987	5.556234677	5.913209252	5.753831348	5.718521978	5.635497766	5.673319863	5.706784841	6.036499737	5.626067131	6.161052072	5.656167074	5.690153079	6.031942098	5.481586745	5.99482171	6.24837043	5.988974154	5.875247239	6.045888893	5.951378955	5.964832641	5.735393714	6.067383605	5.921292135	6.092898915	5.674736365	5.793432508	5.963955522	6.041656702	5.972218335	5.998850046	5.819342631	5.796382046	5.770913134	5.904957413	6.206906195	5.938300724	5.915225705	5.853599417	6.22341205	6.051145169	5.780498586	5.97427857
5.192043173	5.10914993	5.054921904	5.635058323	5.579972611	5.067359581	5.226918005	5.198290297	5.060917565	5.014685199	5.095884276	5.236873061	5.13800135	5.639021079	5.385085628	5.253422496	5.187362171	5.670320048	5.182515647	5.346381883	4.914626492	5.054656295	4.911614691	5.181185249	5.333320907	4.954472979	4.939324745	5.21733484	5.426555261	5.294574162	5.199941006	5.338640701	5.068605584	5.011381764	5.158188312	5.071094456	5.189523493	5.52489624	5.516934977	5.060211359	5.330659933	5.070612132	5.221222966	5.493301064	5.2920558	5.239157987	5.304818972	5.05702934	5.430509044	5.944559344
5.889549616	4.897973203	5.997337541	5.011234967	6.166514916	5.792443292	4.832706377	5.203405263	7.37744665	4.824417728	5.069296528	5.244584432	5.341374538	6.005438025	4.722334763	5.250090756	6.3207047	5.441667672	4.91909129	6.348873079	8.135989998	5.979616665	6.620322237	6.125035709	6.685431475	5.13241148	5.250090756	5.025128925	5.227628583	5.199352715	5.017786568	6.089536767	5.59336328	4.847362313	5.136005503	4.980726015	6.145934034	7.414149432	5.588690724	7.108207622	5.582078605	9.39329456	9.303952292	8.736576072	5.81521607	7.447437341	8.130920641	7.634625507	6.248416876	6.725517982
4.023838924	3.992325291	4.164004476	4.084774443	4.050805977	4.260794042	4.271328474	4.012790502	4.123076907	4.063791616	4.052997945	3.979295606	4.076095028	4.250504236	4.188337727	4.001607869	4.216937242	4.632243855	3.922382994	3.913032729	4.303984516	4.415903373	4.455600697	4.214133163	4.03270715	4.05343734	3.783593985	4.062309615	3.91832688	3.853089354	4.059252159	3.88867711	4.136749533	3.794159527	3.992912796	3.889369732	4.024757157	4.254041906	4.186446229	4.079807445	4.224175189	4.126107466	4.106349742	4.083508308	4.211158992	4.075434591	4.002234224	4.02299333	4.206091067	4.891754098
6.236631341	6.742055279	6.651336107	5.89927564	5.452489492	6.217806063	6.64076375	6.17439004	6.441673829	6.286344797	6.502571716	6.535139697	6.441099668	6.702211236	6.458072036	6.807844633	6.370551978	6.110552731	6.752242383	6.254043479	6.430157299	6.258286801	6.052673038	6.53583285	6.464986235	6.558056314	6.267017737	6.630475403	5.746641599	6.049428618	6.078188402	6.226670513	6.370840765	6.218690731	6.45440792	6.108746814	6.394159274	6.295430155	6.212178599	6.418290356	6.045460292	6.094667392	6.417786615	6.068024975	6.200605911	6.673209108	6.120626922	6.569354283	5.917507254	6.558385927
9.042599303	9.16853992	9.530005301	8.940048747	9.364580966	8.861582588	9.178465804	9.044194875	8.771914023	9.017724456	8.712950017	8.647857456	8.855726318	8.005100052	8.722333478	8.709844673	8.626992398	8.556291566	9.371017324	9.128618706	10.09198532	8.926135381	9.363584879	9.057789079	8.537623407	8.95007358	8.526205219	8.822705292	8.629836454	8.72919256	8.820426204	8.486660196	8.712234077	8.743554951	8.693134201	8.988099147	8.942010582	8.845789038	9.033374232	9.088460213	8.6215804	8.51673695	8.519401506	8.815579657	8.765376794	8.771889284	8.671167378	8.727895643	8.197032992	8.296961126
8.902707307	8.309704776	8.459993159	8.300188844	9.128884309	8.386873974	8.678499995	8.865067195	8.43449484	8.688895025	8.264296219	8.743002591	8.54722406	8.35728248	8.218070955	8.578927651	8.193284438	8.422690418	8.817884292	8.446137876	8.458937062	8.185981502	7.975904584	8.181889263	8.315110218	8.341979269	8.290509872	8.560777085	8.434264671	8.430988025	8.550441761	8.367789873	8.534391036	8.208854544	8.276326661	8.352009062	8.420474327	8.492055981	8.358211672	8.577228985	8.461521438	8.295448156	8.531612518	8.526752348	8.701287248	8.479215934	8.234419412	8.267289618	8.04166984	7.658493927
10.13070421	10.15585195	9.992331244	10.27152798	8.534697043	9.925041638	10.27847142	9.893396726	9.766475007	10.36184715	9.919731795	10.18858335	9.775664552	9.799132975	10.16388806	9.829290991	10.67119454	9.824175669	10.434458	9.907485284	10.19206529	8.876472106	9.27463691	9.518114578	9.736101208	10.3220353	9.939805231	10.43936043	10.33459336	9.643249471	9.639731166	9.518085881	9.804345372	10.46337463	10.13304807	9.517699739	9.979677899	9.112879899	9.347071092	10.15689838	9.333852866	9.922427354	9.549165258	10.252175	9.381949166	10.20656176	9.75338807	9.919372632	10.11146906	9.771252318
2.482274683	2.305719215	2.4300841	2.476459141	2.433843957	2.447799186	4.063203805	2.250569227	2.414258723	2.496485404	2.439653007	5.453304132	2.979178283	2.393275004	2.572602575	2.398563812	2.26408401	2.26653668	3.184730695	3.94397306	2.428240103	2.45463097	2.526313057	3.266469264	2.34224647	2.380289037	2.313049816	2.224527047	2.357885536	2.46057232	2.330286888	2.46603467	2.437483736	2.205250542	2.317347057	2.468616401	2.599372668	2.725197355	8.816608149	2.313689996	2.406471638	2.402890985	2.416925759	2.405521136	2.618176125	2.437434166	5.980885597	2.32544582	2.444435877	2.302822128
7.90313735	8.289157106	7.627195344	8.613404054	8.408775026	7.855732062	7.541709271	7.99017117	7.743159002	7.703959951	7.795890385	7.775931913	7.061732603	7.81071856	7.704072015	7.615418237	7.105297822	7.392063259	8.042802452	7.779890898	7.618315146	7.426146621	7.765233645	7.972396072	7.570522524	7.694753267	8.199922618	7.959119122	7.796627244	8.250722809	7.882907683	8.025251298	7.200935036	7.618104399	7.560092581	7.793372788	7.85033782	8.096217539	7.951184956	7.753081004	7.615253109	7.715432312	7.705667553	8.097773543	7.976668268	7.590725078	7.867929744	8.072188193	7.732152474	7.296135752
2.991244926	2.769162579	3.10265861	3.120025322	3.074987601	2.958156499	2.863382378	2.566606378	3.129563731	2.757849628	2.815300109	2.955360308	2.927390801	2.952508036	3.166110329	3.173272549	3.264791699	3.237997098	3.003840229	3.117927321	2.486436176	2.969659286	2.992670285	2.909609755	3.168738296	3.057728047	3.111401318	3.148305498	2.738136986	3.066832344	3.296042842	3.08369235	2.969106366	3.08603811	2.974949114	2.855485112	3.154749192	3.057227127	2.808043502	3.102146951	3.08854632	2.889751999	2.865601886	3.061711801	3.643026501	2.943732899	2.881091852	2.808837923	2.950327386	3.166494692
2.604222209	2.762543931	2.609757951	2.952367936	2.570353898	2.680749466	2.751570621	2.835234235	2.895400163	2.700187775	2.799416596	2.788192232	2.794949286	2.681534294	2.767555184	2.622455847	2.820978086	3.314066694	2.840805973	2.591616721	2.64781701	2.977187649	2.821419865	2.706091802	2.914253721	2.580629002	2.560046355	2.760575638	3.223811463	2.916596654	2.546225359	2.539797268	2.558464344	2.722461466	2.686321925	2.840287872	2.704629837	2.799784407	3.073416244	2.731441889	2.903031547	2.742869028	2.800521405	3.04347196	2.780130255	2.70512329	2.75541893	2.715897493	3.006669605	2.894970088
2.754700967	2.780778908	3.107850839	3.006450545	2.845626798	2.827402403	2.825045566	3.020810624	2.941935246	2.821416329	2.922656151	2.928683382	2.889172061	2.956986844	2.913304716	3.126883395	3.118297658	3.068793288	2.919302933	3.251864591	2.845111381	2.978240446	3.028344676	2.842516891	2.88876152	2.860618221	2.969403431	2.904399421	2.684502438	2.889819708	2.664143938	2.859676101	2.831413531	2.880474534	2.766458824	2.79680823	3.083639174	2.897135714	2.876852508	2.956879963	2.981452231	2.771742793	2.985250836	2.920254336	2.920664035	2.990078736	2.851586984	2.890990591	2.870626464	3.134136782
6.127932453	6.741731046	6.534602429	5.270387932	5.855745055	6.757965733	6.671706606	6.013667636	7.358198034	7.109986515	6.819068187	6.143371194	5.745223661	6.516127041	7.107206646	5.935714829	6.462724109	6.69536617	6.316105194	6.616142164	8.065116488	6.125690749	7.131518086	8.064517476	6.467501869	7.146435133	6.421533728	6.663066482	6.133754509	6.657343835	5.617268039	6.653890022	6.801042197	7.246988361	5.981339188	6.608369329	5.426711984	5.815902923	5.839451806	5.92256604	5.822765054	6.053190274	7.046364248	5.768080318	5.093258859	6.945604766	6.660014308	6.947360636	5.64272166	6.422409393
3.485765445	3.708055284	3.612003659	3.953696294	3.601611054	3.977056653	3.696646913	3.678287904	3.490266015	3.748275883	4.158981831	3.619171515	3.885044414	4.104696262	3.688169366	3.538602521	3.636973791	3.977195413	3.644229625	3.60217893	4.634446663	3.993308023	3.999038945	4.000820676	3.745947736	3.523888582	3.323791596	3.785173902	3.593802263	3.780346759	3.960916566	3.389571143	3.840043282	3.495702439	3.600495111	3.576455402	3.716051651	3.74726653	3.943362288	3.601055045	3.644094341	3.85324372	3.871868839	4.165299846	3.760782321	3.607680734	4.422505861	3.439161407	4.047005984	3.87646964
7.335120485	7.922016854	7.452486231	7.850153369	6.99548857	7.701767675	7.412274583	7.169484871	7.359918286	7.537924223	7.31796945	7.403741688	7.586030638	7.326982971	7.485629976	7.483016382	7.29762507	7.646540641	7.286862169	7.600078873	7.113493179	7.324250106	7.523990894	7.324803655	7.156008063	7.70108761	7.626062208	7.555761279	7.424752114	7.342690426	7.436657208	7.594958266	7.357726322	7.707982425	7.291326973	7.268172679	7.347748379	7.332576987	7.456274558	7.360465984	7.617188429	7.334105643	6.557813429	7.454114732	7.467123768	7.4397631	7.432371204	7.322718678	7.678138049	7.101954479
5.206432355	5.444703444	5.343223104	4.885197426	4.950115623	5.32355911	5.317566414	5.135250767	5.326114896	5.521533734	5.403061491	5.403988888	5.110050771	5.202066281	5.360762761	5.170081677	5.161703083	5.144857651	5.287571408	5.118253186	4.964064366	5.204208497	5.257798466	5.482005462	5.252462602	5.257532939	5.381422469	5.282467277	5.023661889	5.367442391	5.228019577	5.429369538	5.556085342	5.340561663	5.268315214	5.308730201	5.311503206	5.128184931	5.3156996	5.243675461	5.222082626	5.149420049	5.431625816	5.134728673	5.036256673	5.577758181	5.238428525	5.435776752	5.215194979	5.101478033
5.228760852	5.345980034	5.498330336	5.24496496	5.391400788	5.484507743	5.315159969	5.372493926	5.431670375	5.284640783	5.318383163	5.220910429	5.319918162	5.340566989	5.11513034	5.358626111	5.326831686	5.171105664	5.313626351	5.498039997	7.11934266	5.621806975	5.222040998	5.852876765	5.339563865	5.110976961	5.129054428	5.186453041	5.102267226	5.102380997	4.871101309	5.124067124	5.169696123	4.965586003	5.387696903	5.227133115	5.406543344	5.561053787	5.41556699	5.160950341	5.579951517	5.506392555	5.160330001	5.61413163	5.297588495	5.525662292	5.14093797	5.061805323	5.314843453	5.249457702
7.052434455	7.029588247	7.069048292	6.631213059	6.894152094	7.345154958	7.213666692	7.232219403	7.315375296	7.380066341	7.172786383	7.591574812	7.105891926	7.538314127	7.146124655	7.263109706	7.512063388	7.338728338	7.014873758	7.222818985	8.699599346	7.221644217	7.504699886	7.389139023	7.262345201	7.301230884	7.541264958	7.175313044	7.061207467	7.229006346	7.162372039	7.24727577	7.921551996	7.158293762	7.260209488	7.140342721	7.099383728	7.113639076	6.902506402	7.018302199	7.275463139	7.149541971	7.679213196	7.169669176	6.775238214	7.461440754	6.978942727	7.322048433	7.261987473	7.484876814
4.337538632	4.475014415	4.11018147	4.556652468	4.382766252	4.674445237	4.554133196	4.20575294	4.396096582	4.478030429	4.277459921	4.616609795	4.584554972	4.694286281	4.7481854	4.55533649	4.925942021	4.588940048	4.325274305	4.375273893	4.164040531	4.806940854	5.019254891	4.535140362	4.53283127	4.632264988	4.375739282	4.392284378	4.715147537	4.557462445	4.7965191	4.30481264	4.384788691	4.460471927	4.637295088	4.423888639	4.90024052	4.650872731	4.450406474	4.784500406	4.755634671	4.436885737	4.165643649	4.539030698	4.725795422	4.639070293	4.607161401	4.965814551	4.789481357	4.730736048
3.318641638	3.314179672	3.61928959	3.40479701	3.473431779	3.158103268	3.376090566	3.435601248	3.531189382	3.38298982	3.340197722	3.296594069	3.348191611	3.509530217	3.423143194	3.598285095	3.731507307	3.355465591	3.332809966	3.49684169	3.344869693	3.581444804	3.359474733	3.381647858	3.46137525	3.326151266	3.54619304	3.553708795	3.329888479	3.367260058	3.313856418	3.496571391	3.302761458	3.349444554	3.42824726	3.409918705	3.660273107	3.768455732	3.359039223	3.431186791	3.625107523	3.442044858	3.558257293	3.456011462	3.428000961	3.334803399	3.493237033	3.567877887	3.546914855	3.542242888
7.18935633	7.131164537	7.35450297	7.158444653	7.054263472	7.319642039	7.217863031	6.957810794	7.135493001	6.990103175	6.905239486	6.614149888	7.284322343	6.752397204	7.322231569	6.873777733	6.838431165	6.790008312	6.733637031	7.237824585	6.978845958	7.983057483	7.885875741	7.415096699	7.546755088	7.55146634	7.386180752	7.092231824	6.92907976	7.385325248	7.37137899	7.287459109	7.516176225	7.479692578	7.352560186	7.512950404	7.233562447	7.223867225	7.278791826	7.40713041	7.242093561	6.998631159	6.870846563	6.733201576	7.562679653	7.065537085	7.287672497	7.465517206	6.800343748	6.749020409
5.89102932	6.331080949	5.917891534	5.265760821	5.461349429	6.109934226	6.269593157	5.900244461	5.823812644	6.279808512	5.83102731	6.127139692	6.216225304	5.727466269	6.034578052	6.178085479	5.716226316	5.896221343	6.046219661	5.749782353	5.722552841	5.633418828	5.97292853	5.960713539	6.092094111	6.34618371	5.898591878	5.851696405	5.822220079	5.941190495	5.856841922	6.020694028	5.792048243	6.108559034	5.939840328	6.225780437	6.110500056	5.904310302	5.796942201	6.423333987	5.584351465	5.810158165	5.424426176	5.23325297	4.981971395	6.258468617	5.838861057	6.249999449	5.148770369	5.402421286
11.66073063	11.62714687	11.65492563	11.63519677	11.49170381	11.70177957	11.64324959	11.45373676	11.58910931	11.66608276	11.55538788	11.43533906	11.27552076	11.38681065	11.66353771	11.23600559	11.47443558	11.50825297	11.66173096	11.69529308	11.70344005	11.81701409	11.55447205	11.63219191	11.65415408	11.62404801	11.69565247	11.5779791	11.43361474	11.7746881	11.72616561	11.74850208	11.46774781	11.56985175	11.76993578	11.77868032	11.78070028	11.74574982	11.71062335	11.62119114	11.70082854	11.71240689	11.70918809	11.833357	11.75275285	11.81150627	11.52956059	11.78778734	11.70349831	11.52869535
7.838356447	8.25506042	7.974859963	8.003299431	7.76690121	8.206419379	7.968706484	8.045635177	7.667336274	7.536058294	7.794759097	7.485597942	8.133640083	7.619772755	8.317779714	8.079061224	8.143313324	8.092064929	7.998532871	7.867906326	7.719110224	7.347205795	6.967187386	7.22001281	7.955786941	8.475086999	7.984040581	8.483793328	8.662953169	7.743011545	8.309650979	7.726795205	8.048244963	8.972657312	8.082906337	8.06441715	8.048329686	7.809971633	8.084132347	8.022592135	8.060339813	7.629057007	7.64787637	8.161899581	8.255190745	7.491001044	8.017835879	7.992565036	8.345838057	7.835398868
4.670393035	4.670336017	5.080996295	4.933048635	4.965037782	5.014269031	4.886305258	5.053372237	4.952660022	4.790046871	4.716781678	4.881058939	5.004568657	5.115380056	5.002339651	5.169035371	5.294006627	5.730781206	4.960773318	4.83386744	4.843061221	4.960180486	5.137090246	4.870484164	4.77130611	4.724391739	4.7879637	4.756360132	4.693394375	5.013475426	4.909685177	4.899305464	4.574002951	4.755818949	4.518158823	4.911755488	4.857193359	5.052679776	5.05683303	4.644756452	5.220299404	5.032292297	4.976011769	5.29010936	5.086802872	4.835014425	5.106390451	4.829286663	4.981869946	5.578253846
4.832246862	4.816042089	5.033738864	4.999279652	5.397963467	5.149493949	4.912348827	4.898385604	5.053188618	4.904578576	4.991964779	5.11460486	4.666983188	4.814897615	4.786272448	4.568655868	4.714756365	4.641407913	4.983885742	5.514617734	6.194920968	5.66875458	5.394654974	5.610206824	4.992725656	4.935463253	4.821928368	4.580577324	4.679838426	4.649309524	4.886546993	4.823615297	5.052363898	4.608087272	5.139840751	4.863558648	5.095724375	5.026466564	4.878751199	4.962731042	5.158388118	5.052377866	5.099941407	4.924667557	5.134480557	4.915051017	4.961850136	5.278458872	5.023163754	4.506764327
4.733464964	4.403035339	4.219186955	3.799627845	4.297068809	4.471069709	4.250137485	4.301814321	3.754348832	4.104032815	4.235588078	4.390313191	4.594742353	4.166046411	4.338382379	4.187029403	4.261443383	3.878104691	4.423038589	3.958692159	4.422381205	3.082633022	4.114049057	4.370719522	4.15587143	4.271442871	4.16423846	4.438006184	3.944292477	4.136322208	3.935889422	4.088831601	4.297425428	4.598944372	4.449135754	4.273959018	3.895124937	3.860727822	3.942382008	4.299547372	3.980549333	3.765722203	3.887406111	3.95536248	3.929050223	4.414217784	4.16167391	3.94894038	3.829594056	4.124606008
5.850806493	6.091921616	6.073056822	5.837373915	5.697669474	6.283437802	6.128769401	5.894945953	5.771126005	5.988995275	6.16745026	5.794738262	6.485901096	6.121031168	6.262277805	6.1535606	5.627552927	5.737407549	6.531493691	6.447503583	6.629006811	6.069512956	6.514553601	6.141564218	5.989527988	6.073225065	5.923548494	6.466286859	6.196387207	5.91331734	6.099952795	5.990309546	5.984045819	5.940021467	6.106270324	5.852730312	6.346084361	6.03047068	6.353414176	5.956697104	5.962441448	5.982343625	6.119640295	6.081698851	5.617616383	5.728177635	5.930766737	5.887877404	6.127485424	5.658726209
4.289006385	4.344952817	4.452861952	4.490993414	4.489840658	4.531171093	4.398434203	4.336722418	4.487053713	4.25130468	4.307576893	4.268400267	4.357645408	4.358893901	4.421349178	4.211770232	4.342146872	4.544270022	4.181678359	4.225161438	4.182544524	4.677782374	4.687002256	4.396845285	4.468452141	4.291769667	4.110315481	4.247166644	4.341650825	4.196391875	4.319463929	4.262363609	4.201007708	4.226395773	4.253076314	4.029153949	4.413774465	4.51757926	4.538094442	4.329221792	4.448793286	4.46660295	4.404085523	4.558025139	4.525333765	4.32158898	4.728127295	4.252583509	4.509148682	5.01080866
2.704955848	2.861438444	2.848774747	2.816692856	2.882619106	2.703623443	2.868136057	2.744568794	2.678710816	2.841257805	2.938992967	2.897895994	2.704007934	2.769151864	2.576305003	2.674244691	2.780224386	2.897658107	2.697509571	2.745896769	2.729294448	2.762290641	2.923891837	2.879373048	2.783771048	2.644124092	2.71454413	2.705668368	2.75088559	3.018204549	2.654049141	2.659201141	2.782240902	2.680713156	2.747792824	2.723444793	2.936067692	2.741641747	2.756569327	2.850778057	2.759677963	2.886374092	2.799692746	2.887752474	2.802850177	2.867651024	2.732540202	2.870397594	2.873577458	2.806323743
