lower_interval	upper_interval	frequency	accumulative_frequency
-1.000	-0.999	0	0
-0.999	-0.998	0	0
-0.998	-0.997	0	0
-0.997	-0.996	0	0
-0.996	-0.995	0	0
-0.995	-0.994	0	0
-0.994	-0.993	0	0
-0.993	-0.992	0	0
-0.992	-0.991	0	0
-0.991	-0.990	0	0
-0.990	-0.989	0	0
-0.989	-0.988	0	0
-0.988	-0.987	0	0
-0.987	-0.986	0	0
-0.986	-0.985	0	0
-0.985	-0.984	0	0
-0.984	-0.983	0	0
-0.983	-0.982	0	0
-0.982	-0.981	0	0
-0.981	-0.980	0	0
-0.980	-0.979	0	0
-0.979	-0.978	0	0
-0.978	-0.977	0	0
-0.977	-0.976	0	0
-0.976	-0.975	0	0
-0.975	-0.974	0	0
-0.974	-0.973	0	0
-0.973	-0.972	0	0
-0.972	-0.971	0	0
-0.971	-0.970	0	0
-0.970	-0.969	0	0
-0.969	-0.968	0	0
-0.968	-0.967	0	0
-0.967	-0.966	0	0
-0.966	-0.965	0	0
-0.965	-0.964	0	0
-0.964	-0.963	0	0
-0.963	-0.962	0	0
-0.962	-0.961	0	0
-0.961	-0.960	0	0
-0.960	-0.959	0	0
-0.959	-0.958	0	0
-0.958	-0.957	0	0
-0.957	-0.956	0	0
-0.956	-0.955	0	0
-0.955	-0.954	0	0
-0.954	-0.953	0	0
-0.953	-0.952	0	0
-0.952	-0.951	0	0
-0.951	-0.950	0	0
-0.950	-0.949	0	0
-0.949	-0.948	0	0
-0.948	-0.947	0	0
-0.947	-0.946	0	0
-0.946	-0.945	0	0
-0.945	-0.944	0	0
-0.944	-0.943	0	0
-0.943	-0.942	0	0
-0.942	-0.941	0	0
-0.941	-0.940	0	0
-0.940	-0.939	0	0
-0.939	-0.938	0	0
-0.938	-0.937	0	0
-0.937	-0.936	0	0
-0.936	-0.935	0	0
-0.935	-0.934	0	0
-0.934	-0.933	0	0
-0.933	-0.932	0	0
-0.932	-0.931	0	0
-0.931	-0.930	0	0
-0.930	-0.929	0	0
-0.929	-0.928	0	0
-0.928	-0.927	0	0
-0.927	-0.926	0	0
-0.926	-0.925	0	0
-0.925	-0.924	0	0
-0.924	-0.923	0	0
-0.923	-0.922	0	0
-0.922	-0.921	0	0
-0.921	-0.920	0	0
-0.920	-0.919	0	0
-0.919	-0.918	0	0
-0.918	-0.917	0	0
-0.917	-0.916	0	0
-0.916	-0.915	0	0
-0.915	-0.914	0	0
-0.914	-0.913	0	0
-0.913	-0.912	0	0
-0.912	-0.911	0	0
-0.911	-0.910	0	0
-0.910	-0.909	0	0
-0.909	-0.908	0	0
-0.908	-0.907	0	0
-0.907	-0.906	0	0
-0.906	-0.905	0	0
-0.905	-0.904	0	0
-0.904	-0.903	0	0
-0.903	-0.902	0	0
-0.902	-0.901	0	0
-0.901	-0.900	0	0
-0.900	-0.899	0	0
-0.899	-0.898	0	0
-0.898	-0.897	0	0
-0.897	-0.896	0	0
-0.896	-0.895	0	0
-0.895	-0.894	0	0
-0.894	-0.893	0	0
-0.893	-0.892	0	0
-0.892	-0.891	0	0
-0.891	-0.890	0	0
-0.890	-0.889	0	0
-0.889	-0.888	0	0
-0.888	-0.887	0	0
-0.887	-0.886	0	0
-0.886	-0.885	0	0
-0.885	-0.884	0	0
-0.884	-0.883	0	0
-0.883	-0.882	0	0
-0.882	-0.881	0	0
-0.881	-0.880	0	0
-0.880	-0.879	0	0
-0.879	-0.878	0	0
-0.878	-0.877	0	0
-0.877	-0.876	0	0
-0.876	-0.875	0	0
-0.875	-0.874	0	0
-0.874	-0.873	0	0
-0.873	-0.872	0	0
-0.872	-0.871	0	0
-0.871	-0.870	0	0
-0.870	-0.869	0	0
-0.869	-0.868	0	0
-0.868	-0.867	0	0
-0.867	-0.866	0	0
-0.866	-0.865	0	0
-0.865	-0.864	0	0
-0.864	-0.863	0	0
-0.863	-0.862	0	0
-0.862	-0.861	0	0
-0.861	-0.860	0	0
-0.860	-0.859	0	0
-0.859	-0.858	0	0
-0.858	-0.857	0	0
-0.857	-0.856	0	0
-0.856	-0.855	0	0
-0.855	-0.854	0	0
-0.854	-0.853	0	0
-0.853	-0.852	0	0
-0.852	-0.851	0	0
-0.851	-0.850	0	0
-0.850	-0.849	0	0
-0.849	-0.848	0	0
-0.848	-0.847	0	0
-0.847	-0.846	0	0
-0.846	-0.845	0	0
-0.845	-0.844	0	0
-0.844	-0.843	0	0
-0.843	-0.842	0	0
-0.842	-0.841	0	0
-0.841	-0.840	0	0
-0.840	-0.839	0	0
-0.839	-0.838	0	0
-0.838	-0.837	0	0
-0.837	-0.836	0	0
-0.836	-0.835	0	0
-0.835	-0.834	0	0
-0.834	-0.833	0	0
-0.833	-0.832	0	0
-0.832	-0.831	0	0
-0.831	-0.830	0	0
-0.830	-0.829	0	0
-0.829	-0.828	0	0
-0.828	-0.827	0	0
-0.827	-0.826	0	0
-0.826	-0.825	0	0
-0.825	-0.824	0	0
-0.824	-0.823	0	0
-0.823	-0.822	0	0
-0.822	-0.821	0	0
-0.821	-0.820	0	0
-0.820	-0.819	0	0
-0.819	-0.818	0	0
-0.818	-0.817	0	0
-0.817	-0.816	0	0
-0.816	-0.815	0	0
-0.815	-0.814	0	0
-0.814	-0.813	0	0
-0.813	-0.812	0	0
-0.812	-0.811	0	0
-0.811	-0.810	0	0
-0.810	-0.809	0	0
-0.809	-0.808	0	0
-0.808	-0.807	0	0
-0.807	-0.806	0	0
-0.806	-0.805	0	0
-0.805	-0.804	0	0
-0.804	-0.803	0	0
-0.803	-0.802	0	0
-0.802	-0.801	0	0
-0.801	-0.800	0	0
-0.800	-0.799	0	0
-0.799	-0.798	0	0
-0.798	-0.797	0	0
-0.797	-0.796	0	0
-0.796	-0.795	0	0
-0.795	-0.794	0	0
-0.794	-0.793	0	0
-0.793	-0.792	0	0
-0.792	-0.791	0	0
-0.791	-0.790	0	0
-0.790	-0.789	0	0
-0.789	-0.788	0	0
-0.788	-0.787	0	0
-0.787	-0.786	0	0
-0.786	-0.785	0	0
-0.785	-0.784	0	0
-0.784	-0.783	0	0
-0.783	-0.782	0	0
-0.782	-0.781	0	0
-0.781	-0.780	0	0
-0.780	-0.779	0	0
-0.779	-0.778	0	0
-0.778	-0.777	0	0
-0.777	-0.776	0	0
-0.776	-0.775	0	0
-0.775	-0.774	0	0
-0.774	-0.773	0	0
-0.773	-0.772	0	0
-0.772	-0.771	0	0
-0.771	-0.770	0	0
-0.770	-0.769	0	0
-0.769	-0.768	0	0
-0.768	-0.767	0	0
-0.767	-0.766	0	0
-0.766	-0.765	0	0
-0.765	-0.764	0	0
-0.764	-0.763	0	0
-0.763	-0.762	0	0
-0.762	-0.761	0	0
-0.761	-0.760	0	0
-0.760	-0.759	0	0
-0.759	-0.758	0	0
-0.758	-0.757	0	0
-0.757	-0.756	0	0
-0.756	-0.755	0	0
-0.755	-0.754	0	0
-0.754	-0.753	0	0
-0.753	-0.752	0	0
-0.752	-0.751	0	0
-0.751	-0.750	0	0
-0.750	-0.749	0	0
-0.749	-0.748	0	0
-0.748	-0.747	0	0
-0.747	-0.746	0	0
-0.746	-0.745	0	0
-0.745	-0.744	0	0
-0.744	-0.743	0	0
-0.743	-0.742	0	0
-0.742	-0.741	0	0
-0.741	-0.740	0	0
-0.740	-0.739	0	0
-0.739	-0.738	0	0
-0.738	-0.737	0	0
-0.737	-0.736	0	0
-0.736	-0.735	0	0
-0.735	-0.734	0	0
-0.734	-0.733	0	0
-0.733	-0.732	0	0
-0.732	-0.731	0	0
-0.731	-0.730	0	0
-0.730	-0.729	0	0
-0.729	-0.728	0	0
-0.728	-0.727	0	0
-0.727	-0.726	0	0
-0.726	-0.725	0	0
-0.725	-0.724	0	0
-0.724	-0.723	0	0
-0.723	-0.722	0	0
-0.722	-0.721	0	0
-0.721	-0.720	0	0
-0.720	-0.719	0	0
-0.719	-0.718	0	0
-0.718	-0.717	0	0
-0.717	-0.716	0	0
-0.716	-0.715	0	0
-0.715	-0.714	0	0
-0.714	-0.713	0	0
-0.713	-0.712	0	0
-0.712	-0.711	0	0
-0.711	-0.710	0	0
-0.710	-0.709	0	0
-0.709	-0.708	0	0
-0.708	-0.707	0	0
-0.707	-0.706	0	0
-0.706	-0.705	0	0
-0.705	-0.704	0	0
-0.704	-0.703	0	0
-0.703	-0.702	0	0
-0.702	-0.701	0	0
-0.701	-0.700	0	0
-0.700	-0.699	0	0
-0.699	-0.698	0	0
-0.698	-0.697	0	0
-0.697	-0.696	0	0
-0.696	-0.695	0	0
-0.695	-0.694	0	0
-0.694	-0.693	0	0
-0.693	-0.692	0	0
-0.692	-0.691	0	0
-0.691	-0.690	0	0
-0.690	-0.689	0	0
-0.689	-0.688	0	0
-0.688	-0.687	0	0
-0.687	-0.686	0	0
-0.686	-0.685	0	0
-0.685	-0.684	0	0
-0.684	-0.683	0	0
-0.683	-0.682	0	0
-0.682	-0.681	0	0
-0.681	-0.680	0	0
-0.680	-0.679	0	0
-0.679	-0.678	0	0
-0.678	-0.677	0	0
-0.677	-0.676	0	0
-0.676	-0.675	0	0
-0.675	-0.674	0	0
-0.674	-0.673	0	0
-0.673	-0.672	0	0
-0.672	-0.671	0	0
-0.671	-0.670	0	0
-0.670	-0.669	0	0
-0.669	-0.668	0	0
-0.668	-0.667	0	0
-0.667	-0.666	0	0
-0.666	-0.665	0	0
-0.665	-0.664	0	0
-0.664	-0.663	0	0
-0.663	-0.662	0	0
-0.662	-0.661	1	1
-0.661	-0.660	0	1
-0.660	-0.659	0	1
-0.659	-0.658	0	1
-0.658	-0.657	0	1
-0.657	-0.656	0	1
-0.656	-0.655	1	2
-0.655	-0.654	0	2
-0.654	-0.653	0	2
-0.653	-0.652	0	2
-0.652	-0.651	0	2
-0.651	-0.650	0	2
-0.650	-0.649	0	2
-0.649	-0.648	0	2
-0.648	-0.647	0	2
-0.647	-0.646	0	2
-0.646	-0.645	0	2
-0.645	-0.644	0	2
-0.644	-0.643	0	2
-0.643	-0.642	0	2
-0.642	-0.641	0	2
-0.641	-0.640	0	2
-0.640	-0.639	0	2
-0.639	-0.638	0	2
-0.638	-0.637	0	2
-0.637	-0.636	0	2
-0.636	-0.635	0	2
-0.635	-0.634	0	2
-0.634	-0.633	0	2
-0.633	-0.632	0	2
-0.632	-0.631	0	2
-0.631	-0.630	0	2
-0.630	-0.629	0	2
-0.629	-0.628	0	2
-0.628	-0.627	0	2
-0.627	-0.626	0	2
-0.626	-0.625	0	2
-0.625	-0.624	0	2
-0.624	-0.623	0	2
-0.623	-0.622	0	2
-0.622	-0.621	0	2
-0.621	-0.620	0	2
-0.620	-0.619	0	2
-0.619	-0.618	0	2
-0.618	-0.617	0	2
-0.617	-0.616	1	3
-0.616	-0.615	0	3
-0.615	-0.614	0	3
-0.614	-0.613	0	3
-0.613	-0.612	0	3
-0.612	-0.611	0	3
-0.611	-0.610	0	3
-0.610	-0.609	0	3
-0.609	-0.608	0	3
-0.608	-0.607	0	3
-0.607	-0.606	1	4
-0.606	-0.605	0	4
-0.605	-0.604	0	4
-0.604	-0.603	0	4
-0.603	-0.602	0	4
-0.602	-0.601	0	4
-0.601	-0.600	0	4
-0.600	-0.599	0	4
-0.599	-0.598	0	4
-0.598	-0.597	0	4
-0.597	-0.596	0	4
-0.596	-0.595	0	4
-0.595	-0.594	0	4
-0.594	-0.593	0	4
-0.593	-0.592	0	4
-0.592	-0.591	0	4
-0.591	-0.590	0	4
-0.590	-0.589	0	4
-0.589	-0.588	0	4
-0.588	-0.587	0	4
-0.587	-0.586	0	4
-0.586	-0.585	0	4
-0.585	-0.584	0	4
-0.584	-0.583	0	4
-0.583	-0.582	0	4
-0.582	-0.581	0	4
-0.581	-0.580	0	4
-0.580	-0.579	0	4
-0.579	-0.578	0	4
-0.578	-0.577	1	5
-0.577	-0.576	0	5
-0.576	-0.575	0	5
-0.575	-0.574	0	5
-0.574	-0.573	1	6
-0.573	-0.572	0	6
-0.572	-0.571	0	6
-0.571	-0.570	0	6
-0.570	-0.569	0	6
-0.569	-0.568	0	6
-0.568	-0.567	0	6
-0.567	-0.566	0	6
-0.566	-0.565	0	6
-0.565	-0.564	0	6
-0.564	-0.563	1	7
-0.563	-0.562	0	7
-0.562	-0.561	1	8
-0.561	-0.560	0	8
-0.560	-0.559	0	8
-0.559	-0.558	0	8
-0.558	-0.557	1	9
-0.557	-0.556	0	9
-0.556	-0.555	0	9
-0.555	-0.554	0	9
-0.554	-0.553	1	10
-0.553	-0.552	1	11
-0.552	-0.551	0	11
-0.551	-0.550	0	11
-0.550	-0.549	0	11
-0.549	-0.548	0	11
-0.548	-0.547	0	11
-0.547	-0.546	1	12
-0.546	-0.545	0	12
-0.545	-0.544	0	12
-0.544	-0.543	0	12
-0.543	-0.542	0	12
-0.542	-0.541	0	12
-0.541	-0.540	0	12
-0.540	-0.539	1	13
-0.539	-0.538	0	13
-0.538	-0.537	0	13
-0.537	-0.536	0	13
-0.536	-0.535	0	13
-0.535	-0.534	0	13
-0.534	-0.533	0	13
-0.533	-0.532	1	14
-0.532	-0.531	1	15
-0.531	-0.530	0	15
-0.530	-0.529	0	15
-0.529	-0.528	0	15
-0.528	-0.527	0	15
-0.527	-0.526	0	15
-0.526	-0.525	0	15
-0.525	-0.524	0	15
-0.524	-0.523	1	16
-0.523	-0.522	1	17
-0.522	-0.521	0	17
-0.521	-0.520	0	17
-0.520	-0.519	0	17
-0.519	-0.518	0	17
-0.518	-0.517	0	17
-0.517	-0.516	1	18
-0.516	-0.515	1	19
-0.515	-0.514	0	19
-0.514	-0.513	0	19
-0.513	-0.512	0	19
-0.512	-0.511	1	20
-0.511	-0.510	1	21
-0.510	-0.509	0	21
-0.509	-0.508	1	22
-0.508	-0.507	0	22
-0.507	-0.506	1	23
-0.506	-0.505	2	25
-0.505	-0.504	0	25
-0.504	-0.503	1	26
-0.503	-0.502	0	26
-0.502	-0.501	0	26
-0.501	-0.500	1	27
-0.500	-0.499	0	27
-0.499	-0.498	0	27
-0.498	-0.497	0	27
-0.497	-0.496	1	28
-0.496	-0.495	0	28
-0.495	-0.494	0	28
-0.494	-0.493	1	29
-0.493	-0.492	0	29
-0.492	-0.491	0	29
-0.491	-0.490	0	29
-0.490	-0.489	1	30
-0.489	-0.488	0	30
-0.488	-0.487	0	30
-0.487	-0.486	0	30
-0.486	-0.485	1	31
-0.485	-0.484	0	31
-0.484	-0.483	2	33
-0.483	-0.482	0	33
-0.482	-0.481	0	33
-0.481	-0.480	1	34
-0.480	-0.479	0	34
-0.479	-0.478	1	35
-0.478	-0.477	2	37
-0.477	-0.476	2	39
-0.476	-0.475	0	39
-0.475	-0.474	4	43
-0.474	-0.473	0	43
-0.473	-0.472	0	43
-0.472	-0.471	1	44
-0.471	-0.470	0	44
-0.470	-0.469	1	45
-0.469	-0.468	0	45
-0.468	-0.467	0	45
-0.467	-0.466	0	45
-0.466	-0.465	0	45
-0.465	-0.464	1	46
-0.464	-0.463	2	48
-0.463	-0.462	1	49
-0.462	-0.461	2	51
-0.461	-0.460	0	51
-0.460	-0.459	2	53
-0.459	-0.458	2	55
-0.458	-0.457	2	57
-0.457	-0.456	1	58
-0.456	-0.455	0	58
-0.455	-0.454	2	60
-0.454	-0.453	0	60
-0.453	-0.452	0	60
-0.452	-0.451	1	61
-0.451	-0.450	1	62
-0.450	-0.449	0	62
-0.449	-0.448	1	63
-0.448	-0.447	0	63
-0.447	-0.446	0	63
-0.446	-0.445	1	64
-0.445	-0.444	0	64
-0.444	-0.443	0	64
-0.443	-0.442	1	65
-0.442	-0.441	3	68
-0.441	-0.440	0	68
-0.440	-0.439	1	69
-0.439	-0.438	3	72
-0.438	-0.437	1	73
-0.437	-0.436	2	75
-0.436	-0.435	3	78
-0.435	-0.434	0	78
-0.434	-0.433	0	78
-0.433	-0.432	1	79
-0.432	-0.431	2	81
-0.431	-0.430	1	82
-0.430	-0.429	0	82
-0.429	-0.428	1	83
-0.428	-0.427	2	85
-0.427	-0.426	5	90
-0.426	-0.425	1	91
-0.425	-0.424	1	92
-0.424	-0.423	1	93
-0.423	-0.422	0	93
-0.422	-0.421	1	94
-0.421	-0.420	2	96
-0.420	-0.419	2	98
-0.419	-0.418	4	102
-0.418	-0.417	1	103
-0.417	-0.416	1	104
-0.416	-0.415	1	105
-0.415	-0.414	2	107
-0.414	-0.413	0	107
-0.413	-0.412	2	109
-0.412	-0.411	1	110
-0.411	-0.410	2	112
-0.410	-0.409	0	112
-0.409	-0.408	2	114
-0.408	-0.407	0	114
-0.407	-0.406	0	114
-0.406	-0.405	4	118
-0.405	-0.404	2	120
-0.404	-0.403	3	123
-0.403	-0.402	0	123
-0.402	-0.401	0	123
-0.401	-0.400	0	123
-0.400	-0.399	2	125
-0.399	-0.398	3	128
-0.398	-0.397	2	130
-0.397	-0.396	0	130
-0.396	-0.395	1	131
-0.395	-0.394	1	132
-0.394	-0.393	0	132
-0.393	-0.392	2	134
-0.392	-0.391	1	135
-0.391	-0.390	1	136
-0.390	-0.389	2	138
-0.389	-0.388	1	139
-0.388	-0.387	1	140
-0.387	-0.386	0	140
-0.386	-0.385	3	143
-0.385	-0.384	2	145
-0.384	-0.383	0	145
-0.383	-0.382	1	146
-0.382	-0.381	1	147
-0.381	-0.380	2	149
-0.380	-0.379	3	152
-0.379	-0.378	1	153
-0.378	-0.377	1	154
-0.377	-0.376	2	156
-0.376	-0.375	0	156
-0.375	-0.374	2	158
-0.374	-0.373	2	160
-0.373	-0.372	1	161
-0.372	-0.371	2	163
-0.371	-0.370	2	165
-0.370	-0.369	1	166
-0.369	-0.368	2	168
-0.368	-0.367	1	169
-0.367	-0.366	5	174
-0.366	-0.365	2	176
-0.365	-0.364	1	177
-0.364	-0.363	0	177
-0.363	-0.362	2	179
-0.362	-0.361	1	180
-0.361	-0.360	4	184
-0.360	-0.359	1	185
-0.359	-0.358	4	189
-0.358	-0.357	2	191
-0.357	-0.356	3	194
-0.356	-0.355	3	197
-0.355	-0.354	2	199
-0.354	-0.353	3	202
-0.353	-0.352	0	202
-0.352	-0.351	1	203
-0.351	-0.350	3	206
-0.350	-0.349	3	209
-0.349	-0.348	1	210
-0.348	-0.347	0	210
-0.347	-0.346	1	211
-0.346	-0.345	1	212
-0.345	-0.344	4	216
-0.344	-0.343	3	219
-0.343	-0.342	2	221
-0.342	-0.341	5	226
-0.341	-0.340	1	227
-0.340	-0.339	3	230
-0.339	-0.338	4	234
-0.338	-0.337	3	237
-0.337	-0.336	3	240
-0.336	-0.335	1	241
-0.335	-0.334	2	243
-0.334	-0.333	0	243
-0.333	-0.332	3	246
-0.332	-0.331	2	248
-0.331	-0.330	1	249
-0.330	-0.329	5	254
-0.329	-0.328	2	256
-0.328	-0.327	2	258
-0.327	-0.326	2	260
-0.326	-0.325	2	262
-0.325	-0.324	0	262
-0.324	-0.323	2	264
-0.323	-0.322	3	267
-0.322	-0.321	1	268
-0.321	-0.320	4	272
-0.320	-0.319	4	276
-0.319	-0.318	3	279
-0.318	-0.317	0	279
-0.317	-0.316	0	279
-0.316	-0.315	4	283
-0.315	-0.314	1	284
-0.314	-0.313	1	285
-0.313	-0.312	4	289
-0.312	-0.311	1	290
-0.311	-0.310	0	290
-0.310	-0.309	3	293
-0.309	-0.308	6	299
-0.308	-0.307	2	301
-0.307	-0.306	0	301
-0.306	-0.305	2	303
-0.305	-0.304	4	307
-0.304	-0.303	2	309
-0.303	-0.302	1	310
-0.302	-0.301	2	312
-0.301	-0.300	3	315
-0.300	-0.299	3	318
-0.299	-0.298	1	319
-0.298	-0.297	4	323
-0.297	-0.296	1	324
-0.296	-0.295	3	327
-0.295	-0.294	1	328
-0.294	-0.293	1	329
-0.293	-0.292	4	333
-0.292	-0.291	1	334
-0.291	-0.290	2	336
-0.290	-0.289	0	336
-0.289	-0.288	4	340
-0.288	-0.287	2	342
-0.287	-0.286	3	345
-0.286	-0.285	1	346
-0.285	-0.284	4	350
-0.284	-0.283	2	352
-0.283	-0.282	3	355
-0.282	-0.281	4	359
-0.281	-0.280	5	364
-0.280	-0.279	2	366
-0.279	-0.278	2	368
-0.278	-0.277	1	369
-0.277	-0.276	3	372
-0.276	-0.275	2	374
-0.275	-0.274	2	376
-0.274	-0.273	1	377
-0.273	-0.272	3	380
-0.272	-0.271	0	380
-0.271	-0.270	2	382
-0.270	-0.269	4	386
-0.269	-0.268	2	388
-0.268	-0.267	2	390
-0.267	-0.266	2	392
-0.266	-0.265	4	396
-0.265	-0.264	4	400
-0.264	-0.263	5	405
-0.263	-0.262	2	407
-0.262	-0.261	3	410
-0.261	-0.260	3	413
-0.260	-0.259	3	416
-0.259	-0.258	1	417
-0.258	-0.257	5	422
-0.257	-0.256	4	426
-0.256	-0.255	2	428
-0.255	-0.254	4	432
-0.254	-0.253	5	437
-0.253	-0.252	4	441
-0.252	-0.251	5	446
-0.251	-0.250	10	456
-0.250	-0.249	10	466
-0.249	-0.248	1	467
-0.248	-0.247	6	473
-0.247	-0.246	4	477
-0.246	-0.245	7	484
-0.245	-0.244	5	489
-0.244	-0.243	5	494
-0.243	-0.242	5	499
-0.242	-0.241	3	502
-0.241	-0.240	5	507
-0.240	-0.239	5	512
-0.239	-0.238	5	517
-0.238	-0.237	5	522
-0.237	-0.236	5	527
-0.236	-0.235	5	532
-0.235	-0.234	3	535
-0.234	-0.233	2	537
-0.233	-0.232	5	542
-0.232	-0.231	5	547
-0.231	-0.230	6	553
-0.230	-0.229	1	554
-0.229	-0.228	2	556
-0.228	-0.227	3	559
-0.227	-0.226	4	563
-0.226	-0.225	3	566
-0.225	-0.224	7	573
-0.224	-0.223	3	576
-0.223	-0.222	6	582
-0.222	-0.221	4	586
-0.221	-0.220	7	593
-0.220	-0.219	2	595
-0.219	-0.218	7	602
-0.218	-0.217	3	605
-0.217	-0.216	0	605
-0.216	-0.215	9	614
-0.215	-0.214	3	617
-0.214	-0.213	8	625
-0.213	-0.212	6	631
-0.212	-0.211	2	633
-0.211	-0.210	1	634
-0.210	-0.209	7	641
-0.209	-0.208	3	644
-0.208	-0.207	8	652
-0.207	-0.206	6	658
-0.206	-0.205	2	660
-0.205	-0.204	6	666
-0.204	-0.203	4	670
-0.203	-0.202	5	675
-0.202	-0.201	5	680
-0.201	-0.200	4	684
-0.200	-0.199	5	689
-0.199	-0.198	5	694
-0.198	-0.197	4	698
-0.197	-0.196	3	701
-0.196	-0.195	3	704
-0.195	-0.194	7	711
-0.194	-0.193	1	712
-0.193	-0.192	3	715
-0.192	-0.191	9	724
-0.191	-0.190	4	728
-0.190	-0.189	3	731
-0.189	-0.188	7	738
-0.188	-0.187	6	744
-0.187	-0.186	8	752
-0.186	-0.185	3	755
-0.185	-0.184	4	759
-0.184	-0.183	2	761
-0.183	-0.182	6	767
-0.182	-0.181	9	776
-0.181	-0.180	5	781
-0.180	-0.179	4	785
-0.179	-0.178	4	789
-0.178	-0.177	2	791
-0.177	-0.176	7	798
-0.176	-0.175	0	798
-0.175	-0.174	6	804
-0.174	-0.173	8	812
-0.173	-0.172	10	822
-0.172	-0.171	3	825
-0.171	-0.170	4	829
-0.170	-0.169	5	834
-0.169	-0.168	6	840
-0.168	-0.167	4	844
-0.167	-0.166	9	853
-0.166	-0.165	2	855
-0.165	-0.164	9	864
-0.164	-0.163	4	868
-0.163	-0.162	5	873
-0.162	-0.161	6	879
-0.161	-0.160	4	883
-0.160	-0.159	9	892
-0.159	-0.158	3	895
-0.158	-0.157	3	898
-0.157	-0.156	2	900
-0.156	-0.155	6	906
-0.155	-0.154	5	911
-0.154	-0.153	4	915
-0.153	-0.152	12	927
-0.152	-0.151	6	933
-0.151	-0.150	7	940
-0.150	-0.149	8	948
-0.149	-0.148	8	956
-0.148	-0.147	2	958
-0.147	-0.146	3	961
-0.146	-0.145	2	963
-0.145	-0.144	5	968
-0.144	-0.143	4	972
-0.143	-0.142	6	978
-0.142	-0.141	5	983
-0.141	-0.140	7	990
-0.140	-0.139	5	995
-0.139	-0.138	3	998
-0.138	-0.137	5	1003
-0.137	-0.136	7	1010
-0.136	-0.135	7	1017
-0.135	-0.134	6	1023
-0.134	-0.133	5	1028
-0.133	-0.132	5	1033
-0.132	-0.131	4	1037
-0.131	-0.130	2	1039
-0.130	-0.129	7	1046
-0.129	-0.128	5	1051
-0.128	-0.127	7	1058
-0.127	-0.126	8	1066
-0.126	-0.125	9	1075
-0.125	-0.124	4	1079
-0.124	-0.123	6	1085
-0.123	-0.122	6	1091
-0.122	-0.121	5	1096
-0.121	-0.120	5	1101
-0.120	-0.119	5	1106
-0.119	-0.118	7	1113
-0.118	-0.117	3	1116
-0.117	-0.116	7	1123
-0.116	-0.115	2	1125
-0.115	-0.114	5	1130
-0.114	-0.113	6	1136
-0.113	-0.112	7	1143
-0.112	-0.111	4	1147
-0.111	-0.110	5	1152
-0.110	-0.109	5	1157
-0.109	-0.108	10	1167
-0.108	-0.107	5	1172
-0.107	-0.106	6	1178
-0.106	-0.105	5	1183
-0.105	-0.104	7	1190
-0.104	-0.103	9	1199
-0.103	-0.102	9	1208
-0.102	-0.101	3	1211
-0.101	-0.100	6	1217
-0.100	-0.099	10	1227
-0.099	-0.098	6	1233
-0.098	-0.097	6	1239
-0.097	-0.096	8	1247
-0.096	-0.095	6	1253
-0.095	-0.094	3	1256
-0.094	-0.093	6	1262
-0.093	-0.092	7	1269
-0.092	-0.091	7	1276
-0.091	-0.090	11	1287
-0.090	-0.089	7	1294
-0.089	-0.088	5	1299
-0.088	-0.087	6	1305
-0.087	-0.086	1	1306
-0.086	-0.085	6	1312
-0.085	-0.084	6	1318
-0.084	-0.083	8	1326
-0.083	-0.082	5	1331
-0.082	-0.081	8	1339
-0.081	-0.080	7	1346
-0.080	-0.079	10	1356
-0.079	-0.078	6	1362
-0.078	-0.077	4	1366
-0.077	-0.076	6	1372
-0.076	-0.075	7	1379
-0.075	-0.074	8	1387
-0.074	-0.073	10	1397
-0.073	-0.072	6	1403
-0.072	-0.071	3	1406
-0.071	-0.070	6	1412
-0.070	-0.069	7	1419
-0.069	-0.068	8	1427
-0.068	-0.067	1	1428
-0.067	-0.066	5	1433
-0.066	-0.065	9	1442
-0.065	-0.064	5	1447
-0.064	-0.063	4	1451
-0.063	-0.062	5	1456
-0.062	-0.061	6	1462
-0.061	-0.060	6	1468
-0.060	-0.059	4	1472
-0.059	-0.058	6	1478
-0.058	-0.057	10	1488
-0.057	-0.056	2	1490
-0.056	-0.055	10	1500
-0.055	-0.054	8	1508
-0.054	-0.053	9	1517
-0.053	-0.052	3	1520
-0.052	-0.051	5	1525
-0.051	-0.050	5	1530
-0.050	-0.049	12	1542
-0.049	-0.048	5	1547
-0.048	-0.047	7	1554
-0.047	-0.046	9	1563
-0.046	-0.045	6	1569
-0.045	-0.044	5	1574
-0.044	-0.043	5	1579
-0.043	-0.042	8	1587
-0.042	-0.041	6	1593
-0.041	-0.040	3	1596
-0.040	-0.039	8	1604
-0.039	-0.038	6	1610
-0.038	-0.037	8	1618
-0.037	-0.036	7	1625
-0.036	-0.035	1	1626
-0.035	-0.034	16	1642
-0.034	-0.033	3	1645
-0.033	-0.032	6	1651
-0.032	-0.031	6	1657
-0.031	-0.030	8	1665
-0.030	-0.029	4	1669
-0.029	-0.028	3	1672
-0.028	-0.027	10	1682
-0.027	-0.026	2	1684
-0.026	-0.025	6	1690
-0.025	-0.024	5	1695
-0.024	-0.023	6	1701
-0.023	-0.022	10	1711
-0.022	-0.021	7	1718
-0.021	-0.020	6	1724
-0.020	-0.019	11	1735
-0.019	-0.018	5	1740
-0.018	-0.017	3	1743
-0.017	-0.016	9	1752
-0.016	-0.015	4	1756
-0.015	-0.014	9	1765
-0.014	-0.013	7	1772
-0.013	-0.012	5	1777
-0.012	-0.011	9	1786
-0.011	-0.010	0	1786
-0.010	-0.009	8	1794
-0.009	-0.008	13	1807
-0.008	-0.007	11	1818
-0.007	-0.006	8	1826
-0.006	-0.005	7	1833
-0.005	-0.004	8	1841
-0.004	-0.003	5	1846
-0.003	-0.002	5	1851
-0.002	-0.001	7	1858
-0.001	-0.000	5	1863
0.000	0.001	17	1880
0.001	0.002	6	1886
0.002	0.003	7	1893
0.003	0.004	9	1902
0.004	0.005	7	1909
0.005	0.006	12	1921
0.006	0.007	5	1926
0.007	0.008	11	1937
0.008	0.009	5	1942
0.009	0.010	4	1946
0.010	0.011	7	1953
0.011	0.012	12	1965
0.012	0.013	10	1975
0.013	0.014	6	1981
0.014	0.015	6	1987
0.015	0.016	8	1995
0.016	0.017	6	2001
0.017	0.018	2	2003
0.018	0.019	8	2011
0.019	0.020	8	2019
0.020	0.021	9	2028
0.021	0.022	11	2039
0.022	0.023	6	2045
0.023	0.024	7	2052
0.024	0.025	7	2059
0.025	0.026	7	2066
0.026	0.027	6	2072
0.027	0.028	8	2080
0.028	0.029	5	2085
0.029	0.030	3	2088
0.030	0.031	9	2097
0.031	0.032	8	2105
0.032	0.033	5	2110
0.033	0.034	9	2119
0.034	0.035	8	2127
0.035	0.036	8	2135
0.036	0.037	8	2143
0.037	0.038	4	2147
0.038	0.039	4	2151
0.039	0.040	9	2160
0.040	0.041	6	2166
0.041	0.042	7	2173
0.042	0.043	7	2180
0.043	0.044	7	2187
0.044	0.045	8	2195
0.045	0.046	7	2202
0.046	0.047	4	2206
0.047	0.048	3	2209
0.048	0.049	5	2214
0.049	0.050	5	2219
0.050	0.051	1	2220
0.051	0.052	11	2231
0.052	0.053	7	2238
0.053	0.054	6	2244
0.054	0.055	10	2254
0.055	0.056	7	2261
0.056	0.057	6	2267
0.057	0.058	8	2275
0.058	0.059	5	2280
0.059	0.060	5	2285
0.060	0.061	4	2289
0.061	0.062	8	2297
0.062	0.063	5	2302
0.063	0.064	7	2309
0.064	0.065	9	2318
0.065	0.066	9	2327
0.066	0.067	7	2334
0.067	0.068	11	2345
0.068	0.069	5	2350
0.069	0.070	8	2358
0.070	0.071	8	2366
0.071	0.072	7	2373
0.072	0.073	2	2375
0.073	0.074	7	2382
0.074	0.075	4	2386
0.075	0.076	7	2393
0.076	0.077	9	2402
0.077	0.078	5	2407
0.078	0.079	5	2412
0.079	0.080	6	2418
0.080	0.081	7	2425
0.081	0.082	8	2433
0.082	0.083	6	2439
0.083	0.084	5	2444
0.084	0.085	7	2451
0.085	0.086	12	2463
0.086	0.087	4	2467
0.087	0.088	8	2475
0.088	0.089	6	2481
0.089	0.090	8	2489
0.090	0.091	6	2495
0.091	0.092	3	2498
0.092	0.093	3	2501
0.093	0.094	7	2508
0.094	0.095	8	2516
0.095	0.096	6	2522
0.096	0.097	8	2530
0.097	0.098	8	2538
0.098	0.099	10	2548
0.099	0.100	11	2559
0.100	0.101	10	2569
0.101	0.102	4	2573
0.102	0.103	5	2578
0.103	0.104	5	2583
0.104	0.105	10	2593
0.105	0.106	7	2600
0.106	0.107	5	2605
0.107	0.108	2	2607
0.108	0.109	3	2610
0.109	0.110	11	2621
0.110	0.111	6	2627
0.111	0.112	10	2637
0.112	0.113	7	2644
0.113	0.114	5	2649
0.114	0.115	4	2653
0.115	0.116	6	2659
0.116	0.117	7	2666
0.117	0.118	3	2669
0.118	0.119	5	2674
0.119	0.120	6	2680
0.120	0.121	8	2688
0.121	0.122	8	2696
0.122	0.123	6	2702
0.123	0.124	7	2709
0.124	0.125	8	2717
0.125	0.126	4	2721
0.126	0.127	11	2732
0.127	0.128	2	2734
0.128	0.129	8	2742
0.129	0.130	3	2745
0.130	0.131	6	2751
0.131	0.132	8	2759
0.132	0.133	11	2770
0.133	0.134	6	2776
0.134	0.135	7	2783
0.135	0.136	5	2788
0.136	0.137	8	2796
0.137	0.138	8	2804
0.138	0.139	4	2808
0.139	0.140	7	2815
0.140	0.141	4	2819
0.141	0.142	5	2824
0.142	0.143	6	2830
0.143	0.144	2	2832
0.144	0.145	2	2834
0.145	0.146	5	2839
0.146	0.147	7	2846
0.147	0.148	7	2853
0.148	0.149	6	2859
0.149	0.150	6	2865
0.150	0.151	3	2868
0.151	0.152	5	2873
0.152	0.153	5	2878
0.153	0.154	5	2883
0.154	0.155	5	2888
0.155	0.156	1	2889
0.156	0.157	4	2893
0.157	0.158	9	2902
0.158	0.159	6	2908
0.159	0.160	3	2911
0.160	0.161	5	2916
0.161	0.162	7	2923
0.162	0.163	1	2924
0.163	0.164	5	2929
0.164	0.165	5	2934
0.165	0.166	6	2940
0.166	0.167	11	2951
0.167	0.168	9	2960
0.168	0.169	3	2963
0.169	0.170	4	2967
0.170	0.171	6	2973
0.171	0.172	1	2974
0.172	0.173	6	2980
0.173	0.174	7	2987
0.174	0.175	4	2991
0.175	0.176	3	2994
0.176	0.177	8	3002
0.177	0.178	5	3007
0.178	0.179	10	3017
0.179	0.180	6	3023
0.180	0.181	12	3035
0.181	0.182	7	3042
0.182	0.183	3	3045
0.183	0.184	5	3050
0.184	0.185	8	3058
0.185	0.186	10	3068
0.186	0.187	3	3071
0.187	0.188	6	3077
0.188	0.189	5	3082
0.189	0.190	7	3089
0.190	0.191	5	3094
0.191	0.192	5	3099
0.192	0.193	10	3109
0.193	0.194	4	3113
0.194	0.195	1	3114
0.195	0.196	2	3116
0.196	0.197	3	3119
0.197	0.198	3	3122
0.198	0.199	8	3130
0.199	0.200	7	3137
0.200	0.201	3	3140
0.201	0.202	7	3147
0.202	0.203	6	3153
0.203	0.204	6	3159
0.204	0.205	4	3163
0.205	0.206	8	3171
0.206	0.207	6	3177
0.207	0.208	4	3181
0.208	0.209	2	3183
0.209	0.210	2	3185
0.210	0.211	6	3191
0.211	0.212	3	3194
0.212	0.213	7	3201
0.213	0.214	7	3208
0.214	0.215	4	3212
0.215	0.216	5	3217
0.216	0.217	4	3221
0.217	0.218	5	3226
0.218	0.219	2	3228
0.219	0.220	7	3235
0.220	0.221	5	3240
0.221	0.222	2	3242
0.222	0.223	0	3242
0.223	0.224	6	3248
0.224	0.225	4	3252
0.225	0.226	4	3256
0.226	0.227	6	3262
0.227	0.228	7	3269
0.228	0.229	5	3274
0.229	0.230	7	3281
0.230	0.231	1	3282
0.231	0.232	1	3283
0.232	0.233	5	3288
0.233	0.234	6	3294
0.234	0.235	8	3302
0.235	0.236	1	3303
0.236	0.237	9	3312
0.237	0.238	5	3317
0.238	0.239	2	3319
0.239	0.240	4	3323
0.240	0.241	4	3327
0.241	0.242	6	3333
0.242	0.243	7	3340
0.243	0.244	3	3343
0.244	0.245	8	3351
0.245	0.246	2	3353
0.246	0.247	7	3360
0.247	0.248	4	3364
0.248	0.249	5	3369
0.249	0.250	5	3374
0.250	0.251	8	3382
0.251	0.252	4	3386
0.252	0.253	4	3390
0.253	0.254	2	3392
0.254	0.255	10	3402
0.255	0.256	3	3405
0.256	0.257	3	3408
0.257	0.258	3	3411
0.258	0.259	2	3413
0.259	0.260	4	3417
0.260	0.261	6	3423
0.261	0.262	4	3427
0.262	0.263	6	3433
0.263	0.264	10	3443
0.264	0.265	6	3449
0.265	0.266	3	3452
0.266	0.267	8	3460
0.267	0.268	5	3465
0.268	0.269	6	3471
0.269	0.270	8	3479
0.270	0.271	6	3485
0.271	0.272	5	3490
0.272	0.273	4	3494
0.273	0.274	5	3499
0.274	0.275	4	3503
0.275	0.276	5	3508
0.276	0.277	3	3511
0.277	0.278	1	3512
0.278	0.279	2	3514
0.279	0.280	3	3517
0.280	0.281	4	3521
0.281	0.282	2	3523
0.282	0.283	5	3528
0.283	0.284	2	3530
0.284	0.285	6	3536
0.285	0.286	3	3539
0.286	0.287	5	3544
0.287	0.288	4	3548
0.288	0.289	5	3553
0.289	0.290	5	3558
0.290	0.291	3	3561
0.291	0.292	1	3562
0.292	0.293	1	3563
0.293	0.294	4	3567
0.294	0.295	5	3572
0.295	0.296	5	3577
0.296	0.297	4	3581
0.297	0.298	4	3585
0.298	0.299	3	3588
0.299	0.300	5	3593
0.300	0.301	3	3596
0.301	0.302	2	3598
0.302	0.303	3	3601
0.303	0.304	2	3603
0.304	0.305	4	3607
0.305	0.306	3	3610
0.306	0.307	1	3611
0.307	0.308	4	3615
0.308	0.309	5	3620
0.309	0.310	2	3622
0.310	0.311	3	3625
0.311	0.312	3	3628
0.312	0.313	2	3630
0.313	0.314	4	3634
0.314	0.315	5	3639
0.315	0.316	1	3640
0.316	0.317	1	3641
0.317	0.318	3	3644
0.318	0.319	7	3651
0.319	0.320	4	3655
0.320	0.321	3	3658
0.321	0.322	1	3659
0.322	0.323	5	3664
0.323	0.324	2	3666
0.324	0.325	4	3670
0.325	0.326	1	3671
0.326	0.327	2	3673
0.327	0.328	6	3679
0.328	0.329	2	3681
0.329	0.330	4	3685
0.330	0.331	1	3686
0.331	0.332	4	3690
0.332	0.333	0	3690
0.333	0.334	5	3695
0.334	0.335	1	3696
0.335	0.336	4	3700
0.336	0.337	3	3703
0.337	0.338	1	3704
0.338	0.339	1	3705
0.339	0.340	3	3708
0.340	0.341	5	3713
0.341	0.342	1	3714
0.342	0.343	1	3715
0.343	0.344	0	3715
0.344	0.345	0	3715
0.345	0.346	1	3716
0.346	0.347	1	3717
0.347	0.348	3	3720
0.348	0.349	3	3723
0.349	0.350	1	3724
0.350	0.351	3	3727
0.351	0.352	2	3729
0.352	0.353	2	3731
0.353	0.354	1	3732
0.354	0.355	1	3733
0.355	0.356	1	3734
0.356	0.357	1	3735
0.357	0.358	3	3738
0.358	0.359	0	3738
0.359	0.360	2	3740
0.360	0.361	4	3744
0.361	0.362	2	3746
0.362	0.363	2	3748
0.363	0.364	5	3753
0.364	0.365	1	3754
0.365	0.366	2	3756
0.366	0.367	2	3758
0.367	0.368	6	3764
0.368	0.369	1	3765
0.369	0.370	2	3767
0.370	0.371	3	3770
0.371	0.372	1	3771
0.372	0.373	1	3772
0.373	0.374	4	3776
0.374	0.375	5	3781
0.375	0.376	1	3782
0.376	0.377	1	3783
0.377	0.378	3	3786
0.378	0.379	3	3789
0.379	0.380	2	3791
0.380	0.381	3	3794
0.381	0.382	6	3800
0.382	0.383	5	3805
0.383	0.384	4	3809
0.384	0.385	2	3811
0.385	0.386	2	3813
0.386	0.387	5	3818
0.387	0.388	1	3819
0.388	0.389	1	3820
0.389	0.390	2	3822
0.390	0.391	2	3824
0.391	0.392	3	3827
0.392	0.393	1	3828
0.393	0.394	1	3829
0.394	0.395	1	3830
0.395	0.396	4	3834
0.396	0.397	1	3835
0.397	0.398	4	3839
0.398	0.399	7	3846
0.399	0.400	0	3846
0.400	0.401	1	3847
0.401	0.402	3	3850
0.402	0.403	1	3851
0.403	0.404	0	3851
0.404	0.405	2	3853
0.405	0.406	1	3854
0.406	0.407	1	3855
0.407	0.408	3	3858
0.408	0.409	1	3859
0.409	0.410	2	3861
0.410	0.411	2	3863
0.411	0.412	1	3864
0.412	0.413	1	3865
0.413	0.414	2	3867
0.414	0.415	1	3868
0.415	0.416	4	3872
0.416	0.417	2	3874
0.417	0.418	1	3875
0.418	0.419	1	3876
0.419	0.420	0	3876
0.420	0.421	5	3881
0.421	0.422	0	3881
0.422	0.423	2	3883
0.423	0.424	3	3886
0.424	0.425	1	3887
0.425	0.426	0	3887
0.426	0.427	3	3890
0.427	0.428	1	3891
0.428	0.429	2	3893
0.429	0.430	2	3895
0.430	0.431	1	3896
0.431	0.432	2	3898
0.432	0.433	3	3901
0.433	0.434	1	3902
0.434	0.435	2	3904
0.435	0.436	2	3906
0.436	0.437	3	3909
0.437	0.438	2	3911
0.438	0.439	2	3913
0.439	0.440	1	3914
0.440	0.441	3	3917
0.441	0.442	1	3918
0.442	0.443	3	3921
0.443	0.444	1	3922
0.444	0.445	2	3924
0.445	0.446	1	3925
0.446	0.447	3	3928
0.447	0.448	2	3930
0.448	0.449	2	3932
0.449	0.450	2	3934
0.450	0.451	1	3935
0.451	0.452	2	3937
0.452	0.453	0	3937
0.453	0.454	1	3938
0.454	0.455	0	3938
0.455	0.456	0	3938
0.456	0.457	5	3943
0.457	0.458	1	3944
0.458	0.459	3	3947
0.459	0.460	2	3949
0.460	0.461	1	3950
0.461	0.462	2	3952
0.462	0.463	2	3954
0.463	0.464	0	3954
0.464	0.465	2	3956
0.465	0.466	2	3958
0.466	0.467	2	3960
0.467	0.468	1	3961
0.468	0.469	2	3963
0.469	0.470	1	3964
0.470	0.471	0	3964
0.471	0.472	2	3966
0.472	0.473	0	3966
0.473	0.474	1	3967
0.474	0.475	0	3967
0.475	0.476	0	3967
0.476	0.477	1	3968
0.477	0.478	0	3968
0.478	0.479	0	3968
0.479	0.480	1	3969
0.480	0.481	0	3969
0.481	0.482	1	3970
0.482	0.483	2	3972
0.483	0.484	3	3975
0.484	0.485	3	3978
0.485	0.486	4	3982
0.486	0.487	1	3983
0.487	0.488	1	3984
0.488	0.489	0	3984
0.489	0.490	1	3985
0.490	0.491	2	3987
0.491	0.492	1	3988
0.492	0.493	2	3990
0.493	0.494	4	3994
0.494	0.495	2	3996
0.495	0.496	1	3997
0.496	0.497	2	3999
0.497	0.498	0	3999
0.498	0.499	1	4000
0.499	0.500	2	4002
0.500	0.501	0	4002
0.501	0.502	2	4004
0.502	0.503	1	4005
0.503	0.504	0	4005
0.504	0.505	1	4006
0.505	0.506	1	4007
0.506	0.507	3	4010
0.507	0.508	1	4011
0.508	0.509	1	4012
0.509	0.510	0	4012
0.510	0.511	0	4012
0.511	0.512	0	4012
0.512	0.513	0	4012
0.513	0.514	0	4012
0.514	0.515	1	4013
0.515	0.516	2	4015
0.516	0.517	1	4016
0.517	0.518	2	4018
0.518	0.519	0	4018
0.519	0.520	1	4019
0.520	0.521	2	4021
0.521	0.522	0	4021
0.522	0.523	0	4021
0.523	0.524	2	4023
0.524	0.525	0	4023
0.525	0.526	1	4024
0.526	0.527	1	4025
0.527	0.528	0	4025
0.528	0.529	0	4025
0.529	0.530	0	4025
0.530	0.531	0	4025
0.531	0.532	0	4025
0.532	0.533	1	4026
0.533	0.534	2	4028
0.534	0.535	0	4028
0.535	0.536	3	4031
0.536	0.537	1	4032
0.537	0.538	0	4032
0.538	0.539	0	4032
0.539	0.540	0	4032
0.540	0.541	1	4033
0.541	0.542	0	4033
0.542	0.543	1	4034
0.543	0.544	0	4034
0.544	0.545	0	4034
0.545	0.546	0	4034
0.546	0.547	1	4035
0.547	0.548	1	4036
0.548	0.549	1	4037
0.549	0.550	0	4037
0.550	0.551	0	4037
0.551	0.552	1	4038
0.552	0.553	0	4038
0.553	0.554	0	4038
0.554	0.555	1	4039
0.555	0.556	0	4039
0.556	0.557	1	4040
0.557	0.558	1	4041
0.558	0.559	0	4041
0.559	0.560	0	4041
0.560	0.561	0	4041
0.561	0.562	0	4041
0.562	0.563	0	4041
0.563	0.564	0	4041
0.564	0.565	0	4041
0.565	0.566	0	4041
0.566	0.567	1	4042
0.567	0.568	0	4042
0.568	0.569	1	4043
0.569	0.570	0	4043
0.570	0.571	0	4043
0.571	0.572	2	4045
0.572	0.573	0	4045
0.573	0.574	0	4045
0.574	0.575	0	4045
0.575	0.576	1	4046
0.576	0.577	0	4046
0.577	0.578	2	4048
0.578	0.579	1	4049
0.579	0.580	0	4049
0.580	0.581	1	4050
0.581	0.582	0	4050
0.582	0.583	0	4050
0.583	0.584	2	4052
0.584	0.585	0	4052
0.585	0.586	0	4052
0.586	0.587	0	4052
0.587	0.588	1	4053
0.588	0.589	0	4053
0.589	0.590	1	4054
0.590	0.591	0	4054
0.591	0.592	0	4054
0.592	0.593	0	4054
0.593	0.594	0	4054
0.594	0.595	1	4055
0.595	0.596	0	4055
0.596	0.597	1	4056
0.597	0.598	1	4057
0.598	0.599	0	4057
0.599	0.600	1	4058
0.600	0.601	0	4058
0.601	0.602	0	4058
0.602	0.603	0	4058
0.603	0.604	0	4058
0.604	0.605	1	4059
0.605	0.606	1	4060
0.606	0.607	2	4062
0.607	0.608	0	4062
0.608	0.609	0	4062
0.609	0.610	1	4063
0.610	0.611	1	4064
0.611	0.612	0	4064
0.612	0.613	0	4064
0.613	0.614	0	4064
0.614	0.615	0	4064
0.615	0.616	0	4064
0.616	0.617	1	4065
0.617	0.618	0	4065
0.618	0.619	2	4067
0.619	0.620	0	4067
0.620	0.621	1	4068
0.621	0.622	0	4068
0.622	0.623	0	4068
0.623	0.624	0	4068
0.624	0.625	0	4068
0.625	0.626	0	4068
0.626	0.627	1	4069
0.627	0.628	0	4069
0.628	0.629	0	4069
0.629	0.630	0	4069
0.630	0.631	0	4069
0.631	0.632	0	4069
0.632	0.633	0	4069
0.633	0.634	0	4069
0.634	0.635	0	4069
0.635	0.636	1	4070
0.636	0.637	0	4070
0.637	0.638	0	4070
0.638	0.639	0	4070
0.639	0.640	0	4070
0.640	0.641	0	4070
0.641	0.642	1	4071
0.642	0.643	2	4073
0.643	0.644	0	4073
0.644	0.645	0	4073
0.645	0.646	0	4073
0.646	0.647	1	4074
0.647	0.648	0	4074
0.648	0.649	1	4075
0.649	0.650	0	4075
0.650	0.651	0	4075
0.651	0.652	0	4075
0.652	0.653	0	4075
0.653	0.654	1	4076
0.654	0.655	1	4077
0.655	0.656	1	4078
0.656	0.657	1	4079
0.657	0.658	1	4080
0.658	0.659	0	4080
0.659	0.660	1	4081
0.660	0.661	1	4082
0.661	0.662	0	4082
0.662	0.663	1	4083
0.663	0.664	0	4083
0.664	0.665	0	4083
0.665	0.666	0	4083
0.666	0.667	0	4083
0.667	0.668	0	4083
0.668	0.669	0	4083
0.669	0.670	3	4086
0.670	0.671	0	4086
0.671	0.672	0	4086
0.672	0.673	0	4086
0.673	0.674	0	4086
0.674	0.675	0	4086
0.675	0.676	0	4086
0.676	0.677	1	4087
0.677	0.678	0	4087
0.678	0.679	0	4087
0.679	0.680	0	4087
0.680	0.681	0	4087
0.681	0.682	0	4087
0.682	0.683	0	4087
0.683	0.684	0	4087
0.684	0.685	0	4087
0.685	0.686	0	4087
0.686	0.687	0	4087
0.687	0.688	0	4087
0.688	0.689	0	4087
0.689	0.690	0	4087
0.690	0.691	0	4087
0.691	0.692	0	4087
0.692	0.693	0	4087
0.693	0.694	0	4087
0.694	0.695	0	4087
0.695	0.696	0	4087
0.696	0.697	0	4087
0.697	0.698	0	4087
0.698	0.699	0	4087
0.699	0.700	0	4087
0.700	0.701	0	4087
0.701	0.702	0	4087
0.702	0.703	0	4087
0.703	0.704	0	4087
0.704	0.705	0	4087
0.705	0.706	0	4087
0.706	0.707	0	4087
0.707	0.708	0	4087
0.708	0.709	0	4087
0.709	0.710	1	4088
0.710	0.711	0	4088
0.711	0.712	0	4088
0.712	0.713	0	4088
0.713	0.714	1	4089
0.714	0.715	0	4089
0.715	0.716	0	4089
0.716	0.717	0	4089
0.717	0.718	0	4089
0.718	0.719	1	4090
0.719	0.720	0	4090
0.720	0.721	0	4090
0.721	0.722	0	4090
0.722	0.723	0	4090
0.723	0.724	1	4091
0.724	0.725	0	4091
0.725	0.726	0	4091
0.726	0.727	0	4091
0.727	0.728	0	4091
0.728	0.729	0	4091
0.729	0.730	0	4091
0.730	0.731	0	4091
0.731	0.732	0	4091
0.732	0.733	0	4091
0.733	0.734	0	4091
0.734	0.735	0	4091
0.735	0.736	0	4091
0.736	0.737	0	4091
0.737	0.738	0	4091
0.738	0.739	0	4091
0.739	0.740	0	4091
0.740	0.741	0	4091
0.741	0.742	0	4091
0.742	0.743	0	4091
0.743	0.744	0	4091
0.744	0.745	0	4091
0.745	0.746	0	4091
0.746	0.747	0	4091
0.747	0.748	0	4091
0.748	0.749	0	4091
0.749	0.750	1	4092
0.750	0.751	0	4092
0.751	0.752	0	4092
0.752	0.753	0	4092
0.753	0.754	0	4092
0.754	0.755	0	4092
0.755	0.756	0	4092
0.756	0.757	0	4092
0.757	0.758	0	4092
0.758	0.759	1	4093
0.759	0.760	0	4093
0.760	0.761	0	4093
0.761	0.762	0	4093
0.762	0.763	0	4093
0.763	0.764	0	4093
0.764	0.765	0	4093
0.765	0.766	0	4093
0.766	0.767	0	4093
0.767	0.768	0	4093
0.768	0.769	1	4094
0.769	0.770	0	4094
0.770	0.771	0	4094
0.771	0.772	0	4094
0.772	0.773	0	4094
0.773	0.774	0	4094
0.774	0.775	0	4094
0.775	0.776	0	4094
0.776	0.777	0	4094
0.777	0.778	0	4094
0.778	0.779	0	4094
0.779	0.780	0	4094
0.780	0.781	0	4094
0.781	0.782	0	4094
0.782	0.783	0	4094
0.783	0.784	0	4094
0.784	0.785	0	4094
0.785	0.786	1	4095
0.786	0.787	0	4095
0.787	0.788	0	4095
0.788	0.789	0	4095
0.789	0.790	0	4095
0.790	0.791	0	4095
0.791	0.792	0	4095
0.792	0.793	0	4095
0.793	0.794	0	4095
0.794	0.795	0	4095
0.795	0.796	0	4095
0.796	0.797	0	4095
0.797	0.798	0	4095
0.798	0.799	0	4095
0.799	0.800	0	4095
0.800	0.801	0	4095
0.801	0.802	0	4095
0.802	0.803	0	4095
0.803	0.804	0	4095
0.804	0.805	0	4095
0.805	0.806	0	4095
0.806	0.807	0	4095
0.807	0.808	0	4095
0.808	0.809	0	4095
0.809	0.810	0	4095
0.810	0.811	0	4095
0.811	0.812	0	4095
0.812	0.813	0	4095
0.813	0.814	0	4095
0.814	0.815	0	4095
0.815	0.816	0	4095
0.816	0.817	0	4095
0.817	0.818	0	4095
0.818	0.819	0	4095
0.819	0.820	0	4095
0.820	0.821	0	4095
0.821	0.822	0	4095
0.822	0.823	0	4095
0.823	0.824	0	4095
0.824	0.825	0	4095
0.825	0.826	0	4095
0.826	0.827	0	4095
0.827	0.828	0	4095
0.828	0.829	0	4095
0.829	0.830	0	4095
0.830	0.831	0	4095
0.831	0.832	0	4095
0.832	0.833	0	4095
0.833	0.834	0	4095
0.834	0.835	0	4095
0.835	0.836	0	4095
0.836	0.837	0	4095
0.837	0.838	0	4095
0.838	0.839	0	4095
0.839	0.840	0	4095
0.840	0.841	0	4095
0.841	0.842	0	4095
0.842	0.843	0	4095
0.843	0.844	0	4095
0.844	0.845	0	4095
0.845	0.846	0	4095
0.846	0.847	0	4095
0.847	0.848	0	4095
0.848	0.849	0	4095
0.849	0.850	0	4095
0.850	0.851	0	4095
0.851	0.852	0	4095
0.852	0.853	0	4095
0.853	0.854	0	4095
0.854	0.855	0	4095
0.855	0.856	0	4095
0.856	0.857	0	4095
0.857	0.858	0	4095
0.858	0.859	0	4095
0.859	0.860	0	4095
0.860	0.861	0	4095
0.861	0.862	0	4095
0.862	0.863	0	4095
0.863	0.864	0	4095
0.864	0.865	0	4095
0.865	0.866	0	4095
0.866	0.867	0	4095
0.867	0.868	0	4095
0.868	0.869	0	4095
0.869	0.870	0	4095
0.870	0.871	0	4095
0.871	0.872	0	4095
0.872	0.873	0	4095
0.873	0.874	0	4095
0.874	0.875	0	4095
0.875	0.876	0	4095
0.876	0.877	0	4095
0.877	0.878	0	4095
0.878	0.879	0	4095
0.879	0.880	0	4095
0.880	0.881	0	4095
0.881	0.882	0	4095
0.882	0.883	0	4095
0.883	0.884	0	4095
0.884	0.885	0	4095
0.885	0.886	0	4095
0.886	0.887	0	4095
0.887	0.888	0	4095
0.888	0.889	0	4095
0.889	0.890	0	4095
0.890	0.891	0	4095
0.891	0.892	0	4095
0.892	0.893	0	4095
0.893	0.894	0	4095
0.894	0.895	0	4095
0.895	0.896	0	4095
0.896	0.897	0	4095
0.897	0.898	0	4095
0.898	0.899	0	4095
0.899	0.900	0	4095
0.900	0.901	0	4095
0.901	0.902	0	4095
0.902	0.903	0	4095
0.903	0.904	0	4095
0.904	0.905	0	4095
0.905	0.906	0	4095
0.906	0.907	0	4095
0.907	0.908	0	4095
0.908	0.909	0	4095
0.909	0.910	0	4095
0.910	0.911	0	4095
0.911	0.912	0	4095
0.912	0.913	0	4095
0.913	0.914	0	4095
0.914	0.915	0	4095
0.915	0.916	0	4095
0.916	0.917	0	4095
0.917	0.918	0	4095
0.918	0.919	0	4095
0.919	0.920	0	4095
0.920	0.921	0	4095
0.921	0.922	0	4095
0.922	0.923	0	4095
0.923	0.924	0	4095
0.924	0.925	0	4095
0.925	0.926	0	4095
0.926	0.927	0	4095
0.927	0.928	0	4095
0.928	0.929	0	4095
0.929	0.930	0	4095
0.930	0.931	0	4095
0.931	0.932	0	4095
0.932	0.933	0	4095
0.933	0.934	0	4095
0.934	0.935	0	4095
0.935	0.936	0	4095
0.936	0.937	0	4095
0.937	0.938	0	4095
0.938	0.939	0	4095
0.939	0.940	0	4095
0.940	0.941	0	4095
0.941	0.942	0	4095
0.942	0.943	0	4095
0.943	0.944	0	4095
0.944	0.945	0	4095
0.945	0.946	0	4095
0.946	0.947	0	4095
0.947	0.948	0	4095
0.948	0.949	0	4095
0.949	0.950	0	4095
0.950	0.951	0	4095
0.951	0.952	0	4095
0.952	0.953	0	4095
0.953	0.954	0	4095
0.954	0.955	0	4095
0.955	0.956	0	4095
0.956	0.957	0	4095
0.957	0.958	0	4095
0.958	0.959	0	4095
0.959	0.960	0	4095
0.960	0.961	0	4095
0.961	0.962	0	4095
0.962	0.963	0	4095
0.963	0.964	0	4095
0.964	0.965	0	4095
0.965	0.966	0	4095
0.966	0.967	0	4095
0.967	0.968	0	4095
0.968	0.969	0	4095
0.969	0.970	0	4095
0.970	0.971	0	4095
0.971	0.972	0	4095
0.972	0.973	0	4095
0.973	0.974	0	4095
0.974	0.975	0	4095
0.975	0.976	0	4095
0.976	0.977	0	4095
0.977	0.978	0	4095
0.978	0.979	0	4095
0.979	0.980	0	4095
0.980	0.981	0	4095
0.981	0.982	0	4095
0.982	0.983	0	4095
0.983	0.984	0	4095
0.984	0.985	0	4095
0.985	0.986	0	4095
0.986	0.987	0	4095
0.987	0.988	0	4095
0.988	0.989	0	4095
0.989	0.990	0	4095
0.990	0.991	0	4095
0.991	0.992	0	4095
0.992	0.993	0	4095
0.993	0.994	0	4095
0.994	0.995	0	4095
0.995	0.996	0	4095
0.996	0.997	0	4095
0.997	0.998	0	4095
0.998	0.999	0	4095
0.999	1.000	0	4095
1.000	1.001	0	4095
mean value = 0.029351
variance = 0.054299
standard deviation = 0.233021
skewness = 0.001523
kurtosis = 0.008250
lower quartile = -0.133850
median_value = 0.023357
upper quartile = 0.187042
interquartile range = 0.320892
