0	0	0	0	0
0.000157	0.020101	0.114832	0.297109	0.554298
0.000628	0.040405	0.184832	0.429398	0.751889
0.001414	0.060918	0.245099	0.535054	0.903056
0.002515	0.081644	0.300151	0.627145	1.031323
0.003932	0.102587	0.351846	0.710723	1.145476
0.005666	0.123751	0.401173	0.788373	1.249915
0.007717	0.145141	0.448739	0.861629	1.347207
0.010087	0.166763	0.494948	0.931492	1.439
0.012778	0.188621	0.540088	0.998654	1.526428
0.015791	0.210721	0.584374	1.063623	1.610308
0.019128	0.233068	0.627972	1.126782	1.691252
0.022792	0.255667	0.671012	1.188429	1.769734
0.026784	0.278524	0.713602	1.248803	1.846128
0.031108	0.301646	0.75583	1.308099	1.920739
0.035766	0.325038	0.797771	1.366477	1.993816
0.040761	0.348707	0.83949	1.424075	2.065569
0.046097	0.372659	0.881043	1.481009	2.136174
0.051777	0.396902	0.922479	1.53738	2.205784
0.057805	0.421442	0.963843	1.593277	2.274533
0.064185	0.446287	1.005174	1.648777	2.342534
0.070921	0.471445	1.04651	1.70395	2.409893
0.078019	0.496923	1.087883	1.75886	2.4767
0.085483	0.52273	1.129325	1.813563	2.543038
0.093319	0.548874	1.170866	1.868113	2.608983
0.101531	0.575364	1.212533	1.922558	2.674603
0.110127	0.60221	1.254352	1.976942	2.739962
0.119112	0.629421	1.29635	2.03131	2.805118
0.128493	0.657008	1.33855	2.0857	2.870128
0.138277	0.684981	1.380976	2.140151	2.935041
0.148472	0.71335	1.423652	2.194698	2.999908
0.159085	0.742127	1.466601	2.249378	3.064775
0.170126	0.771325	1.509845	2.304225	3.129686
0.181602	0.800955	1.553407	2.35927	3.194684
0.193524	0.831031	1.59731	2.414547	3.259811
0.2059	0.861566	1.641576	2.470087	3.325107
0.218742	0.892574	1.686228	2.525923	3.390613
0.232061	0.924071	1.731289	2.582085	3.456366
0.245868	0.956072	1.776784	2.638604	3.522406
0.260175	0.988593	1.822735	2.695513	3.588771
0.274996	1.021651	1.869168	2.752843	3.6555
0.290344	1.055265	1.916108	2.810625	3.722629
0.306235	1.089454	1.963581	2.868893	3.790199
0.322683	1.124238	2.011612	2.92768	3.858249
0.339704	1.159637	2.060232	2.98702	3.926817
0.357317	1.195674	2.109467	3.046946	3.995944
0.37554	1.232372	2.159347	3.107497	4.065673
0.394392	1.269757	2.209905	3.168707	4.136044
0.413893	1.307853	2.261173	3.230617	4.207102
0.434067	1.346689	2.313184	3.293265	4.278892
0.454936	1.386294	2.365974	3.356694	4.35146
0.476526	1.4267	2.419581	3.420946	4.424856
0.498863	1.467938	2.474045	3.486067	4.499129
0.521976	1.510045	2.529407	3.552105	4.574333
0.545895	1.553058	2.585712	3.61911	4.650522
0.570652	1.597015	2.643005	3.687134	4.727757
0.596282	1.641961	2.701338	3.756233	4.806096
0.622823	1.68794	2.760762	3.826468	4.885606
0.650315	1.735001	2.821334	3.897899	4.966356
0.678801	1.783196	2.883114	3.970595	5.048417
0.708326	1.832581	2.946166	4.044626	5.131867
0.738942	1.883217	3.010559	4.12007	5.21679
0.770702	1.935168	3.076368	4.197006	5.303273
0.803664	1.988505	3.143671	4.275524	5.391411
0.837893	2.043302	3.212555	4.355718	5.481307
0.873457	2.099644	3.283112	4.437689	5.57307
0.910431	2.157619	3.355445	4.521549	5.666819
0.948898	2.217325	3.429662	4.607416	5.762683
0.988946	2.278869	3.505882	4.695422	5.860802
1.030676	2.342366	3.584238	4.785709	5.961329
1.074194	2.407946	3.664871	4.878433	6.06443
1.119621	2.475749	3.747939	4.973765	6.170289
1.16709	2.545931	3.833617	5.071894	6.279108
1.216747	2.618667	3.922097	5.173028	6.391109
1.268757	2.694147	4.013594	5.2774	6.506541
1.323304	2.772589	4.108345	5.385269	6.62568
1.380594	2.854233	4.206619	5.496924	6.748833
1.440861	2.939352	4.308719	5.612691	6.876349
1.504371	3.028255	4.414984	5.732939	7.00862
1.571426	3.121295	4.525806	5.858088	7.146092
1.642374	3.218876	4.641628	5.988617	7.289276
1.717618	3.321462	4.762964	6.125079	7.438759
1.797624	3.429597	4.89041	6.268116	7.595221
1.882943	3.543914	5.024664	6.418477	7.75946
1.974226	3.665163	5.166549	6.577048	7.932413
2.072251	3.79424	5.317048	6.744883	8.115199
2.177959	3.932226	5.477344	6.923252	8.309164
2.292505	4.080442	5.648884	7.113706	8.515949
2.417321	4.240527	5.833459	7.318164	8.737585
2.554221	4.41455	6.033327	7.539041	8.976629
2.705543	4.60517	6.251389	7.77944	9.236357
2.874373	4.815891	6.491458	8.043435	9.521074
3.064902	5.051457	6.758693	8.336532	9.836591
3.28302	5.31852	7.060314	8.666428	10.191028
3.537385	5.626821	7.40688	9.044368	10.596232
3.841459	5.991465	7.814728	9.487729	11.070498
4.217885	6.437752	8.311171	10.025519	11.644332
4.709292	7.013116	8.947287	10.711898	12.374618
5.411894	7.824046	9.837409	11.667843	13.388223
6.634897	9.21034	11.344867	13.276704	15.086272
10.827566	13.815511	16.266236	18.466827	20.515006
15.136705	18.420681	21.107513	23.512742	25.744832
19.511421	23.025851	25.90175	28.473255	30.85619
23.928127	27.631021	30.66485	33.376842	35.888187
28.373987	32.236191	35.405752	38.2396	40.863021
32.841253	36.841361	40.129999	43.07157	45.794587
37.324893	41.446532	44.841275	47.879456	50.692194
41.821456	46.051702	49.542156	52.667963	55.562398
46.328476	50.656872	54.234514	57.44053	60.410004
50.844171	55.262086	58.919801	62.199792	65.238683
55.366414	59.866591	63.598332	66.946971	70.050456
59.89765	64.473982	68.274589	71.687346	74.851289
64.432039	69.079152	72.944139	76.416938	79.637663
68.763252	73.473601	77.396315	80.923135	84.195032
