lower_interval	upper_interval	frequency	accumulative_frequency
-1.000	-0.999	0	0
-0.999	-0.998	0	0
-0.998	-0.997	0	0
-0.997	-0.996	0	0
-0.996	-0.995	0	0
-0.995	-0.994	0	0
-0.994	-0.993	0	0
-0.993	-0.992	0	0
-0.992	-0.991	0	0
-0.991	-0.990	0	0
-0.990	-0.989	0	0
-0.989	-0.988	0	0
-0.988	-0.987	0	0
-0.987	-0.986	0	0
-0.986	-0.985	0	0
-0.985	-0.984	0	0
-0.984	-0.983	0	0
-0.983	-0.982	0	0
-0.982	-0.981	0	0
-0.981	-0.980	0	0
-0.980	-0.979	0	0
-0.979	-0.978	0	0
-0.978	-0.977	0	0
-0.977	-0.976	0	0
-0.976	-0.975	0	0
-0.975	-0.974	0	0
-0.974	-0.973	0	0
-0.973	-0.972	0	0
-0.972	-0.971	0	0
-0.971	-0.970	0	0
-0.970	-0.969	0	0
-0.969	-0.968	0	0
-0.968	-0.967	0	0
-0.967	-0.966	0	0
-0.966	-0.965	0	0
-0.965	-0.964	0	0
-0.964	-0.963	0	0
-0.963	-0.962	0	0
-0.962	-0.961	0	0
-0.961	-0.960	0	0
-0.960	-0.959	0	0
-0.959	-0.958	0	0
-0.958	-0.957	0	0
-0.957	-0.956	0	0
-0.956	-0.955	0	0
-0.955	-0.954	0	0
-0.954	-0.953	0	0
-0.953	-0.952	0	0
-0.952	-0.951	0	0
-0.951	-0.950	0	0
-0.950	-0.949	0	0
-0.949	-0.948	0	0
-0.948	-0.947	0	0
-0.947	-0.946	0	0
-0.946	-0.945	0	0
-0.945	-0.944	0	0
-0.944	-0.943	0	0
-0.943	-0.942	0	0
-0.942	-0.941	0	0
-0.941	-0.940	0	0
-0.940	-0.939	0	0
-0.939	-0.938	0	0
-0.938	-0.937	0	0
-0.937	-0.936	0	0
-0.936	-0.935	0	0
-0.935	-0.934	0	0
-0.934	-0.933	0	0
-0.933	-0.932	0	0
-0.932	-0.931	0	0
-0.931	-0.930	0	0
-0.930	-0.929	0	0
-0.929	-0.928	0	0
-0.928	-0.927	0	0
-0.927	-0.926	0	0
-0.926	-0.925	0	0
-0.925	-0.924	0	0
-0.924	-0.923	0	0
-0.923	-0.922	0	0
-0.922	-0.921	0	0
-0.921	-0.920	0	0
-0.920	-0.919	0	0
-0.919	-0.918	0	0
-0.918	-0.917	0	0
-0.917	-0.916	0	0
-0.916	-0.915	0	0
-0.915	-0.914	0	0
-0.914	-0.913	0	0
-0.913	-0.912	0	0
-0.912	-0.911	0	0
-0.911	-0.910	0	0
-0.910	-0.909	0	0
-0.909	-0.908	0	0
-0.908	-0.907	0	0
-0.907	-0.906	0	0
-0.906	-0.905	0	0
-0.905	-0.904	0	0
-0.904	-0.903	0	0
-0.903	-0.902	0	0
-0.902	-0.901	0	0
-0.901	-0.900	0	0
-0.900	-0.899	0	0
-0.899	-0.898	0	0
-0.898	-0.897	0	0
-0.897	-0.896	0	0
-0.896	-0.895	0	0
-0.895	-0.894	0	0
-0.894	-0.893	0	0
-0.893	-0.892	0	0
-0.892	-0.891	0	0
-0.891	-0.890	0	0
-0.890	-0.889	0	0
-0.889	-0.888	0	0
-0.888	-0.887	0	0
-0.887	-0.886	0	0
-0.886	-0.885	0	0
-0.885	-0.884	0	0
-0.884	-0.883	0	0
-0.883	-0.882	0	0
-0.882	-0.881	0	0
-0.881	-0.880	0	0
-0.880	-0.879	0	0
-0.879	-0.878	0	0
-0.878	-0.877	0	0
-0.877	-0.876	0	0
-0.876	-0.875	0	0
-0.875	-0.874	0	0
-0.874	-0.873	0	0
-0.873	-0.872	0	0
-0.872	-0.871	0	0
-0.871	-0.870	0	0
-0.870	-0.869	0	0
-0.869	-0.868	0	0
-0.868	-0.867	0	0
-0.867	-0.866	0	0
-0.866	-0.865	0	0
-0.865	-0.864	0	0
-0.864	-0.863	0	0
-0.863	-0.862	0	0
-0.862	-0.861	0	0
-0.861	-0.860	0	0
-0.860	-0.859	0	0
-0.859	-0.858	0	0
-0.858	-0.857	0	0
-0.857	-0.856	0	0
-0.856	-0.855	0	0
-0.855	-0.854	0	0
-0.854	-0.853	0	0
-0.853	-0.852	0	0
-0.852	-0.851	0	0
-0.851	-0.850	0	0
-0.850	-0.849	0	0
-0.849	-0.848	0	0
-0.848	-0.847	0	0
-0.847	-0.846	0	0
-0.846	-0.845	0	0
-0.845	-0.844	0	0
-0.844	-0.843	0	0
-0.843	-0.842	0	0
-0.842	-0.841	0	0
-0.841	-0.840	0	0
-0.840	-0.839	0	0
-0.839	-0.838	0	0
-0.838	-0.837	0	0
-0.837	-0.836	0	0
-0.836	-0.835	0	0
-0.835	-0.834	0	0
-0.834	-0.833	0	0
-0.833	-0.832	0	0
-0.832	-0.831	0	0
-0.831	-0.830	0	0
-0.830	-0.829	0	0
-0.829	-0.828	0	0
-0.828	-0.827	0	0
-0.827	-0.826	0	0
-0.826	-0.825	0	0
-0.825	-0.824	0	0
-0.824	-0.823	0	0
-0.823	-0.822	0	0
-0.822	-0.821	0	0
-0.821	-0.820	0	0
-0.820	-0.819	0	0
-0.819	-0.818	0	0
-0.818	-0.817	0	0
-0.817	-0.816	0	0
-0.816	-0.815	0	0
-0.815	-0.814	0	0
-0.814	-0.813	0	0
-0.813	-0.812	0	0
-0.812	-0.811	0	0
-0.811	-0.810	0	0
-0.810	-0.809	0	0
-0.809	-0.808	0	0
-0.808	-0.807	0	0
-0.807	-0.806	0	0
-0.806	-0.805	0	0
-0.805	-0.804	0	0
-0.804	-0.803	0	0
-0.803	-0.802	0	0
-0.802	-0.801	0	0
-0.801	-0.800	0	0
-0.800	-0.799	0	0
-0.799	-0.798	0	0
-0.798	-0.797	0	0
-0.797	-0.796	0	0
-0.796	-0.795	0	0
-0.795	-0.794	0	0
-0.794	-0.793	0	0
-0.793	-0.792	0	0
-0.792	-0.791	0	0
-0.791	-0.790	0	0
-0.790	-0.789	0	0
-0.789	-0.788	0	0
-0.788	-0.787	0	0
-0.787	-0.786	0	0
-0.786	-0.785	0	0
-0.785	-0.784	0	0
-0.784	-0.783	0	0
-0.783	-0.782	0	0
-0.782	-0.781	0	0
-0.781	-0.780	0	0
-0.780	-0.779	0	0
-0.779	-0.778	0	0
-0.778	-0.777	0	0
-0.777	-0.776	0	0
-0.776	-0.775	0	0
-0.775	-0.774	0	0
-0.774	-0.773	0	0
-0.773	-0.772	0	0
-0.772	-0.771	0	0
-0.771	-0.770	0	0
-0.770	-0.769	0	0
-0.769	-0.768	1	1
-0.768	-0.767	0	1
-0.767	-0.766	0	1
-0.766	-0.765	0	1
-0.765	-0.764	0	1
-0.764	-0.763	0	1
-0.763	-0.762	0	1
-0.762	-0.761	0	1
-0.761	-0.760	0	1
-0.760	-0.759	0	1
-0.759	-0.758	0	1
-0.758	-0.757	0	1
-0.757	-0.756	0	1
-0.756	-0.755	0	1
-0.755	-0.754	0	1
-0.754	-0.753	0	1
-0.753	-0.752	0	1
-0.752	-0.751	0	1
-0.751	-0.750	0	1
-0.750	-0.749	0	1
-0.749	-0.748	0	1
-0.748	-0.747	1	2
-0.747	-0.746	0	2
-0.746	-0.745	0	2
-0.745	-0.744	0	2
-0.744	-0.743	0	2
-0.743	-0.742	0	2
-0.742	-0.741	0	2
-0.741	-0.740	0	2
-0.740	-0.739	0	2
-0.739	-0.738	1	3
-0.738	-0.737	0	3
-0.737	-0.736	0	3
-0.736	-0.735	0	3
-0.735	-0.734	0	3
-0.734	-0.733	1	4
-0.733	-0.732	0	4
-0.732	-0.731	0	4
-0.731	-0.730	0	4
-0.730	-0.729	0	4
-0.729	-0.728	0	4
-0.728	-0.727	0	4
-0.727	-0.726	0	4
-0.726	-0.725	0	4
-0.725	-0.724	0	4
-0.724	-0.723	0	4
-0.723	-0.722	0	4
-0.722	-0.721	0	4
-0.721	-0.720	0	4
-0.720	-0.719	0	4
-0.719	-0.718	0	4
-0.718	-0.717	0	4
-0.717	-0.716	0	4
-0.716	-0.715	0	4
-0.715	-0.714	0	4
-0.714	-0.713	0	4
-0.713	-0.712	0	4
-0.712	-0.711	0	4
-0.711	-0.710	0	4
-0.710	-0.709	0	4
-0.709	-0.708	0	4
-0.708	-0.707	0	4
-0.707	-0.706	1	5
-0.706	-0.705	1	6
-0.705	-0.704	0	6
-0.704	-0.703	0	6
-0.703	-0.702	0	6
-0.702	-0.701	0	6
-0.701	-0.700	0	6
-0.700	-0.699	0	6
-0.699	-0.698	0	6
-0.698	-0.697	0	6
-0.697	-0.696	0	6
-0.696	-0.695	1	7
-0.695	-0.694	0	7
-0.694	-0.693	0	7
-0.693	-0.692	0	7
-0.692	-0.691	0	7
-0.691	-0.690	0	7
-0.690	-0.689	1	8
-0.689	-0.688	0	8
-0.688	-0.687	0	8
-0.687	-0.686	0	8
-0.686	-0.685	0	8
-0.685	-0.684	0	8
-0.684	-0.683	0	8
-0.683	-0.682	0	8
-0.682	-0.681	1	9
-0.681	-0.680	0	9
-0.680	-0.679	1	10
-0.679	-0.678	0	10
-0.678	-0.677	0	10
-0.677	-0.676	0	10
-0.676	-0.675	0	10
-0.675	-0.674	0	10
-0.674	-0.673	0	10
-0.673	-0.672	0	10
-0.672	-0.671	0	10
-0.671	-0.670	0	10
-0.670	-0.669	1	11
-0.669	-0.668	0	11
-0.668	-0.667	0	11
-0.667	-0.666	0	11
-0.666	-0.665	1	12
-0.665	-0.664	1	13
-0.664	-0.663	0	13
-0.663	-0.662	0	13
-0.662	-0.661	0	13
-0.661	-0.660	0	13
-0.660	-0.659	0	13
-0.659	-0.658	0	13
-0.658	-0.657	0	13
-0.657	-0.656	1	14
-0.656	-0.655	0	14
-0.655	-0.654	0	14
-0.654	-0.653	0	14
-0.653	-0.652	1	15
-0.652	-0.651	0	15
-0.651	-0.650	1	16
-0.650	-0.649	0	16
-0.649	-0.648	0	16
-0.648	-0.647	0	16
-0.647	-0.646	1	17
-0.646	-0.645	0	17
-0.645	-0.644	1	18
-0.644	-0.643	0	18
-0.643	-0.642	0	18
-0.642	-0.641	0	18
-0.641	-0.640	2	20
-0.640	-0.639	0	20
-0.639	-0.638	0	20
-0.638	-0.637	0	20
-0.637	-0.636	0	20
-0.636	-0.635	1	21
-0.635	-0.634	0	21
-0.634	-0.633	0	21
-0.633	-0.632	0	21
-0.632	-0.631	0	21
-0.631	-0.630	0	21
-0.630	-0.629	1	22
-0.629	-0.628	0	22
-0.628	-0.627	0	22
-0.627	-0.626	0	22
-0.626	-0.625	1	23
-0.625	-0.624	0	23
-0.624	-0.623	0	23
-0.623	-0.622	0	23
-0.622	-0.621	0	23
-0.621	-0.620	0	23
-0.620	-0.619	0	23
-0.619	-0.618	0	23
-0.618	-0.617	0	23
-0.617	-0.616	0	23
-0.616	-0.615	0	23
-0.615	-0.614	1	24
-0.614	-0.613	0	24
-0.613	-0.612	2	26
-0.612	-0.611	0	26
-0.611	-0.610	0	26
-0.610	-0.609	0	26
-0.609	-0.608	0	26
-0.608	-0.607	1	27
-0.607	-0.606	0	27
-0.606	-0.605	0	27
-0.605	-0.604	0	27
-0.604	-0.603	0	27
-0.603	-0.602	0	27
-0.602	-0.601	0	27
-0.601	-0.600	0	27
-0.600	-0.599	0	27
-0.599	-0.598	0	27
-0.598	-0.597	0	27
-0.597	-0.596	0	27
-0.596	-0.595	0	27
-0.595	-0.594	0	27
-0.594	-0.593	0	27
-0.593	-0.592	0	27
-0.592	-0.591	1	28
-0.591	-0.590	0	28
-0.590	-0.589	0	28
-0.589	-0.588	1	29
-0.588	-0.587	0	29
-0.587	-0.586	0	29
-0.586	-0.585	0	29
-0.585	-0.584	0	29
-0.584	-0.583	0	29
-0.583	-0.582	0	29
-0.582	-0.581	0	29
-0.581	-0.580	0	29
-0.580	-0.579	1	30
-0.579	-0.578	0	30
-0.578	-0.577	0	30
-0.577	-0.576	0	30
-0.576	-0.575	0	30
-0.575	-0.574	1	31
-0.574	-0.573	0	31
-0.573	-0.572	0	31
-0.572	-0.571	0	31
-0.571	-0.570	0	31
-0.570	-0.569	0	31
-0.569	-0.568	0	31
-0.568	-0.567	0	31
-0.567	-0.566	0	31
-0.566	-0.565	0	31
-0.565	-0.564	0	31
-0.564	-0.563	0	31
-0.563	-0.562	0	31
-0.562	-0.561	1	32
-0.561	-0.560	0	32
-0.560	-0.559	1	33
-0.559	-0.558	0	33
-0.558	-0.557	0	33
-0.557	-0.556	0	33
-0.556	-0.555	2	35
-0.555	-0.554	0	35
-0.554	-0.553	0	35
-0.553	-0.552	0	35
-0.552	-0.551	0	35
-0.551	-0.550	0	35
-0.550	-0.549	1	36
-0.549	-0.548	0	36
-0.548	-0.547	0	36
-0.547	-0.546	0	36
-0.546	-0.545	1	37
-0.545	-0.544	1	38
-0.544	-0.543	0	38
-0.543	-0.542	0	38
-0.542	-0.541	2	40
-0.541	-0.540	0	40
-0.540	-0.539	1	41
-0.539	-0.538	0	41
-0.538	-0.537	0	41
-0.537	-0.536	1	42
-0.536	-0.535	5	47
-0.535	-0.534	1	48
-0.534	-0.533	0	48
-0.533	-0.532	0	48
-0.532	-0.531	0	48
-0.531	-0.530	0	48
-0.530	-0.529	2	50
-0.529	-0.528	1	51
-0.528	-0.527	0	51
-0.527	-0.526	1	52
-0.526	-0.525	3	55
-0.525	-0.524	1	56
-0.524	-0.523	0	56
-0.523	-0.522	3	59
-0.522	-0.521	0	59
-0.521	-0.520	2	61
-0.520	-0.519	2	63
-0.519	-0.518	0	63
-0.518	-0.517	1	64
-0.517	-0.516	0	64
-0.516	-0.515	3	67
-0.515	-0.514	0	67
-0.514	-0.513	2	69
-0.513	-0.512	0	69
-0.512	-0.511	1	70
-0.511	-0.510	0	70
-0.510	-0.509	3	73
-0.509	-0.508	1	74
-0.508	-0.507	0	74
-0.507	-0.506	1	75
-0.506	-0.505	1	76
-0.505	-0.504	1	77
-0.504	-0.503	0	77
-0.503	-0.502	3	80
-0.502	-0.501	0	80
-0.501	-0.500	1	81
-0.500	-0.499	1	82
-0.499	-0.498	0	82
-0.498	-0.497	0	82
-0.497	-0.496	1	83
-0.496	-0.495	2	85
-0.495	-0.494	0	85
-0.494	-0.493	2	87
-0.493	-0.492	0	87
-0.492	-0.491	1	88
-0.491	-0.490	1	89
-0.490	-0.489	2	91
-0.489	-0.488	0	91
-0.488	-0.487	1	92
-0.487	-0.486	0	92
-0.486	-0.485	2	94
-0.485	-0.484	3	97
-0.484	-0.483	0	97
-0.483	-0.482	4	101
-0.482	-0.481	0	101
-0.481	-0.480	0	101
-0.480	-0.479	2	103
-0.479	-0.478	1	104
-0.478	-0.477	0	104
-0.477	-0.476	1	105
-0.476	-0.475	0	105
-0.475	-0.474	2	107
-0.474	-0.473	3	110
-0.473	-0.472	0	110
-0.472	-0.471	2	112
-0.471	-0.470	0	112
-0.470	-0.469	3	115
-0.469	-0.468	0	115
-0.468	-0.467	0	115
-0.467	-0.466	1	116
-0.466	-0.465	2	118
-0.465	-0.464	0	118
-0.464	-0.463	0	118
-0.463	-0.462	2	120
-0.462	-0.461	1	121
-0.461	-0.460	1	122
-0.460	-0.459	6	128
-0.459	-0.458	1	129
-0.458	-0.457	0	129
-0.457	-0.456	0	129
-0.456	-0.455	3	132
-0.455	-0.454	0	132
-0.454	-0.453	1	133
-0.453	-0.452	5	138
-0.452	-0.451	1	139
-0.451	-0.450	2	141
-0.450	-0.449	2	143
-0.449	-0.448	0	143
-0.448	-0.447	2	145
-0.447	-0.446	2	147
-0.446	-0.445	2	149
-0.445	-0.444	0	149
-0.444	-0.443	4	153
-0.443	-0.442	2	155
-0.442	-0.441	1	156
-0.441	-0.440	2	158
-0.440	-0.439	2	160
-0.439	-0.438	1	161
-0.438	-0.437	0	161
-0.437	-0.436	0	161
-0.436	-0.435	1	162
-0.435	-0.434	1	163
-0.434	-0.433	0	163
-0.433	-0.432	3	166
-0.432	-0.431	1	167
-0.431	-0.430	1	168
-0.430	-0.429	2	170
-0.429	-0.428	1	171
-0.428	-0.427	0	171
-0.427	-0.426	2	173
-0.426	-0.425	1	174
-0.425	-0.424	2	176
-0.424	-0.423	2	178
-0.423	-0.422	2	180
-0.422	-0.421	2	182
-0.421	-0.420	1	183
-0.420	-0.419	5	188
-0.419	-0.418	2	190
-0.418	-0.417	2	192
-0.417	-0.416	2	194
-0.416	-0.415	3	197
-0.415	-0.414	2	199
-0.414	-0.413	0	199
-0.413	-0.412	1	200
-0.412	-0.411	3	203
-0.411	-0.410	1	204
-0.410	-0.409	1	205
-0.409	-0.408	1	206
-0.408	-0.407	4	210
-0.407	-0.406	1	211
-0.406	-0.405	1	212
-0.405	-0.404	0	212
-0.404	-0.403	2	214
-0.403	-0.402	2	216
-0.402	-0.401	1	217
-0.401	-0.400	2	219
-0.400	-0.399	1	220
-0.399	-0.398	2	222
-0.398	-0.397	4	226
-0.397	-0.396	0	226
-0.396	-0.395	3	229
-0.395	-0.394	1	230
-0.394	-0.393	2	232
-0.393	-0.392	2	234
-0.392	-0.391	1	235
-0.391	-0.390	1	236
-0.390	-0.389	3	239
-0.389	-0.388	1	240
-0.388	-0.387	4	244
-0.387	-0.386	1	245
-0.386	-0.385	4	249
-0.385	-0.384	0	249
-0.384	-0.383	2	251
-0.383	-0.382	2	253
-0.382	-0.381	4	257
-0.381	-0.380	4	261
-0.380	-0.379	3	264
-0.379	-0.378	1	265
-0.378	-0.377	3	268
-0.377	-0.376	0	268
-0.376	-0.375	6	274
-0.375	-0.374	1	275
-0.374	-0.373	4	279
-0.373	-0.372	6	285
-0.372	-0.371	3	288
-0.371	-0.370	2	290
-0.370	-0.369	3	293
-0.369	-0.368	3	296
-0.368	-0.367	1	297
-0.367	-0.366	2	299
-0.366	-0.365	5	304
-0.365	-0.364	5	309
-0.364	-0.363	4	313
-0.363	-0.362	3	316
-0.362	-0.361	2	318
-0.361	-0.360	4	322
-0.360	-0.359	4	326
-0.359	-0.358	1	327
-0.358	-0.357	1	328
-0.357	-0.356	2	330
-0.356	-0.355	2	332
-0.355	-0.354	1	333
-0.354	-0.353	1	334
-0.353	-0.352	4	338
-0.352	-0.351	1	339
-0.351	-0.350	1	340
-0.350	-0.349	7	347
-0.349	-0.348	1	348
-0.348	-0.347	4	352
-0.347	-0.346	2	354
-0.346	-0.345	3	357
-0.345	-0.344	2	359
-0.344	-0.343	2	361
-0.343	-0.342	5	366
-0.342	-0.341	3	369
-0.341	-0.340	2	371
-0.340	-0.339	6	377
-0.339	-0.338	0	377
-0.338	-0.337	2	379
-0.337	-0.336	2	381
-0.336	-0.335	6	387
-0.335	-0.334	1	388
-0.334	-0.333	3	391
-0.333	-0.332	5	396
-0.332	-0.331	3	399
-0.331	-0.330	3	402
-0.330	-0.329	4	406
-0.329	-0.328	3	409
-0.328	-0.327	3	412
-0.327	-0.326	3	415
-0.326	-0.325	4	419
-0.325	-0.324	1	420
-0.324	-0.323	3	423
-0.323	-0.322	7	430
-0.322	-0.321	3	433
-0.321	-0.320	2	435
-0.320	-0.319	4	439
-0.319	-0.318	4	443
-0.318	-0.317	3	446
-0.317	-0.316	4	450
-0.316	-0.315	3	453
-0.315	-0.314	3	456
-0.314	-0.313	5	461
-0.313	-0.312	12	473
-0.312	-0.311	4	477
-0.311	-0.310	8	485
-0.310	-0.309	5	490
-0.309	-0.308	2	492
-0.308	-0.307	1	493
-0.307	-0.306	4	497
-0.306	-0.305	1	498
-0.305	-0.304	2	500
-0.304	-0.303	1	501
-0.303	-0.302	7	508
-0.302	-0.301	3	511
-0.301	-0.300	2	513
-0.300	-0.299	6	519
-0.299	-0.298	5	524
-0.298	-0.297	2	526
-0.297	-0.296	3	529
-0.296	-0.295	7	536
-0.295	-0.294	6	542
-0.294	-0.293	0	542
-0.293	-0.292	5	547
-0.292	-0.291	0	547
-0.291	-0.290	0	547
-0.290	-0.289	5	552
-0.289	-0.288	3	555
-0.288	-0.287	5	560
-0.287	-0.286	3	563
-0.286	-0.285	11	574
-0.285	-0.284	2	576
-0.284	-0.283	5	581
-0.283	-0.282	5	586
-0.282	-0.281	2	588
-0.281	-0.280	4	592
-0.280	-0.279	7	599
-0.279	-0.278	3	602
-0.278	-0.277	3	605
-0.277	-0.276	2	607
-0.276	-0.275	5	612
-0.275	-0.274	1	613
-0.274	-0.273	1	614
-0.273	-0.272	9	623
-0.272	-0.271	5	628
-0.271	-0.270	3	631
-0.270	-0.269	10	641
-0.269	-0.268	4	645
-0.268	-0.267	2	647
-0.267	-0.266	2	649
-0.266	-0.265	12	661
-0.265	-0.264	3	664
-0.264	-0.263	3	667
-0.263	-0.262	8	675
-0.262	-0.261	3	678
-0.261	-0.260	5	683
-0.260	-0.259	12	695
-0.259	-0.258	6	701
-0.258	-0.257	1	702
-0.257	-0.256	1	703
-0.256	-0.255	3	706
-0.255	-0.254	7	713
-0.254	-0.253	2	715
-0.253	-0.252	2	717
-0.252	-0.251	5	722
-0.251	-0.250	0	722
-0.250	-0.249	3	725
-0.249	-0.248	0	725
-0.248	-0.247	3	728
-0.247	-0.246	4	732
-0.246	-0.245	6	738
-0.245	-0.244	3	741
-0.244	-0.243	3	744
-0.243	-0.242	7	751
-0.242	-0.241	4	755
-0.241	-0.240	7	762
-0.240	-0.239	10	772
-0.239	-0.238	4	776
-0.238	-0.237	1	777
-0.237	-0.236	5	782
-0.236	-0.235	11	793
-0.235	-0.234	4	797
-0.234	-0.233	4	801
-0.233	-0.232	7	808
-0.232	-0.231	2	810
-0.231	-0.230	3	813
-0.230	-0.229	3	816
-0.229	-0.228	5	821
-0.228	-0.227	6	827
-0.227	-0.226	1	828
-0.226	-0.225	6	834
-0.225	-0.224	4	838
-0.224	-0.223	2	840
-0.223	-0.222	4	844
-0.222	-0.221	2	846
-0.221	-0.220	3	849
-0.220	-0.219	7	856
-0.219	-0.218	5	861
-0.218	-0.217	2	863
-0.217	-0.216	4	867
-0.216	-0.215	5	872
-0.215	-0.214	8	880
-0.214	-0.213	5	885
-0.213	-0.212	10	895
-0.212	-0.211	6	901
-0.211	-0.210	6	907
-0.210	-0.209	10	917
-0.209	-0.208	6	923
-0.208	-0.207	3	926
-0.207	-0.206	3	929
-0.206	-0.205	6	935
-0.205	-0.204	6	941
-0.204	-0.203	2	943
-0.203	-0.202	8	951
-0.202	-0.201	4	955
-0.201	-0.200	4	959
-0.200	-0.199	9	968
-0.199	-0.198	3	971
-0.198	-0.197	6	977
-0.197	-0.196	6	983
-0.196	-0.195	5	988
-0.195	-0.194	3	991
-0.194	-0.193	5	996
-0.193	-0.192	12	1008
-0.192	-0.191	3	1011
-0.191	-0.190	3	1014
-0.190	-0.189	10	1024
-0.189	-0.188	7	1031
-0.188	-0.187	5	1036
-0.187	-0.186	4	1040
-0.186	-0.185	7	1047
-0.185	-0.184	2	1049
-0.184	-0.183	1	1050
-0.183	-0.182	4	1054
-0.182	-0.181	7	1061
-0.181	-0.180	3	1064
-0.180	-0.179	5	1069
-0.179	-0.178	8	1077
-0.178	-0.177	4	1081
-0.177	-0.176	3	1084
-0.176	-0.175	10	1094
-0.175	-0.174	2	1096
-0.174	-0.173	1	1097
-0.173	-0.172	7	1104
-0.172	-0.171	7	1111
-0.171	-0.170	6	1117
-0.170	-0.169	5	1122
-0.169	-0.168	6	1128
-0.168	-0.167	6	1134
-0.167	-0.166	7	1141
-0.166	-0.165	19	1160
-0.165	-0.164	2	1162
-0.164	-0.163	6	1168
-0.163	-0.162	9	1177
-0.162	-0.161	4	1181
-0.161	-0.160	9	1190
-0.160	-0.159	10	1200
-0.159	-0.158	2	1202
-0.158	-0.157	8	1210
-0.157	-0.156	5	1215
-0.156	-0.155	10	1225
-0.155	-0.154	8	1233
-0.154	-0.153	6	1239
-0.153	-0.152	8	1247
-0.152	-0.151	8	1255
-0.151	-0.150	3	1258
-0.150	-0.149	15	1273
-0.149	-0.148	6	1279
-0.148	-0.147	3	1282
-0.147	-0.146	3	1285
-0.146	-0.145	6	1291
-0.145	-0.144	5	1296
-0.144	-0.143	7	1303
-0.143	-0.142	13	1316
-0.142	-0.141	6	1322
-0.141	-0.140	7	1329
-0.140	-0.139	18	1347
-0.139	-0.138	3	1350
-0.138	-0.137	6	1356
-0.137	-0.136	6	1362
-0.136	-0.135	10	1372
-0.135	-0.134	6	1378
-0.134	-0.133	5	1383
-0.133	-0.132	12	1395
-0.132	-0.131	4	1399
-0.131	-0.130	8	1407
-0.130	-0.129	9	1416
-0.129	-0.128	7	1423
-0.128	-0.127	6	1429
-0.127	-0.126	6	1435
-0.126	-0.125	11	1446
-0.125	-0.124	6	1452
-0.124	-0.123	5	1457
-0.123	-0.122	17	1474
-0.122	-0.121	4	1478
-0.121	-0.120	4	1482
-0.120	-0.119	9	1491
-0.119	-0.118	5	1496
-0.118	-0.117	5	1501
-0.117	-0.116	5	1506
-0.116	-0.115	14	1520
-0.115	-0.114	4	1524
-0.114	-0.113	4	1528
-0.113	-0.112	20	1548
-0.112	-0.111	7	1555
-0.111	-0.110	5	1560
-0.110	-0.109	15	1575
-0.109	-0.108	10	1585
-0.108	-0.107	4	1589
-0.107	-0.106	7	1596
-0.106	-0.105	10	1606
-0.105	-0.104	5	1611
-0.104	-0.103	5	1616
-0.103	-0.102	9	1625
-0.102	-0.101	7	1632
-0.101	-0.100	7	1639
-0.100	-0.099	12	1651
-0.099	-0.098	4	1655
-0.098	-0.097	5	1660
-0.097	-0.096	4	1664
-0.096	-0.095	10	1674
-0.095	-0.094	7	1681
-0.094	-0.093	3	1684
-0.093	-0.092	13	1697
-0.092	-0.091	6	1703
-0.091	-0.090	8	1711
-0.090	-0.089	9	1720
-0.089	-0.088	8	1728
-0.088	-0.087	2	1730
-0.087	-0.086	4	1734
-0.086	-0.085	15	1749
-0.085	-0.084	4	1753
-0.084	-0.083	5	1758
-0.083	-0.082	8	1766
-0.082	-0.081	6	1772
-0.081	-0.080	7	1779
-0.080	-0.079	14	1793
-0.079	-0.078	9	1802
-0.078	-0.077	8	1810
-0.077	-0.076	3	1813
-0.076	-0.075	16	1829
-0.075	-0.074	7	1836
-0.074	-0.073	6	1842
-0.073	-0.072	9	1851
-0.072	-0.071	7	1858
-0.071	-0.070	7	1865
-0.070	-0.069	13	1878
-0.069	-0.068	9	1887
-0.068	-0.067	6	1893
-0.067	-0.066	4	1897
-0.066	-0.065	9	1906
-0.065	-0.064	7	1913
-0.064	-0.063	3	1916
-0.063	-0.062	15	1931
-0.062	-0.061	12	1943
-0.061	-0.060	8	1951
-0.060	-0.059	12	1963
-0.059	-0.058	5	1968
-0.058	-0.057	2	1970
-0.057	-0.056	6	1976
-0.056	-0.055	14	1990
-0.055	-0.054	6	1996
-0.054	-0.053	3	1999
-0.053	-0.052	14	2013
-0.052	-0.051	6	2019
-0.051	-0.050	3	2022
-0.050	-0.049	18	2040
-0.049	-0.048	5	2045
-0.048	-0.047	4	2049
-0.047	-0.046	3	2052
-0.046	-0.045	17	2069
-0.045	-0.044	5	2074
-0.044	-0.043	3	2077
-0.043	-0.042	13	2090
-0.042	-0.041	1	2091
-0.041	-0.040	5	2096
-0.040	-0.039	22	2118
-0.039	-0.038	4	2122
-0.038	-0.037	8	2130
-0.037	-0.036	9	2139
-0.036	-0.035	14	2153
-0.035	-0.034	4	2157
-0.034	-0.033	8	2165
-0.033	-0.032	16	2181
-0.032	-0.031	15	2196
-0.031	-0.030	9	2205
-0.030	-0.029	19	2224
-0.029	-0.028	6	2230
-0.028	-0.027	6	2236
-0.027	-0.026	9	2245
-0.026	-0.025	12	2257
-0.025	-0.024	8	2265
-0.024	-0.023	9	2274
-0.023	-0.022	16	2290
-0.022	-0.021	6	2296
-0.021	-0.020	7	2303
-0.020	-0.019	13	2316
-0.019	-0.018	8	2324
-0.018	-0.017	9	2333
-0.017	-0.016	6	2339
-0.016	-0.015	13	2352
-0.015	-0.014	4	2356
-0.014	-0.013	5	2361
-0.013	-0.012	11	2372
-0.012	-0.011	11	2383
-0.011	-0.010	3	2386
-0.010	-0.009	11	2397
-0.009	-0.008	7	2404
-0.008	-0.007	9	2413
-0.007	-0.006	6	2419
-0.006	-0.005	15	2434
-0.005	-0.004	6	2440
-0.004	-0.003	2	2442
-0.003	-0.002	14	2456
-0.002	-0.001	6	2462
-0.001	-0.000	9	2471
0.000	0.001	17	2488
0.001	0.002	8	2496
0.002	0.003	11	2507
0.003	0.004	12	2519
0.004	0.005	13	2532
0.005	0.006	5	2537
0.006	0.007	18	2555
0.007	0.008	5	2560
0.008	0.009	7	2567
0.009	0.010	8	2575
0.010	0.011	10	2585
0.011	0.012	4	2589
0.012	0.013	4	2593
0.013	0.014	10	2603
0.014	0.015	7	2610
0.015	0.016	7	2617
0.016	0.017	17	2634
0.017	0.018	5	2639
0.018	0.019	5	2644
0.019	0.020	10	2654
0.020	0.021	11	2665
0.021	0.022	9	2674
0.022	0.023	5	2679
0.023	0.024	15	2694
0.024	0.025	4	2698
0.025	0.026	4	2702
0.026	0.027	12	2714
0.027	0.028	6	2720
0.028	0.029	5	2725
0.029	0.030	5	2730
0.030	0.031	12	2742
0.031	0.032	9	2751
0.032	0.033	5	2756
0.033	0.034	18	2774
0.034	0.035	9	2783
0.035	0.036	6	2789
0.036	0.037	15	2804
0.037	0.038	5	2809
0.038	0.039	9	2818
0.039	0.040	7	2825
0.040	0.041	18	2843
0.041	0.042	3	2846
0.042	0.043	3	2849
0.043	0.044	10	2859
0.044	0.045	7	2866
0.045	0.046	5	2871
0.046	0.047	9	2880
0.047	0.048	11	2891
0.048	0.049	3	2894
0.049	0.050	6	2900
0.050	0.051	10	2910
0.051	0.052	6	2916
0.052	0.053	9	2925
0.053	0.054	9	2934
0.054	0.055	8	2942
0.055	0.056	5	2947
0.056	0.057	11	2958
0.057	0.058	8	2966
0.058	0.059	7	2973
0.059	0.060	0	2973
0.060	0.061	17	2990
0.061	0.062	7	2997
0.062	0.063	10	3007
0.063	0.064	16	3023
0.064	0.065	4	3027
0.065	0.066	7	3034
0.066	0.067	11	3045
0.067	0.068	5	3050
0.068	0.069	7	3057
0.069	0.070	2	3059
0.070	0.071	11	3070
0.071	0.072	2	3072
0.072	0.073	4	3076
0.073	0.074	12	3088
0.074	0.075	10	3098
0.075	0.076	6	3104
0.076	0.077	11	3115
0.077	0.078	7	3122
0.078	0.079	10	3132
0.079	0.080	3	3135
0.080	0.081	4	3139
0.081	0.082	8	3147
0.082	0.083	6	3153
0.083	0.084	17	3170
0.084	0.085	7	3177
0.085	0.086	3	3180
0.086	0.087	15	3195
0.087	0.088	7	3202
0.088	0.089	4	3206
0.089	0.090	9	3215
0.090	0.091	16	3231
0.091	0.092	3	3234
0.092	0.093	1	3235
0.093	0.094	9	3244
0.094	0.095	6	3250
0.095	0.096	4	3254
0.096	0.097	13	3267
0.097	0.098	9	3276
0.098	0.099	5	3281
0.099	0.100	8	3289
0.100	0.101	7	3296
0.101	0.102	3	3299
0.102	0.103	7	3306
0.103	0.104	9	3315
0.104	0.105	9	3324
0.105	0.106	4	3328
0.106	0.107	19	3347
0.107	0.108	4	3351
0.108	0.109	5	3356
0.109	0.110	7	3363
0.110	0.111	13	3376
0.111	0.112	9	3385
0.112	0.113	7	3392
0.113	0.114	9	3401
0.114	0.115	4	3405
0.115	0.116	1	3406
0.116	0.117	8	3414
0.117	0.118	8	3422
0.118	0.119	5	3427
0.119	0.120	5	3432
0.120	0.121	9	3441
0.121	0.122	5	3446
0.122	0.123	3	3449
0.123	0.124	14	3463
0.124	0.125	6	3469
0.125	0.126	2	3471
0.126	0.127	12	3483
0.127	0.128	2	3485
0.128	0.129	2	3487
0.129	0.130	9	3496
0.130	0.131	9	3505
0.131	0.132	4	3509
0.132	0.133	4	3513
0.133	0.134	7	3520
0.134	0.135	8	3528
0.135	0.136	5	3533
0.136	0.137	8	3541
0.137	0.138	6	3547
0.138	0.139	7	3554
0.139	0.140	4	3558
0.140	0.141	7	3565
0.141	0.142	12	3577
0.142	0.143	4	3581
0.143	0.144	12	3593
0.144	0.145	5	3598
0.145	0.146	5	3603
0.146	0.147	9	3612
0.147	0.148	4	3616
0.148	0.149	7	3623
0.149	0.150	7	3630
0.150	0.151	15	3645
0.151	0.152	4	3649
0.152	0.153	5	3654
0.153	0.154	11	3665
0.154	0.155	4	3669
0.155	0.156	4	3673
0.156	0.157	15	3688
0.157	0.158	5	3693
0.158	0.159	5	3698
0.159	0.160	5	3703
0.160	0.161	13	3716
0.161	0.162	6	3722
0.162	0.163	6	3728
0.163	0.164	9	3737
0.164	0.165	10	3747
0.165	0.166	4	3751
0.166	0.167	9	3760
0.167	0.168	9	3769
0.168	0.169	3	3772
0.169	0.170	3	3775
0.170	0.171	10	3785
0.171	0.172	2	3787
0.172	0.173	2	3789
0.173	0.174	13	3802
0.174	0.175	8	3810
0.175	0.176	4	3814
0.176	0.177	9	3823
0.177	0.178	4	3827
0.178	0.179	9	3836
0.179	0.180	4	3840
0.180	0.181	5	3845
0.181	0.182	1	3846
0.182	0.183	8	3854
0.183	0.184	6	3860
0.184	0.185	3	3863
0.185	0.186	4	3867
0.186	0.187	11	3878
0.187	0.188	3	3881
0.188	0.189	5	3886
0.189	0.190	2	3888
0.190	0.191	7	3895
0.191	0.192	10	3905
0.192	0.193	4	3909
0.193	0.194	7	3916
0.194	0.195	4	3920
0.195	0.196	4	3924
0.196	0.197	9	3933
0.197	0.198	4	3937
0.198	0.199	8	3945
0.199	0.200	3	3948
0.200	0.201	8	3956
0.201	0.202	4	3960
0.202	0.203	1	3961
0.203	0.204	9	3970
0.204	0.205	4	3974
0.205	0.206	5	3979
0.206	0.207	7	3986
0.207	0.208	6	3992
0.208	0.209	3	3995
0.209	0.210	3	3998
0.210	0.211	8	4006
0.211	0.212	3	4009
0.212	0.213	3	4012
0.213	0.214	5	4017
0.214	0.215	4	4021
0.215	0.216	2	4023
0.216	0.217	9	4032
0.217	0.218	6	4038
0.218	0.219	7	4045
0.219	0.220	3	4048
0.220	0.221	4	4052
0.221	0.222	4	4056
0.222	0.223	1	4057
0.223	0.224	8	4065
0.224	0.225	6	4071
0.225	0.226	5	4076
0.226	0.227	5	4081
0.227	0.228	3	4084
0.228	0.229	1	4085
0.229	0.230	4	4089
0.230	0.231	10	4099
0.231	0.232	6	4105
0.232	0.233	2	4107
0.233	0.234	9	4116
0.234	0.235	1	4117
0.235	0.236	4	4121
0.236	0.237	12	4133
0.237	0.238	2	4135
0.238	0.239	5	4140
0.239	0.240	3	4143
0.240	0.241	6	4149
0.241	0.242	0	4149
0.242	0.243	3	4152
0.243	0.244	11	4163
0.244	0.245	3	4166
0.245	0.246	6	4172
0.246	0.247	13	4185
0.247	0.248	3	4188
0.248	0.249	5	4193
0.249	0.250	0	4193
0.250	0.251	1	4194
0.251	0.252	3	4197
0.252	0.253	2	4199
0.253	0.254	5	4204
0.254	0.255	4	4208
0.255	0.256	4	4212
0.256	0.257	3	4215
0.257	0.258	4	4219
0.258	0.259	5	4224
0.259	0.260	4	4228
0.260	0.261	6	4234
0.261	0.262	5	4239
0.262	0.263	3	4242
0.263	0.264	5	4247
0.264	0.265	3	4250
0.265	0.266	7	4257
0.266	0.267	5	4262
0.267	0.268	3	4265
0.268	0.269	1	4266
0.269	0.270	6	4272
0.270	0.271	7	4279
0.271	0.272	2	4281
0.272	0.273	3	4284
0.273	0.274	8	4292
0.274	0.275	1	4293
0.275	0.276	1	4294
0.276	0.277	5	4299
0.277	0.278	1	4300
0.278	0.279	4	4304
0.279	0.280	2	4306
0.280	0.281	4	4310
0.281	0.282	3	4313
0.282	0.283	3	4316
0.283	0.284	5	4321
0.284	0.285	2	4323
0.285	0.286	3	4326
0.286	0.287	6	4332
0.287	0.288	1	4333
0.288	0.289	2	4335
0.289	0.290	4	4339
0.290	0.291	4	4343
0.291	0.292	2	4345
0.292	0.293	4	4349
0.293	0.294	3	4352
0.294	0.295	2	4354
0.295	0.296	3	4357
0.296	0.297	5	4362
0.297	0.298	2	4364
0.298	0.299	5	4369
0.299	0.300	3	4372
0.300	0.301	6	4378
0.301	0.302	3	4381
0.302	0.303	2	4383
0.303	0.304	2	4385
0.304	0.305	2	4387
0.305	0.306	4	4391
0.306	0.307	6	4397
0.307	0.308	2	4399
0.308	0.309	3	4402
0.309	0.310	3	4405
0.310	0.311	6	4411
0.311	0.312	0	4411
0.312	0.313	3	4414
0.313	0.314	3	4417
0.314	0.315	2	4419
0.315	0.316	0	4419
0.316	0.317	2	4421
0.317	0.318	1	4422
0.318	0.319	5	4427
0.319	0.320	3	4430
0.320	0.321	2	4432
0.321	0.322	2	4434
0.322	0.323	2	4436
0.323	0.324	6	4442
0.324	0.325	4	4446
0.325	0.326	2	4448
0.326	0.327	3	4451
0.327	0.328	1	4452
0.328	0.329	1	4453
0.329	0.330	1	4454
0.330	0.331	0	4454
0.331	0.332	4	4458
0.332	0.333	0	4458
0.333	0.334	1	4459
0.334	0.335	2	4461
0.335	0.336	3	4464
0.336	0.337	5	4469
0.337	0.338	0	4469
0.338	0.339	1	4470
0.339	0.340	2	4472
0.340	0.341	3	4475
0.341	0.342	2	4477
0.342	0.343	2	4479
0.343	0.344	4	4483
0.344	0.345	1	4484
0.345	0.346	3	4487
0.346	0.347	4	4491
0.347	0.348	2	4493
0.348	0.349	3	4496
0.349	0.350	1	4497
0.350	0.351	7	4504
0.351	0.352	1	4505
0.352	0.353	1	4506
0.353	0.354	2	4508
0.354	0.355	1	4509
0.355	0.356	3	4512
0.356	0.357	5	4517
0.357	0.358	1	4518
0.358	0.359	0	4518
0.359	0.360	0	4518
0.360	0.361	2	4520
0.361	0.362	1	4521
0.362	0.363	6	4527
0.363	0.364	0	4527
0.364	0.365	0	4527
0.365	0.366	2	4529
0.366	0.367	3	4532
0.367	0.368	1	4533
0.368	0.369	1	4534
0.369	0.370	3	4537
0.370	0.371	1	4538
0.371	0.372	3	4541
0.372	0.373	3	4544
0.373	0.374	5	4549
0.374	0.375	2	4551
0.375	0.376	2	4553
0.376	0.377	0	4553
0.377	0.378	2	4555
0.378	0.379	0	4555
0.379	0.380	1	4556
0.380	0.381	2	4558
0.381	0.382	2	4560
0.382	0.383	1	4561
0.383	0.384	5	4566
0.384	0.385	0	4566
0.385	0.386	3	4569
0.386	0.387	4	4573
0.387	0.388	3	4576
0.388	0.389	0	4576
0.389	0.390	3	4579
0.390	0.391	4	4583
0.391	0.392	2	4585
0.392	0.393	3	4588
0.393	0.394	3	4591
0.394	0.395	1	4592
0.395	0.396	0	4592
0.396	0.397	5	4597
0.397	0.398	0	4597
0.398	0.399	2	4599
0.399	0.400	3	4602
0.400	0.401	3	4605
0.401	0.402	2	4607
0.402	0.403	1	4608
0.403	0.404	1	4609
0.404	0.405	1	4610
0.405	0.406	0	4610
0.406	0.407	5	4615
0.407	0.408	2	4617
0.408	0.409	2	4619
0.409	0.410	1	4620
0.410	0.411	5	4625
0.411	0.412	0	4625
0.412	0.413	2	4627
0.413	0.414	1	4628
0.414	0.415	0	4628
0.415	0.416	1	4629
0.416	0.417	3	4632
0.417	0.418	2	4634
0.418	0.419	4	4638
0.419	0.420	3	4641
0.420	0.421	2	4643
0.421	0.422	2	4645
0.422	0.423	4	4649
0.423	0.424	5	4654
0.424	0.425	2	4656
0.425	0.426	1	4657
0.426	0.427	1	4658
0.427	0.428	3	4661
0.428	0.429	0	4661
0.429	0.430	2	4663
0.430	0.431	0	4663
0.431	0.432	2	4665
0.432	0.433	0	4665
0.433	0.434	6	4671
0.434	0.435	1	4672
0.435	0.436	3	4675
0.436	0.437	3	4678
0.437	0.438	2	4680
0.438	0.439	1	4681
0.439	0.440	0	4681
0.440	0.441	4	4685
0.441	0.442	2	4687
0.442	0.443	0	4687
0.443	0.444	0	4687
0.444	0.445	0	4687
0.445	0.446	0	4687
0.446	0.447	2	4689
0.447	0.448	1	4690
0.448	0.449	4	4694
0.449	0.450	2	4696
0.450	0.451	3	4699
0.451	0.452	2	4701
0.452	0.453	0	4701
0.453	0.454	3	4704
0.454	0.455	3	4707
0.455	0.456	0	4707
0.456	0.457	3	4710
0.457	0.458	0	4710
0.458	0.459	2	4712
0.459	0.460	1	4713
0.460	0.461	4	4717
0.461	0.462	1	4718
0.462	0.463	0	4718
0.463	0.464	3	4721
0.464	0.465	0	4721
0.465	0.466	2	4723
0.466	0.467	2	4725
0.467	0.468	1	4726
0.468	0.469	0	4726
0.469	0.470	1	4727
0.470	0.471	3	4730
0.471	0.472	2	4732
0.472	0.473	1	4733
0.473	0.474	0	4733
0.474	0.475	0	4733
0.475	0.476	1	4734
0.476	0.477	3	4737
0.477	0.478	2	4739
0.478	0.479	3	4742
0.479	0.480	0	4742
0.480	0.481	1	4743
0.481	0.482	1	4744
0.482	0.483	1	4745
0.483	0.484	2	4747
0.484	0.485	1	4748
0.485	0.486	3	4751
0.486	0.487	0	4751
0.487	0.488	0	4751
0.488	0.489	1	4752
0.489	0.490	1	4753
0.490	0.491	1	4754
0.491	0.492	1	4755
0.492	0.493	2	4757
0.493	0.494	2	4759
0.494	0.495	2	4761
0.495	0.496	1	4762
0.496	0.497	2	4764
0.497	0.498	2	4766
0.498	0.499	1	4767
0.499	0.500	1	4768
0.500	0.501	2	4770
0.501	0.502	3	4773
0.502	0.503	2	4775
0.503	0.504	1	4776
0.504	0.505	0	4776
0.505	0.506	0	4776
0.506	0.507	1	4777
0.507	0.508	0	4777
0.508	0.509	0	4777
0.509	0.510	2	4779
0.510	0.511	0	4779
0.511	0.512	2	4781
0.512	0.513	0	4781
0.513	0.514	2	4783
0.514	0.515	1	4784
0.515	0.516	0	4784
0.516	0.517	0	4784
0.517	0.518	0	4784
0.518	0.519	1	4785
0.519	0.520	0	4785
0.520	0.521	1	4786
0.521	0.522	1	4787
0.522	0.523	4	4791
0.523	0.524	1	4792
0.524	0.525	2	4794
0.525	0.526	0	4794
0.526	0.527	1	4795
0.527	0.528	1	4796
0.528	0.529	0	4796
0.529	0.530	1	4797
0.530	0.531	1	4798
0.531	0.532	0	4798
0.532	0.533	0	4798
0.533	0.534	0	4798
0.534	0.535	1	4799
0.535	0.536	1	4800
0.536	0.537	1	4801
0.537	0.538	3	4804
0.538	0.539	0	4804
0.539	0.540	2	4806
0.540	0.541	0	4806
0.541	0.542	1	4807
0.542	0.543	0	4807
0.543	0.544	0	4807
0.544	0.545	0	4807
0.545	0.546	1	4808
0.546	0.547	2	4810
0.547	0.548	1	4811
0.548	0.549	0	4811
0.549	0.550	0	4811
0.550	0.551	1	4812
0.551	0.552	1	4813
0.552	0.553	1	4814
0.553	0.554	1	4815
0.554	0.555	0	4815
0.555	0.556	0	4815
0.556	0.557	1	4816
0.557	0.558	0	4816
0.558	0.559	1	4817
0.559	0.560	1	4818
0.560	0.561	0	4818
0.561	0.562	1	4819
0.562	0.563	0	4819
0.563	0.564	1	4820
0.564	0.565	0	4820
0.565	0.566	1	4821
0.566	0.567	0	4821
0.567	0.568	0	4821
0.568	0.569	0	4821
0.569	0.570	1	4822
0.570	0.571	0	4822
0.571	0.572	0	4822
0.572	0.573	2	4824
0.573	0.574	1	4825
0.574	0.575	0	4825
0.575	0.576	2	4827
0.576	0.577	0	4827
0.577	0.578	2	4829
0.578	0.579	1	4830
0.579	0.580	1	4831
0.580	0.581	1	4832
0.581	0.582	1	4833
0.582	0.583	0	4833
0.583	0.584	1	4834
0.584	0.585	0	4834
0.585	0.586	0	4834
0.586	0.587	1	4835
0.587	0.588	0	4835
0.588	0.589	1	4836
0.589	0.590	0	4836
0.590	0.591	0	4836
0.591	0.592	0	4836
0.592	0.593	0	4836
0.593	0.594	3	4839
0.594	0.595	0	4839
0.595	0.596	0	4839
0.596	0.597	0	4839
0.597	0.598	0	4839
0.598	0.599	1	4840
0.599	0.600	0	4840
0.600	0.601	1	4841
0.601	0.602	0	4841
0.602	0.603	2	4843
0.603	0.604	2	4845
0.604	0.605	0	4845
0.605	0.606	0	4845
0.606	0.607	1	4846
0.607	0.608	2	4848
0.608	0.609	1	4849
0.609	0.610	1	4850
0.610	0.611	1	4851
0.611	0.612	0	4851
0.612	0.613	1	4852
0.613	0.614	3	4855
0.614	0.615	1	4856
0.615	0.616	1	4857
0.616	0.617	2	4859
0.617	0.618	2	4861
0.618	0.619	1	4862
0.619	0.620	1	4863
0.620	0.621	4	4867
0.621	0.622	2	4869
0.622	0.623	0	4869
0.623	0.624	1	4870
0.624	0.625	0	4870
0.625	0.626	1	4871
0.626	0.627	2	4873
0.627	0.628	2	4875
0.628	0.629	0	4875
0.629	0.630	0	4875
0.630	0.631	1	4876
0.631	0.632	0	4876
0.632	0.633	0	4876
0.633	0.634	0	4876
0.634	0.635	0	4876
0.635	0.636	1	4877
0.636	0.637	0	4877
0.637	0.638	0	4877
0.638	0.639	0	4877
0.639	0.640	0	4877
0.640	0.641	0	4877
0.641	0.642	0	4877
0.642	0.643	1	4878
0.643	0.644	0	4878
0.644	0.645	1	4879
0.645	0.646	1	4880
0.646	0.647	0	4880
0.647	0.648	0	4880
0.648	0.649	0	4880
0.649	0.650	1	4881
0.650	0.651	0	4881
0.651	0.652	1	4882
0.652	0.653	2	4884
0.653	0.654	0	4884
0.654	0.655	0	4884
0.655	0.656	1	4885
0.656	0.657	2	4887
0.657	0.658	2	4889
0.658	0.659	0	4889
0.659	0.660	0	4889
0.660	0.661	1	4890
0.661	0.662	1	4891
0.662	0.663	1	4892
0.663	0.664	0	4892
0.664	0.665	0	4892
0.665	0.666	1	4893
0.666	0.667	5	4898
0.667	0.668	0	4898
0.668	0.669	0	4898
0.669	0.670	0	4898
0.670	0.671	0	4898
0.671	0.672	1	4899
0.672	0.673	0	4899
0.673	0.674	1	4900
0.674	0.675	0	4900
0.675	0.676	0	4900
0.676	0.677	2	4902
0.677	0.678	0	4902
0.678	0.679	0	4902
0.679	0.680	1	4903
0.680	0.681	1	4904
0.681	0.682	0	4904
0.682	0.683	0	4904
0.683	0.684	0	4904
0.684	0.685	1	4905
0.685	0.686	1	4906
0.686	0.687	0	4906
0.687	0.688	0	4906
0.688	0.689	1	4907
0.689	0.690	0	4907
0.690	0.691	0	4907
0.691	0.692	0	4907
0.692	0.693	1	4908
0.693	0.694	0	4908
0.694	0.695	1	4909
0.695	0.696	1	4910
0.696	0.697	0	4910
0.697	0.698	0	4910
0.698	0.699	1	4911
0.699	0.700	0	4911
0.700	0.701	0	4911
0.701	0.702	0	4911
0.702	0.703	0	4911
0.703	0.704	1	4912
0.704	0.705	0	4912
0.705	0.706	0	4912
0.706	0.707	1	4913
0.707	0.708	0	4913
0.708	0.709	1	4914
0.709	0.710	0	4914
0.710	0.711	0	4914
0.711	0.712	1	4915
0.712	0.713	0	4915
0.713	0.714	3	4918
0.714	0.715	0	4918
0.715	0.716	0	4918
0.716	0.717	0	4918
0.717	0.718	0	4918
0.718	0.719	0	4918
0.719	0.720	0	4918
0.720	0.721	1	4919
0.721	0.722	0	4919
0.722	0.723	0	4919
0.723	0.724	0	4919
0.724	0.725	0	4919
0.725	0.726	0	4919
0.726	0.727	2	4921
0.727	0.728	0	4921
0.728	0.729	0	4921
0.729	0.730	0	4921
0.730	0.731	0	4921
0.731	0.732	0	4921
0.732	0.733	0	4921
0.733	0.734	0	4921
0.734	0.735	1	4922
0.735	0.736	0	4922
0.736	0.737	1	4923
0.737	0.738	1	4924
0.738	0.739	0	4924
0.739	0.740	0	4924
0.740	0.741	0	4924
0.741	0.742	0	4924
0.742	0.743	0	4924
0.743	0.744	0	4924
0.744	0.745	0	4924
0.745	0.746	0	4924
0.746	0.747	0	4924
0.747	0.748	0	4924
0.748	0.749	0	4924
0.749	0.750	0	4924
0.750	0.751	0	4924
0.751	0.752	0	4924
0.752	0.753	1	4925
0.753	0.754	0	4925
0.754	0.755	0	4925
0.755	0.756	0	4925
0.756	0.757	1	4926
0.757	0.758	0	4926
0.758	0.759	0	4926
0.759	0.760	0	4926
0.760	0.761	0	4926
0.761	0.762	1	4927
0.762	0.763	2	4929
0.763	0.764	0	4929
0.764	0.765	0	4929
0.765	0.766	1	4930
0.766	0.767	0	4930
0.767	0.768	0	4930
0.768	0.769	0	4930
0.769	0.770	1	4931
0.770	0.771	0	4931
0.771	0.772	0	4931
0.772	0.773	0	4931
0.773	0.774	0	4931
0.774	0.775	0	4931
0.775	0.776	0	4931
0.776	0.777	0	4931
0.777	0.778	1	4932
0.778	0.779	0	4932
0.779	0.780	1	4933
0.780	0.781	0	4933
0.781	0.782	0	4933
0.782	0.783	2	4935
0.783	0.784	0	4935
0.784	0.785	1	4936
0.785	0.786	1	4937
0.786	0.787	0	4937
0.787	0.788	0	4937
0.788	0.789	0	4937
0.789	0.790	0	4937
0.790	0.791	1	4938
0.791	0.792	0	4938
0.792	0.793	0	4938
0.793	0.794	2	4940
0.794	0.795	0	4940
0.795	0.796	0	4940
0.796	0.797	0	4940
0.797	0.798	0	4940
0.798	0.799	0	4940
0.799	0.800	0	4940
0.800	0.801	0	4940
0.801	0.802	0	4940
0.802	0.803	0	4940
0.803	0.804	1	4941
0.804	0.805	0	4941
0.805	0.806	1	4942
0.806	0.807	0	4942
0.807	0.808	0	4942
0.808	0.809	0	4942
0.809	0.810	0	4942
0.810	0.811	0	4942
0.811	0.812	0	4942
0.812	0.813	0	4942
0.813	0.814	0	4942
0.814	0.815	1	4943
0.815	0.816	0	4943
0.816	0.817	1	4944
0.817	0.818	0	4944
0.818	0.819	0	4944
0.819	0.820	0	4944
0.820	0.821	1	4945
0.821	0.822	0	4945
0.822	0.823	1	4946
0.823	0.824	1	4947
0.824	0.825	1	4948
0.825	0.826	0	4948
0.826	0.827	0	4948
0.827	0.828	0	4948
0.828	0.829	0	4948
0.829	0.830	0	4948
0.830	0.831	0	4948
0.831	0.832	0	4948
0.832	0.833	0	4948
0.833	0.834	0	4948
0.834	0.835	0	4948
0.835	0.836	0	4948
0.836	0.837	0	4948
0.837	0.838	0	4948
0.838	0.839	0	4948
0.839	0.840	0	4948
0.840	0.841	0	4948
0.841	0.842	0	4948
0.842	0.843	0	4948
0.843	0.844	0	4948
0.844	0.845	0	4948
0.845	0.846	0	4948
0.846	0.847	0	4948
0.847	0.848	0	4948
0.848	0.849	0	4948
0.849	0.850	0	4948
0.850	0.851	0	4948
0.851	0.852	0	4948
0.852	0.853	0	4948
0.853	0.854	1	4949
0.854	0.855	0	4949
0.855	0.856	0	4949
0.856	0.857	0	4949
0.857	0.858	0	4949
0.858	0.859	0	4949
0.859	0.860	0	4949
0.860	0.861	0	4949
0.861	0.862	0	4949
0.862	0.863	0	4949
0.863	0.864	0	4949
0.864	0.865	0	4949
0.865	0.866	0	4949
0.866	0.867	0	4949
0.867	0.868	0	4949
0.868	0.869	0	4949
0.869	0.870	0	4949
0.870	0.871	0	4949
0.871	0.872	0	4949
0.872	0.873	0	4949
0.873	0.874	0	4949
0.874	0.875	0	4949
0.875	0.876	0	4949
0.876	0.877	0	4949
0.877	0.878	0	4949
0.878	0.879	0	4949
0.879	0.880	0	4949
0.880	0.881	0	4949
0.881	0.882	0	4949
0.882	0.883	0	4949
0.883	0.884	0	4949
0.884	0.885	0	4949
0.885	0.886	0	4949
0.886	0.887	0	4949
0.887	0.888	0	4949
0.888	0.889	0	4949
0.889	0.890	0	4949
0.890	0.891	0	4949
0.891	0.892	0	4949
0.892	0.893	0	4949
0.893	0.894	0	4949
0.894	0.895	0	4949
0.895	0.896	0	4949
0.896	0.897	0	4949
0.897	0.898	0	4949
0.898	0.899	0	4949
0.899	0.900	0	4949
0.900	0.901	1	4950
0.901	0.902	0	4950
0.902	0.903	0	4950
0.903	0.904	0	4950
0.904	0.905	0	4950
0.905	0.906	0	4950
0.906	0.907	0	4950
0.907	0.908	0	4950
0.908	0.909	0	4950
0.909	0.910	0	4950
0.910	0.911	0	4950
0.911	0.912	0	4950
0.912	0.913	0	4950
0.913	0.914	0	4950
0.914	0.915	0	4950
0.915	0.916	0	4950
0.916	0.917	0	4950
0.917	0.918	0	4950
0.918	0.919	0	4950
0.919	0.920	0	4950
0.920	0.921	0	4950
0.921	0.922	0	4950
0.922	0.923	0	4950
0.923	0.924	0	4950
0.924	0.925	0	4950
0.925	0.926	0	4950
0.926	0.927	0	4950
0.927	0.928	0	4950
0.928	0.929	0	4950
0.929	0.930	0	4950
0.930	0.931	0	4950
0.931	0.932	0	4950
0.932	0.933	0	4950
0.933	0.934	0	4950
0.934	0.935	0	4950
0.935	0.936	0	4950
0.936	0.937	0	4950
0.937	0.938	0	4950
0.938	0.939	0	4950
0.939	0.940	0	4950
0.940	0.941	0	4950
0.941	0.942	0	4950
0.942	0.943	0	4950
0.943	0.944	0	4950
0.944	0.945	0	4950
0.945	0.946	0	4950
0.946	0.947	0	4950
0.947	0.948	0	4950
0.948	0.949	0	4950
0.949	0.950	0	4950
0.950	0.951	0	4950
0.951	0.952	0	4950
0.952	0.953	0	4950
0.953	0.954	0	4950
0.954	0.955	0	4950
0.955	0.956	0	4950
0.956	0.957	0	4950
0.957	0.958	0	4950
0.958	0.959	0	4950
0.959	0.960	0	4950
0.960	0.961	0	4950
0.961	0.962	0	4950
0.962	0.963	0	4950
0.963	0.964	0	4950
0.964	0.965	0	4950
0.965	0.966	0	4950
0.966	0.967	0	4950
0.967	0.968	0	4950
0.968	0.969	0	4950
0.969	0.970	0	4950
0.970	0.971	0	4950
0.971	0.972	0	4950
0.972	0.973	0	4950
0.973	0.974	0	4950
0.974	0.975	0	4950
0.975	0.976	0	4950
0.976	0.977	0	4950
0.977	0.978	0	4950
0.978	0.979	0	4950
0.979	0.980	0	4950
0.980	0.981	0	4950
0.981	0.982	0	4950
0.982	0.983	0	4950
0.983	0.984	0	4950
0.984	0.985	0	4950
0.985	0.986	0	4950
0.986	0.987	0	4950
0.987	0.988	0	4950
0.988	0.989	0	4950
0.989	0.990	0	4950
0.990	0.991	0	4950
0.991	0.992	0	4950
0.992	0.993	0	4950
0.993	0.994	0	4950
0.994	0.995	0	4950
0.995	0.996	0	4950
0.996	0.997	0	4950
0.997	0.998	0	4950
0.998	0.999	0	4950
0.999	1.000	0	4950
1.000	1.001	0	4950
mean value_group1 = 0.009587
variance_group1 = 0.063376
standard deviation_group1 = 0.251745
skewness_group1 = 0.004521
kurtosis_group1 = 0.013279
lower quartile_group1 = -0.153250
median_value_group1 = 0.000235
upper quartile_group1 = 0.160731
interquartile range_group1 = 0.313981
