lower_interval	upper_interval	frequency	accumulative_frequency
-1.000	-0.999	0	0
-0.999	-0.998	0	0
-0.998	-0.997	0	0
-0.997	-0.996	0	0
-0.996	-0.995	0	0
-0.995	-0.994	0	0
-0.994	-0.993	0	0
-0.993	-0.992	0	0
-0.992	-0.991	0	0
-0.991	-0.990	0	0
-0.990	-0.989	0	0
-0.989	-0.988	0	0
-0.988	-0.987	0	0
-0.987	-0.986	0	0
-0.986	-0.985	0	0
-0.985	-0.984	0	0
-0.984	-0.983	0	0
-0.983	-0.982	0	0
-0.982	-0.981	0	0
-0.981	-0.980	0	0
-0.980	-0.979	0	0
-0.979	-0.978	0	0
-0.978	-0.977	0	0
-0.977	-0.976	0	0
-0.976	-0.975	0	0
-0.975	-0.974	0	0
-0.974	-0.973	0	0
-0.973	-0.972	0	0
-0.972	-0.971	0	0
-0.971	-0.970	0	0
-0.970	-0.969	0	0
-0.969	-0.968	0	0
-0.968	-0.967	0	0
-0.967	-0.966	0	0
-0.966	-0.965	0	0
-0.965	-0.964	0	0
-0.964	-0.963	0	0
-0.963	-0.962	0	0
-0.962	-0.961	0	0
-0.961	-0.960	0	0
-0.960	-0.959	0	0
-0.959	-0.958	0	0
-0.958	-0.957	0	0
-0.957	-0.956	0	0
-0.956	-0.955	0	0
-0.955	-0.954	0	0
-0.954	-0.953	0	0
-0.953	-0.952	0	0
-0.952	-0.951	0	0
-0.951	-0.950	0	0
-0.950	-0.949	0	0
-0.949	-0.948	0	0
-0.948	-0.947	0	0
-0.947	-0.946	0	0
-0.946	-0.945	0	0
-0.945	-0.944	0	0
-0.944	-0.943	0	0
-0.943	-0.942	0	0
-0.942	-0.941	0	0
-0.941	-0.940	0	0
-0.940	-0.939	0	0
-0.939	-0.938	0	0
-0.938	-0.937	0	0
-0.937	-0.936	0	0
-0.936	-0.935	0	0
-0.935	-0.934	0	0
-0.934	-0.933	0	0
-0.933	-0.932	0	0
-0.932	-0.931	0	0
-0.931	-0.930	0	0
-0.930	-0.929	0	0
-0.929	-0.928	0	0
-0.928	-0.927	0	0
-0.927	-0.926	0	0
-0.926	-0.925	0	0
-0.925	-0.924	0	0
-0.924	-0.923	0	0
-0.923	-0.922	0	0
-0.922	-0.921	0	0
-0.921	-0.920	0	0
-0.920	-0.919	0	0
-0.919	-0.918	0	0
-0.918	-0.917	0	0
-0.917	-0.916	0	0
-0.916	-0.915	0	0
-0.915	-0.914	0	0
-0.914	-0.913	0	0
-0.913	-0.912	0	0
-0.912	-0.911	0	0
-0.911	-0.910	0	0
-0.910	-0.909	0	0
-0.909	-0.908	0	0
-0.908	-0.907	0	0
-0.907	-0.906	0	0
-0.906	-0.905	0	0
-0.905	-0.904	0	0
-0.904	-0.903	0	0
-0.903	-0.902	0	0
-0.902	-0.901	0	0
-0.901	-0.900	0	0
-0.900	-0.899	0	0
-0.899	-0.898	0	0
-0.898	-0.897	0	0
-0.897	-0.896	0	0
-0.896	-0.895	0	0
-0.895	-0.894	0	0
-0.894	-0.893	0	0
-0.893	-0.892	0	0
-0.892	-0.891	0	0
-0.891	-0.890	0	0
-0.890	-0.889	0	0
-0.889	-0.888	0	0
-0.888	-0.887	0	0
-0.887	-0.886	0	0
-0.886	-0.885	0	0
-0.885	-0.884	0	0
-0.884	-0.883	0	0
-0.883	-0.882	0	0
-0.882	-0.881	0	0
-0.881	-0.880	0	0
-0.880	-0.879	0	0
-0.879	-0.878	0	0
-0.878	-0.877	0	0
-0.877	-0.876	0	0
-0.876	-0.875	0	0
-0.875	-0.874	0	0
-0.874	-0.873	0	0
-0.873	-0.872	0	0
-0.872	-0.871	0	0
-0.871	-0.870	0	0
-0.870	-0.869	0	0
-0.869	-0.868	0	0
-0.868	-0.867	0	0
-0.867	-0.866	0	0
-0.866	-0.865	0	0
-0.865	-0.864	0	0
-0.864	-0.863	0	0
-0.863	-0.862	0	0
-0.862	-0.861	0	0
-0.861	-0.860	0	0
-0.860	-0.859	0	0
-0.859	-0.858	0	0
-0.858	-0.857	0	0
-0.857	-0.856	0	0
-0.856	-0.855	0	0
-0.855	-0.854	0	0
-0.854	-0.853	0	0
-0.853	-0.852	0	0
-0.852	-0.851	0	0
-0.851	-0.850	0	0
-0.850	-0.849	0	0
-0.849	-0.848	0	0
-0.848	-0.847	0	0
-0.847	-0.846	0	0
-0.846	-0.845	0	0
-0.845	-0.844	0	0
-0.844	-0.843	0	0
-0.843	-0.842	0	0
-0.842	-0.841	0	0
-0.841	-0.840	0	0
-0.840	-0.839	0	0
-0.839	-0.838	0	0
-0.838	-0.837	0	0
-0.837	-0.836	0	0
-0.836	-0.835	0	0
-0.835	-0.834	0	0
-0.834	-0.833	0	0
-0.833	-0.832	0	0
-0.832	-0.831	0	0
-0.831	-0.830	0	0
-0.830	-0.829	0	0
-0.829	-0.828	0	0
-0.828	-0.827	0	0
-0.827	-0.826	0	0
-0.826	-0.825	0	0
-0.825	-0.824	0	0
-0.824	-0.823	0	0
-0.823	-0.822	0	0
-0.822	-0.821	0	0
-0.821	-0.820	0	0
-0.820	-0.819	0	0
-0.819	-0.818	0	0
-0.818	-0.817	0	0
-0.817	-0.816	0	0
-0.816	-0.815	0	0
-0.815	-0.814	0	0
-0.814	-0.813	0	0
-0.813	-0.812	0	0
-0.812	-0.811	0	0
-0.811	-0.810	0	0
-0.810	-0.809	0	0
-0.809	-0.808	0	0
-0.808	-0.807	0	0
-0.807	-0.806	0	0
-0.806	-0.805	0	0
-0.805	-0.804	0	0
-0.804	-0.803	0	0
-0.803	-0.802	0	0
-0.802	-0.801	0	0
-0.801	-0.800	0	0
-0.800	-0.799	0	0
-0.799	-0.798	0	0
-0.798	-0.797	0	0
-0.797	-0.796	0	0
-0.796	-0.795	0	0
-0.795	-0.794	1	1
-0.794	-0.793	0	1
-0.793	-0.792	0	1
-0.792	-0.791	0	1
-0.791	-0.790	0	1
-0.790	-0.789	0	1
-0.789	-0.788	0	1
-0.788	-0.787	0	1
-0.787	-0.786	0	1
-0.786	-0.785	0	1
-0.785	-0.784	0	1
-0.784	-0.783	0	1
-0.783	-0.782	0	1
-0.782	-0.781	0	1
-0.781	-0.780	0	1
-0.780	-0.779	0	1
-0.779	-0.778	0	1
-0.778	-0.777	0	1
-0.777	-0.776	0	1
-0.776	-0.775	0	1
-0.775	-0.774	0	1
-0.774	-0.773	0	1
-0.773	-0.772	0	1
-0.772	-0.771	0	1
-0.771	-0.770	0	1
-0.770	-0.769	0	1
-0.769	-0.768	0	1
-0.768	-0.767	0	1
-0.767	-0.766	0	1
-0.766	-0.765	0	1
-0.765	-0.764	0	1
-0.764	-0.763	0	1
-0.763	-0.762	0	1
-0.762	-0.761	0	1
-0.761	-0.760	0	1
-0.760	-0.759	0	1
-0.759	-0.758	0	1
-0.758	-0.757	0	1
-0.757	-0.756	0	1
-0.756	-0.755	1	2
-0.755	-0.754	0	2
-0.754	-0.753	0	2
-0.753	-0.752	0	2
-0.752	-0.751	0	2
-0.751	-0.750	0	2
-0.750	-0.749	1	3
-0.749	-0.748	0	3
-0.748	-0.747	0	3
-0.747	-0.746	0	3
-0.746	-0.745	0	3
-0.745	-0.744	0	3
-0.744	-0.743	0	3
-0.743	-0.742	0	3
-0.742	-0.741	0	3
-0.741	-0.740	0	3
-0.740	-0.739	1	4
-0.739	-0.738	0	4
-0.738	-0.737	0	4
-0.737	-0.736	0	4
-0.736	-0.735	0	4
-0.735	-0.734	0	4
-0.734	-0.733	0	4
-0.733	-0.732	1	5
-0.732	-0.731	0	5
-0.731	-0.730	0	5
-0.730	-0.729	0	5
-0.729	-0.728	0	5
-0.728	-0.727	1	6
-0.727	-0.726	0	6
-0.726	-0.725	0	6
-0.725	-0.724	0	6
-0.724	-0.723	0	6
-0.723	-0.722	0	6
-0.722	-0.721	0	6
-0.721	-0.720	1	7
-0.720	-0.719	0	7
-0.719	-0.718	0	7
-0.718	-0.717	0	7
-0.717	-0.716	0	7
-0.716	-0.715	0	7
-0.715	-0.714	0	7
-0.714	-0.713	0	7
-0.713	-0.712	0	7
-0.712	-0.711	0	7
-0.711	-0.710	0	7
-0.710	-0.709	0	7
-0.709	-0.708	0	7
-0.708	-0.707	0	7
-0.707	-0.706	0	7
-0.706	-0.705	0	7
-0.705	-0.704	0	7
-0.704	-0.703	0	7
-0.703	-0.702	0	7
-0.702	-0.701	2	9
-0.701	-0.700	0	9
-0.700	-0.699	0	9
-0.699	-0.698	0	9
-0.698	-0.697	0	9
-0.697	-0.696	0	9
-0.696	-0.695	0	9
-0.695	-0.694	0	9
-0.694	-0.693	0	9
-0.693	-0.692	0	9
-0.692	-0.691	0	9
-0.691	-0.690	0	9
-0.690	-0.689	0	9
-0.689	-0.688	1	10
-0.688	-0.687	0	10
-0.687	-0.686	1	11
-0.686	-0.685	0	11
-0.685	-0.684	0	11
-0.684	-0.683	0	11
-0.683	-0.682	0	11
-0.682	-0.681	0	11
-0.681	-0.680	0	11
-0.680	-0.679	0	11
-0.679	-0.678	0	11
-0.678	-0.677	0	11
-0.677	-0.676	0	11
-0.676	-0.675	1	12
-0.675	-0.674	0	12
-0.674	-0.673	0	12
-0.673	-0.672	2	14
-0.672	-0.671	0	14
-0.671	-0.670	0	14
-0.670	-0.669	1	15
-0.669	-0.668	0	15
-0.668	-0.667	0	15
-0.667	-0.666	0	15
-0.666	-0.665	0	15
-0.665	-0.664	0	15
-0.664	-0.663	0	15
-0.663	-0.662	0	15
-0.662	-0.661	0	15
-0.661	-0.660	0	15
-0.660	-0.659	0	15
-0.659	-0.658	1	16
-0.658	-0.657	0	16
-0.657	-0.656	0	16
-0.656	-0.655	0	16
-0.655	-0.654	0	16
-0.654	-0.653	0	16
-0.653	-0.652	1	17
-0.652	-0.651	0	17
-0.651	-0.650	0	17
-0.650	-0.649	1	18
-0.649	-0.648	0	18
-0.648	-0.647	0	18
-0.647	-0.646	0	18
-0.646	-0.645	1	19
-0.645	-0.644	0	19
-0.644	-0.643	0	19
-0.643	-0.642	0	19
-0.642	-0.641	0	19
-0.641	-0.640	0	19
-0.640	-0.639	0	19
-0.639	-0.638	0	19
-0.638	-0.637	0	19
-0.637	-0.636	0	19
-0.636	-0.635	0	19
-0.635	-0.634	0	19
-0.634	-0.633	0	19
-0.633	-0.632	0	19
-0.632	-0.631	1	20
-0.631	-0.630	1	21
-0.630	-0.629	0	21
-0.629	-0.628	0	21
-0.628	-0.627	0	21
-0.627	-0.626	0	21
-0.626	-0.625	0	21
-0.625	-0.624	0	21
-0.624	-0.623	1	22
-0.623	-0.622	0	22
-0.622	-0.621	1	23
-0.621	-0.620	0	23
-0.620	-0.619	0	23
-0.619	-0.618	1	24
-0.618	-0.617	0	24
-0.617	-0.616	0	24
-0.616	-0.615	0	24
-0.615	-0.614	0	24
-0.614	-0.613	0	24
-0.613	-0.612	0	24
-0.612	-0.611	0	24
-0.611	-0.610	0	24
-0.610	-0.609	1	25
-0.609	-0.608	0	25
-0.608	-0.607	0	25
-0.607	-0.606	0	25
-0.606	-0.605	0	25
-0.605	-0.604	0	25
-0.604	-0.603	0	25
-0.603	-0.602	0	25
-0.602	-0.601	1	26
-0.601	-0.600	0	26
-0.600	-0.599	0	26
-0.599	-0.598	0	26
-0.598	-0.597	2	28
-0.597	-0.596	0	28
-0.596	-0.595	0	28
-0.595	-0.594	1	29
-0.594	-0.593	0	29
-0.593	-0.592	2	31
-0.592	-0.591	1	32
-0.591	-0.590	1	33
-0.590	-0.589	0	33
-0.589	-0.588	0	33
-0.588	-0.587	0	33
-0.587	-0.586	0	33
-0.586	-0.585	0	33
-0.585	-0.584	0	33
-0.584	-0.583	0	33
-0.583	-0.582	0	33
-0.582	-0.581	1	34
-0.581	-0.580	0	34
-0.580	-0.579	0	34
-0.579	-0.578	3	37
-0.578	-0.577	1	38
-0.577	-0.576	1	39
-0.576	-0.575	0	39
-0.575	-0.574	1	40
-0.574	-0.573	0	40
-0.573	-0.572	0	40
-0.572	-0.571	2	42
-0.571	-0.570	0	42
-0.570	-0.569	0	42
-0.569	-0.568	0	42
-0.568	-0.567	0	42
-0.567	-0.566	0	42
-0.566	-0.565	0	42
-0.565	-0.564	0	42
-0.564	-0.563	0	42
-0.563	-0.562	1	43
-0.562	-0.561	0	43
-0.561	-0.560	0	43
-0.560	-0.559	1	44
-0.559	-0.558	0	44
-0.558	-0.557	0	44
-0.557	-0.556	0	44
-0.556	-0.555	1	45
-0.555	-0.554	0	45
-0.554	-0.553	0	45
-0.553	-0.552	2	47
-0.552	-0.551	0	47
-0.551	-0.550	0	47
-0.550	-0.549	0	47
-0.549	-0.548	0	47
-0.548	-0.547	1	48
-0.547	-0.546	0	48
-0.546	-0.545	1	49
-0.545	-0.544	1	50
-0.544	-0.543	0	50
-0.543	-0.542	1	51
-0.542	-0.541	0	51
-0.541	-0.540	1	52
-0.540	-0.539	1	53
-0.539	-0.538	1	54
-0.538	-0.537	0	54
-0.537	-0.536	0	54
-0.536	-0.535	0	54
-0.535	-0.534	1	55
-0.534	-0.533	0	55
-0.533	-0.532	0	55
-0.532	-0.531	0	55
-0.531	-0.530	1	56
-0.530	-0.529	0	56
-0.529	-0.528	1	57
-0.528	-0.527	0	57
-0.527	-0.526	1	58
-0.526	-0.525	1	59
-0.525	-0.524	0	59
-0.524	-0.523	1	60
-0.523	-0.522	0	60
-0.522	-0.521	1	61
-0.521	-0.520	1	62
-0.520	-0.519	0	62
-0.519	-0.518	1	63
-0.518	-0.517	2	65
-0.517	-0.516	0	65
-0.516	-0.515	0	65
-0.515	-0.514	0	65
-0.514	-0.513	2	67
-0.513	-0.512	0	67
-0.512	-0.511	1	68
-0.511	-0.510	0	68
-0.510	-0.509	1	69
-0.509	-0.508	0	69
-0.508	-0.507	1	70
-0.507	-0.506	0	70
-0.506	-0.505	2	72
-0.505	-0.504	0	72
-0.504	-0.503	0	72
-0.503	-0.502	0	72
-0.502	-0.501	1	73
-0.501	-0.500	1	74
-0.500	-0.499	1	75
-0.499	-0.498	0	75
-0.498	-0.497	0	75
-0.497	-0.496	1	76
-0.496	-0.495	1	77
-0.495	-0.494	0	77
-0.494	-0.493	0	77
-0.493	-0.492	2	79
-0.492	-0.491	1	80
-0.491	-0.490	3	83
-0.490	-0.489	0	83
-0.489	-0.488	0	83
-0.488	-0.487	1	84
-0.487	-0.486	2	86
-0.486	-0.485	1	87
-0.485	-0.484	0	87
-0.484	-0.483	1	88
-0.483	-0.482	0	88
-0.482	-0.481	0	88
-0.481	-0.480	0	88
-0.480	-0.479	0	88
-0.479	-0.478	1	89
-0.478	-0.477	1	90
-0.477	-0.476	0	90
-0.476	-0.475	0	90
-0.475	-0.474	1	91
-0.474	-0.473	0	91
-0.473	-0.472	1	92
-0.472	-0.471	0	92
-0.471	-0.470	1	93
-0.470	-0.469	0	93
-0.469	-0.468	0	93
-0.468	-0.467	0	93
-0.467	-0.466	0	93
-0.466	-0.465	2	95
-0.465	-0.464	0	95
-0.464	-0.463	0	95
-0.463	-0.462	0	95
-0.462	-0.461	1	96
-0.461	-0.460	0	96
-0.460	-0.459	0	96
-0.459	-0.458	1	97
-0.458	-0.457	1	98
-0.457	-0.456	0	98
-0.456	-0.455	1	99
-0.455	-0.454	0	99
-0.454	-0.453	1	100
-0.453	-0.452	2	102
-0.452	-0.451	2	104
-0.451	-0.450	0	104
-0.450	-0.449	1	105
-0.449	-0.448	0	105
-0.448	-0.447	1	106
-0.447	-0.446	0	106
-0.446	-0.445	2	108
-0.445	-0.444	0	108
-0.444	-0.443	1	109
-0.443	-0.442	0	109
-0.442	-0.441	0	109
-0.441	-0.440	1	110
-0.440	-0.439	1	111
-0.439	-0.438	0	111
-0.438	-0.437	0	111
-0.437	-0.436	0	111
-0.436	-0.435	2	113
-0.435	-0.434	2	115
-0.434	-0.433	1	116
-0.433	-0.432	0	116
-0.432	-0.431	2	118
-0.431	-0.430	1	119
-0.430	-0.429	0	119
-0.429	-0.428	2	121
-0.428	-0.427	1	122
-0.427	-0.426	2	124
-0.426	-0.425	0	124
-0.425	-0.424	0	124
-0.424	-0.423	1	125
-0.423	-0.422	0	125
-0.422	-0.421	0	125
-0.421	-0.420	1	126
-0.420	-0.419	0	126
-0.419	-0.418	0	126
-0.418	-0.417	1	127
-0.417	-0.416	0	127
-0.416	-0.415	3	130
-0.415	-0.414	0	130
-0.414	-0.413	1	131
-0.413	-0.412	1	132
-0.412	-0.411	1	133
-0.411	-0.410	0	133
-0.410	-0.409	1	134
-0.409	-0.408	1	135
-0.408	-0.407	1	136
-0.407	-0.406	2	138
-0.406	-0.405	3	141
-0.405	-0.404	1	142
-0.404	-0.403	0	142
-0.403	-0.402	1	143
-0.402	-0.401	0	143
-0.401	-0.400	0	143
-0.400	-0.399	1	144
-0.399	-0.398	0	144
-0.398	-0.397	2	146
-0.397	-0.396	4	150
-0.396	-0.395	2	152
-0.395	-0.394	1	153
-0.394	-0.393	0	153
-0.393	-0.392	2	155
-0.392	-0.391	1	156
-0.391	-0.390	0	156
-0.390	-0.389	0	156
-0.389	-0.388	1	157
-0.388	-0.387	0	157
-0.387	-0.386	0	157
-0.386	-0.385	0	157
-0.385	-0.384	1	158
-0.384	-0.383	4	162
-0.383	-0.382	4	166
-0.382	-0.381	2	168
-0.381	-0.380	1	169
-0.380	-0.379	1	170
-0.379	-0.378	1	171
-0.378	-0.377	1	172
-0.377	-0.376	0	172
-0.376	-0.375	0	172
-0.375	-0.374	1	173
-0.374	-0.373	2	175
-0.373	-0.372	2	177
-0.372	-0.371	1	178
-0.371	-0.370	1	179
-0.370	-0.369	2	181
-0.369	-0.368	0	181
-0.368	-0.367	2	183
-0.367	-0.366	2	185
-0.366	-0.365	3	188
-0.365	-0.364	0	188
-0.364	-0.363	0	188
-0.363	-0.362	4	192
-0.362	-0.361	0	192
-0.361	-0.360	1	193
-0.360	-0.359	1	194
-0.359	-0.358	4	198
-0.358	-0.357	1	199
-0.357	-0.356	1	200
-0.356	-0.355	3	203
-0.355	-0.354	3	206
-0.354	-0.353	0	206
-0.353	-0.352	1	207
-0.352	-0.351	0	207
-0.351	-0.350	3	210
-0.350	-0.349	0	210
-0.349	-0.348	2	212
-0.348	-0.347	3	215
-0.347	-0.346	1	216
-0.346	-0.345	0	216
-0.345	-0.344	1	217
-0.344	-0.343	3	220
-0.343	-0.342	0	220
-0.342	-0.341	1	221
-0.341	-0.340	1	222
-0.340	-0.339	1	223
-0.339	-0.338	2	225
-0.338	-0.337	0	225
-0.337	-0.336	2	227
-0.336	-0.335	1	228
-0.335	-0.334	0	228
-0.334	-0.333	0	228
-0.333	-0.332	4	232
-0.332	-0.331	2	234
-0.331	-0.330	2	236
-0.330	-0.329	0	236
-0.329	-0.328	2	238
-0.328	-0.327	1	239
-0.327	-0.326	3	242
-0.326	-0.325	0	242
-0.325	-0.324	0	242
-0.324	-0.323	2	244
-0.323	-0.322	1	245
-0.322	-0.321	2	247
-0.321	-0.320	2	249
-0.320	-0.319	1	250
-0.319	-0.318	0	250
-0.318	-0.317	1	251
-0.317	-0.316	2	253
-0.316	-0.315	3	256
-0.315	-0.314	0	256
-0.314	-0.313	3	259
-0.313	-0.312	2	261
-0.312	-0.311	4	265
-0.311	-0.310	1	266
-0.310	-0.309	4	270
-0.309	-0.308	1	271
-0.308	-0.307	1	272
-0.307	-0.306	0	272
-0.306	-0.305	1	273
-0.305	-0.304	1	274
-0.304	-0.303	2	276
-0.303	-0.302	4	280
-0.302	-0.301	2	282
-0.301	-0.300	2	284
-0.300	-0.299	1	285
-0.299	-0.298	2	287
-0.298	-0.297	1	288
-0.297	-0.296	2	290
-0.296	-0.295	2	292
-0.295	-0.294	1	293
-0.294	-0.293	0	293
-0.293	-0.292	2	295
-0.292	-0.291	0	295
-0.291	-0.290	2	297
-0.290	-0.289	2	299
-0.289	-0.288	0	299
-0.288	-0.287	2	301
-0.287	-0.286	2	303
-0.286	-0.285	0	303
-0.285	-0.284	0	303
-0.284	-0.283	2	305
-0.283	-0.282	2	307
-0.282	-0.281	1	308
-0.281	-0.280	2	310
-0.280	-0.279	9	319
-0.279	-0.278	3	322
-0.278	-0.277	0	322
-0.277	-0.276	0	322
-0.276	-0.275	3	325
-0.275	-0.274	0	325
-0.274	-0.273	1	326
-0.273	-0.272	1	327
-0.272	-0.271	2	329
-0.271	-0.270	0	329
-0.270	-0.269	1	330
-0.269	-0.268	1	331
-0.268	-0.267	2	333
-0.267	-0.266	3	336
-0.266	-0.265	2	338
-0.265	-0.264	0	338
-0.264	-0.263	0	338
-0.263	-0.262	4	342
-0.262	-0.261	2	344
-0.261	-0.260	1	345
-0.260	-0.259	4	349
-0.259	-0.258	1	350
-0.258	-0.257	1	351
-0.257	-0.256	0	351
-0.256	-0.255	1	352
-0.255	-0.254	2	354
-0.254	-0.253	1	355
-0.253	-0.252	3	358
-0.252	-0.251	0	358
-0.251	-0.250	1	359
-0.250	-0.249	6	365
-0.249	-0.248	1	366
-0.248	-0.247	3	369
-0.247	-0.246	3	372
-0.246	-0.245	2	374
-0.245	-0.244	5	379
-0.244	-0.243	3	382
-0.243	-0.242	4	386
-0.242	-0.241	0	386
-0.241	-0.240	1	387
-0.240	-0.239	2	389
-0.239	-0.238	0	389
-0.238	-0.237	2	391
-0.237	-0.236	1	392
-0.236	-0.235	4	396
-0.235	-0.234	3	399
-0.234	-0.233	3	402
-0.233	-0.232	4	406
-0.232	-0.231	1	407
-0.231	-0.230	3	410
-0.230	-0.229	1	411
-0.229	-0.228	1	412
-0.228	-0.227	3	415
-0.227	-0.226	0	415
-0.226	-0.225	2	417
-0.225	-0.224	2	419
-0.224	-0.223	2	421
-0.223	-0.222	3	424
-0.222	-0.221	3	427
-0.221	-0.220	0	427
-0.220	-0.219	7	434
-0.219	-0.218	4	438
-0.218	-0.217	3	441
-0.217	-0.216	3	444
-0.216	-0.215	1	445
-0.215	-0.214	4	449
-0.214	-0.213	1	450
-0.213	-0.212	4	454
-0.212	-0.211	1	455
-0.211	-0.210	0	455
-0.210	-0.209	6	461
-0.209	-0.208	1	462
-0.208	-0.207	1	463
-0.207	-0.206	2	465
-0.206	-0.205	3	468
-0.205	-0.204	3	471
-0.204	-0.203	0	471
-0.203	-0.202	8	479
-0.202	-0.201	1	480
-0.201	-0.200	4	484
-0.200	-0.199	1	485
-0.199	-0.198	2	487
-0.198	-0.197	3	490
-0.197	-0.196	1	491
-0.196	-0.195	4	495
-0.195	-0.194	2	497
-0.194	-0.193	2	499
-0.193	-0.192	0	499
-0.192	-0.191	3	502
-0.191	-0.190	2	504
-0.190	-0.189	6	510
-0.189	-0.188	0	510
-0.188	-0.187	5	515
-0.187	-0.186	2	517
-0.186	-0.185	5	522
-0.185	-0.184	2	524
-0.184	-0.183	4	528
-0.183	-0.182	1	529
-0.182	-0.181	2	531
-0.181	-0.180	4	535
-0.180	-0.179	2	537
-0.179	-0.178	1	538
-0.178	-0.177	2	540
-0.177	-0.176	1	541
-0.176	-0.175	3	544
-0.175	-0.174	2	546
-0.174	-0.173	2	548
-0.173	-0.172	2	550
-0.172	-0.171	1	551
-0.171	-0.170	1	552
-0.170	-0.169	6	558
-0.169	-0.168	4	562
-0.168	-0.167	2	564
-0.167	-0.166	2	566
-0.166	-0.165	6	572
-0.165	-0.164	2	574
-0.164	-0.163	2	576
-0.163	-0.162	1	577
-0.162	-0.161	1	578
-0.161	-0.160	3	581
-0.160	-0.159	1	582
-0.159	-0.158	1	583
-0.158	-0.157	4	587
-0.157	-0.156	2	589
-0.156	-0.155	6	595
-0.155	-0.154	1	596
-0.154	-0.153	1	597
-0.153	-0.152	5	602
-0.152	-0.151	2	604
-0.151	-0.150	2	606
-0.150	-0.149	5	611
-0.149	-0.148	2	613
-0.148	-0.147	2	615
-0.147	-0.146	1	616
-0.146	-0.145	3	619
-0.145	-0.144	2	621
-0.144	-0.143	1	622
-0.143	-0.142	3	625
-0.142	-0.141	3	628
-0.141	-0.140	5	633
-0.140	-0.139	6	639
-0.139	-0.138	2	641
-0.138	-0.137	1	642
-0.137	-0.136	4	646
-0.136	-0.135	3	649
-0.135	-0.134	2	651
-0.134	-0.133	0	651
-0.133	-0.132	2	653
-0.132	-0.131	2	655
-0.131	-0.130	3	658
-0.130	-0.129	4	662
-0.129	-0.128	1	663
-0.128	-0.127	3	666
-0.127	-0.126	1	667
-0.126	-0.125	9	676
-0.125	-0.124	5	681
-0.124	-0.123	1	682
-0.123	-0.122	9	691
-0.122	-0.121	4	695
-0.121	-0.120	4	699
-0.120	-0.119	5	704
-0.119	-0.118	2	706
-0.118	-0.117	6	712
-0.117	-0.116	3	715
-0.116	-0.115	10	725
-0.115	-0.114	0	725
-0.114	-0.113	1	726
-0.113	-0.112	4	730
-0.112	-0.111	0	730
-0.111	-0.110	2	732
-0.110	-0.109	5	737
-0.109	-0.108	3	740
-0.108	-0.107	5	745
-0.107	-0.106	2	747
-0.106	-0.105	10	757
-0.105	-0.104	0	757
-0.104	-0.103	2	759
-0.103	-0.102	4	763
-0.102	-0.101	3	766
-0.101	-0.100	1	767
-0.100	-0.099	3	770
-0.099	-0.098	1	771
-0.098	-0.097	2	773
-0.097	-0.096	4	777
-0.096	-0.095	3	780
-0.095	-0.094	4	784
-0.094	-0.093	3	787
-0.093	-0.092	1	788
-0.092	-0.091	2	790
-0.091	-0.090	2	792
-0.090	-0.089	4	796
-0.089	-0.088	1	797
-0.088	-0.087	3	800
-0.087	-0.086	2	802
-0.086	-0.085	3	805
-0.085	-0.084	3	808
-0.084	-0.083	5	813
-0.083	-0.082	0	813
-0.082	-0.081	1	814
-0.081	-0.080	6	820
-0.080	-0.079	3	823
-0.079	-0.078	3	826
-0.078	-0.077	2	828
-0.077	-0.076	2	830
-0.076	-0.075	6	836
-0.075	-0.074	4	840
-0.074	-0.073	3	843
-0.073	-0.072	7	850
-0.072	-0.071	5	855
-0.071	-0.070	3	858
-0.070	-0.069	0	858
-0.069	-0.068	2	860
-0.068	-0.067	4	864
-0.067	-0.066	2	866
-0.066	-0.065	5	871
-0.065	-0.064	6	877
-0.064	-0.063	3	880
-0.063	-0.062	4	884
-0.062	-0.061	1	885
-0.061	-0.060	3	888
-0.060	-0.059	4	892
-0.059	-0.058	2	894
-0.058	-0.057	4	898
-0.057	-0.056	2	900
-0.056	-0.055	6	906
-0.055	-0.054	1	907
-0.054	-0.053	1	908
-0.053	-0.052	6	914
-0.052	-0.051	3	917
-0.051	-0.050	2	919
-0.050	-0.049	2	921
-0.049	-0.048	4	925
-0.048	-0.047	1	926
-0.047	-0.046	1	927
-0.046	-0.045	4	931
-0.045	-0.044	2	933
-0.044	-0.043	1	934
-0.043	-0.042	5	939
-0.042	-0.041	5	944
-0.041	-0.040	2	946
-0.040	-0.039	3	949
-0.039	-0.038	3	952
-0.038	-0.037	5	957
-0.037	-0.036	1	958
-0.036	-0.035	4	962
-0.035	-0.034	1	963
-0.034	-0.033	4	967
-0.033	-0.032	6	973
-0.032	-0.031	1	974
-0.031	-0.030	1	975
-0.030	-0.029	5	980
-0.029	-0.028	4	984
-0.028	-0.027	1	985
-0.027	-0.026	4	989
-0.026	-0.025	5	994
-0.025	-0.024	0	994
-0.024	-0.023	3	997
-0.023	-0.022	6	1003
-0.022	-0.021	0	1003
-0.021	-0.020	5	1008
-0.020	-0.019	5	1013
-0.019	-0.018	1	1014
-0.018	-0.017	3	1017
-0.017	-0.016	0	1017
-0.016	-0.015	2	1019
-0.015	-0.014	4	1023
-0.014	-0.013	0	1023
-0.013	-0.012	4	1027
-0.012	-0.011	4	1031
-0.011	-0.010	2	1033
-0.010	-0.009	6	1039
-0.009	-0.008	4	1043
-0.008	-0.007	5	1048
-0.007	-0.006	3	1051
-0.006	-0.005	2	1053
-0.005	-0.004	2	1055
-0.004	-0.003	1	1056
-0.003	-0.002	5	1061
-0.002	-0.001	3	1064
-0.001	-0.000	4	1068
0.000	0.001	8	1076
0.001	0.002	4	1080
0.002	0.003	0	1080
0.003	0.004	11	1091
0.004	0.005	2	1093
0.005	0.006	5	1098
0.006	0.007	8	1106
0.007	0.008	1	1107
0.008	0.009	5	1112
0.009	0.010	2	1114
0.010	0.011	9	1123
0.011	0.012	5	1128
0.012	0.013	6	1134
0.013	0.014	6	1140
0.014	0.015	5	1145
0.015	0.016	1	1146
0.016	0.017	5	1151
0.017	0.018	4	1155
0.018	0.019	1	1156
0.019	0.020	4	1160
0.020	0.021	3	1163
0.021	0.022	4	1167
0.022	0.023	8	1175
0.023	0.024	6	1181
0.024	0.025	5	1186
0.025	0.026	5	1191
0.026	0.027	6	1197
0.027	0.028	3	1200
0.028	0.029	1	1201
0.029	0.030	2	1203
0.030	0.031	5	1208
0.031	0.032	5	1213
0.032	0.033	5	1218
0.033	0.034	7	1225
0.034	0.035	2	1227
0.035	0.036	4	1231
0.036	0.037	7	1238
0.037	0.038	1	1239
0.038	0.039	1	1240
0.039	0.040	1	1241
0.040	0.041	9	1250
0.041	0.042	2	1252
0.042	0.043	1	1253
0.043	0.044	7	1260
0.044	0.045	2	1262
0.045	0.046	3	1265
0.046	0.047	10	1275
0.047	0.048	5	1280
0.048	0.049	4	1284
0.049	0.050	3	1287
0.050	0.051	8	1295
0.051	0.052	2	1297
0.052	0.053	1	1298
0.053	0.054	10	1308
0.054	0.055	5	1313
0.055	0.056	4	1317
0.056	0.057	4	1321
0.057	0.058	2	1323
0.058	0.059	5	1328
0.059	0.060	4	1332
0.060	0.061	6	1338
0.061	0.062	5	1343
0.062	0.063	4	1347
0.063	0.064	6	1353
0.064	0.065	3	1356
0.065	0.066	7	1363
0.066	0.067	6	1369
0.067	0.068	6	1375
0.068	0.069	5	1380
0.069	0.070	2	1382
0.070	0.071	11	1393
0.071	0.072	4	1397
0.072	0.073	2	1399
0.073	0.074	4	1403
0.074	0.075	6	1409
0.075	0.076	2	1411
0.076	0.077	4	1415
0.077	0.078	3	1418
0.078	0.079	9	1427
0.079	0.080	3	1430
0.080	0.081	9	1439
0.081	0.082	2	1441
0.082	0.083	6	1447
0.083	0.084	10	1457
0.084	0.085	3	1460
0.085	0.086	5	1465
0.086	0.087	10	1475
0.087	0.088	6	1481
0.088	0.089	5	1486
0.089	0.090	6	1492
0.090	0.091	5	1497
0.091	0.092	12	1509
0.092	0.093	7	1516
0.093	0.094	5	1521
0.094	0.095	4	1525
0.095	0.096	10	1535
0.096	0.097	2	1537
0.097	0.098	5	1542
0.098	0.099	6	1548
0.099	0.100	3	1551
0.100	0.101	4	1555
0.101	0.102	6	1561
0.102	0.103	7	1568
0.103	0.104	6	1574
0.104	0.105	7	1581
0.105	0.106	3	1584
0.106	0.107	7	1591
0.107	0.108	2	1593
0.108	0.109	2	1595
0.109	0.110	4	1599
0.110	0.111	7	1606
0.111	0.112	6	1612
0.112	0.113	1	1613
0.113	0.114	9	1622
0.114	0.115	3	1625
0.115	0.116	4	1629
0.116	0.117	6	1635
0.117	0.118	3	1638
0.118	0.119	5	1643
0.119	0.120	3	1646
0.120	0.121	6	1652
0.121	0.122	1	1653
0.122	0.123	2	1655
0.123	0.124	10	1665
0.124	0.125	5	1670
0.125	0.126	6	1676
0.126	0.127	6	1682
0.127	0.128	3	1685
0.128	0.129	3	1688
0.129	0.130	4	1692
0.130	0.131	5	1697
0.131	0.132	4	1701
0.132	0.133	5	1706
0.133	0.134	3	1709
0.134	0.135	3	1712
0.135	0.136	3	1715
0.136	0.137	6	1721
0.137	0.138	2	1723
0.138	0.139	5	1728
0.139	0.140	2	1730
0.140	0.141	4	1734
0.141	0.142	7	1741
0.142	0.143	5	1746
0.143	0.144	9	1755
0.144	0.145	3	1758
0.145	0.146	6	1764
0.146	0.147	6	1770
0.147	0.148	4	1774
0.148	0.149	4	1778
0.149	0.150	3	1781
0.150	0.151	6	1787
0.151	0.152	7	1794
0.152	0.153	4	1798
0.153	0.154	8	1806
0.154	0.155	4	1810
0.155	0.156	7	1817
0.156	0.157	0	1817
0.157	0.158	3	1820
0.158	0.159	5	1825
0.159	0.160	5	1830
0.160	0.161	2	1832
0.161	0.162	5	1837
0.162	0.163	6	1843
0.163	0.164	3	1846
0.164	0.165	3	1849
0.165	0.166	5	1854
0.166	0.167	10	1864
0.167	0.168	5	1869
0.168	0.169	3	1872
0.169	0.170	4	1876
0.170	0.171	10	1886
0.171	0.172	5	1891
0.172	0.173	2	1893
0.173	0.174	12	1905
0.174	0.175	2	1907
0.175	0.176	2	1909
0.176	0.177	5	1914
0.177	0.178	4	1918
0.178	0.179	5	1923
0.179	0.180	7	1930
0.180	0.181	9	1939
0.181	0.182	6	1945
0.182	0.183	3	1948
0.183	0.184	8	1956
0.184	0.185	2	1958
0.185	0.186	6	1964
0.186	0.187	6	1970
0.187	0.188	2	1972
0.188	0.189	4	1976
0.189	0.190	2	1978
0.190	0.191	8	1986
0.191	0.192	7	1993
0.192	0.193	3	1996
0.193	0.194	7	2003
0.194	0.195	3	2006
0.195	0.196	4	2010
0.196	0.197	7	2017
0.197	0.198	5	2022
0.198	0.199	3	2025
0.199	0.200	8	2033
0.200	0.201	7	2040
0.201	0.202	3	2043
0.202	0.203	10	2053
0.203	0.204	5	2058
0.204	0.205	5	2063
0.205	0.206	4	2067
0.206	0.207	8	2075
0.207	0.208	3	2078
0.208	0.209	2	2080
0.209	0.210	10	2090
0.210	0.211	6	2096
0.211	0.212	5	2101
0.212	0.213	8	2109
0.213	0.214	6	2115
0.214	0.215	6	2121
0.215	0.216	3	2124
0.216	0.217	8	2132
0.217	0.218	3	2135
0.218	0.219	7	2142
0.219	0.220	5	2147
0.220	0.221	7	2154
0.221	0.222	2	2156
0.222	0.223	3	2159
0.223	0.224	8	2167
0.224	0.225	3	2170
0.225	0.226	5	2175
0.226	0.227	8	2183
0.227	0.228	4	2187
0.228	0.229	10	2197
0.229	0.230	5	2202
0.230	0.231	9	2211
0.231	0.232	5	2216
0.232	0.233	8	2224
0.233	0.234	3	2227
0.234	0.235	7	2234
0.235	0.236	4	2238
0.236	0.237	5	2243
0.237	0.238	6	2249
0.238	0.239	2	2251
0.239	0.240	8	2259
0.240	0.241	4	2263
0.241	0.242	4	2267
0.242	0.243	6	2273
0.243	0.244	5	2278
0.244	0.245	2	2280
0.245	0.246	3	2283
0.246	0.247	9	2292
0.247	0.248	4	2296
0.248	0.249	6	2302
0.249	0.250	6	2308
0.250	0.251	10	2318
0.251	0.252	6	2324
0.252	0.253	9	2333
0.253	0.254	9	2342
0.254	0.255	6	2348
0.255	0.256	5	2353
0.256	0.257	11	2364
0.257	0.258	4	2368
0.258	0.259	7	2375
0.259	0.260	4	2379
0.260	0.261	7	2386
0.261	0.262	4	2390
0.262	0.263	4	2394
0.263	0.264	6	2400
0.264	0.265	3	2403
0.265	0.266	8	2411
0.266	0.267	5	2416
0.267	0.268	5	2421
0.268	0.269	4	2425
0.269	0.270	2	2427
0.270	0.271	13	2440
0.271	0.272	4	2444
0.272	0.273	4	2448
0.273	0.274	4	2452
0.274	0.275	3	2455
0.275	0.276	4	2459
0.276	0.277	7	2466
0.277	0.278	5	2471
0.278	0.279	3	2474
0.279	0.280	5	2479
0.280	0.281	6	2485
0.281	0.282	6	2491
0.282	0.283	3	2494
0.283	0.284	11	2505
0.284	0.285	4	2509
0.285	0.286	4	2513
0.286	0.287	11	2524
0.287	0.288	2	2526
0.288	0.289	3	2529
0.289	0.290	6	2535
0.290	0.291	9	2544
0.291	0.292	6	2550
0.292	0.293	6	2556
0.293	0.294	5	2561
0.294	0.295	4	2565
0.295	0.296	3	2568
0.296	0.297	3	2571
0.297	0.298	2	2573
0.298	0.299	1	2574
0.299	0.300	6	2580
0.300	0.301	7	2587
0.301	0.302	9	2596
0.302	0.303	8	2604
0.303	0.304	3	2607
0.304	0.305	1	2608
0.305	0.306	6	2614
0.306	0.307	7	2621
0.307	0.308	1	2622
0.308	0.309	3	2625
0.309	0.310	2	2627
0.310	0.311	8	2635
0.311	0.312	1	2636
0.312	0.313	8	2644
0.313	0.314	12	2656
0.314	0.315	2	2658
0.315	0.316	4	2662
0.316	0.317	10	2672
0.317	0.318	3	2675
0.318	0.319	4	2679
0.319	0.320	1	2680
0.320	0.321	8	2688
0.321	0.322	5	2693
0.322	0.323	9	2702
0.323	0.324	12	2714
0.324	0.325	2	2716
0.325	0.326	8	2724
0.326	0.327	7	2731
0.327	0.328	3	2734
0.328	0.329	5	2739
0.329	0.330	3	2742
0.330	0.331	11	2753
0.331	0.332	5	2758
0.332	0.333	5	2763
0.333	0.334	8	2771
0.334	0.335	3	2774
0.335	0.336	7	2781
0.336	0.337	9	2790
0.337	0.338	5	2795
0.338	0.339	7	2802
0.339	0.340	5	2807
0.340	0.341	8	2815
0.341	0.342	8	2823
0.342	0.343	6	2829
0.343	0.344	12	2841
0.344	0.345	5	2846
0.345	0.346	6	2852
0.346	0.347	4	2856
0.347	0.348	3	2859
0.348	0.349	6	2865
0.349	0.350	2	2867
0.350	0.351	8	2875
0.351	0.352	2	2877
0.352	0.353	3	2880
0.353	0.354	15	2895
0.354	0.355	3	2898
0.355	0.356	5	2903
0.356	0.357	7	2910
0.357	0.358	0	2910
0.358	0.359	0	2910
0.359	0.360	3	2913
0.360	0.361	8	2921
0.361	0.362	8	2929
0.362	0.363	5	2934
0.363	0.364	6	2940
0.364	0.365	4	2944
0.365	0.366	7	2951
0.366	0.367	8	2959
0.367	0.368	6	2965
0.368	0.369	6	2971
0.369	0.370	4	2975
0.370	0.371	9	2984
0.371	0.372	4	2988
0.372	0.373	9	2997
0.373	0.374	5	3002
0.374	0.375	3	3005
0.375	0.376	5	3010
0.376	0.377	13	3023
0.377	0.378	10	3033
0.378	0.379	1	3034
0.379	0.380	2	3036
0.380	0.381	11	3047
0.381	0.382	4	3051
0.382	0.383	4	3055
0.383	0.384	6	3061
0.384	0.385	5	3066
0.385	0.386	3	3069
0.386	0.387	8	3077
0.387	0.388	2	3079
0.388	0.389	10	3089
0.389	0.390	5	3094
0.390	0.391	6	3100
0.391	0.392	8	3108
0.392	0.393	3	3111
0.393	0.394	4	3115
0.394	0.395	6	3121
0.395	0.396	9	3130
0.396	0.397	5	3135
0.397	0.398	6	3141
0.398	0.399	7	3148
0.399	0.400	1	3149
0.400	0.401	11	3160
0.401	0.402	5	3165
0.402	0.403	9	3174
0.403	0.404	5	3179
0.404	0.405	6	3185
0.405	0.406	8	3193
0.406	0.407	12	3205
0.407	0.408	12	3217
0.408	0.409	7	3224
0.409	0.410	4	3228
0.410	0.411	4	3232
0.411	0.412	4	3236
0.412	0.413	4	3240
0.413	0.414	9	3249
0.414	0.415	2	3251
0.415	0.416	1	3252
0.416	0.417	13	3265
0.417	0.418	5	3270
0.418	0.419	10	3280
0.419	0.420	6	3286
0.420	0.421	8	3294
0.421	0.422	7	3301
0.422	0.423	7	3308
0.423	0.424	5	3313
0.424	0.425	2	3315
0.425	0.426	6	3321
0.426	0.427	9	3330
0.427	0.428	10	3340
0.428	0.429	3	3343
0.429	0.430	2	3345
0.430	0.431	9	3354
0.431	0.432	5	3359
0.432	0.433	3	3362
0.433	0.434	5	3367
0.434	0.435	6	3373
0.435	0.436	7	3380
0.436	0.437	6	3386
0.437	0.438	4	3390
0.438	0.439	5	3395
0.439	0.440	1	3396
0.440	0.441	7	3403
0.441	0.442	6	3409
0.442	0.443	6	3415
0.443	0.444	7	3422
0.444	0.445	2	3424
0.445	0.446	3	3427
0.446	0.447	6	3433
0.447	0.448	6	3439
0.448	0.449	3	3442
0.449	0.450	4	3446
0.450	0.451	6	3452
0.451	0.452	0	3452
0.452	0.453	5	3457
0.453	0.454	9	3466
0.454	0.455	5	3471
0.455	0.456	5	3476
0.456	0.457	7	3483
0.457	0.458	2	3485
0.458	0.459	5	3490
0.459	0.460	3	3493
0.460	0.461	7	3500
0.461	0.462	8	3508
0.462	0.463	7	3515
0.463	0.464	10	3525
0.464	0.465	6	3531
0.465	0.466	4	3535
0.466	0.467	10	3545
0.467	0.468	4	3549
0.468	0.469	2	3551
0.469	0.470	3	3554
0.470	0.471	3	3557
0.471	0.472	6	3563
0.472	0.473	7	3570
0.473	0.474	5	3575
0.474	0.475	7	3582
0.475	0.476	4	3586
0.476	0.477	8	3594
0.477	0.478	7	3601
0.478	0.479	4	3605
0.479	0.480	3	3608
0.480	0.481	6	3614
0.481	0.482	3	3617
0.482	0.483	4	3621
0.483	0.484	6	3627
0.484	0.485	5	3632
0.485	0.486	4	3636
0.486	0.487	5	3641
0.487	0.488	3	3644
0.488	0.489	3	3647
0.489	0.490	3	3650
0.490	0.491	11	3661
0.491	0.492	6	3667
0.492	0.493	8	3675
0.493	0.494	12	3687
0.494	0.495	4	3691
0.495	0.496	2	3693
0.496	0.497	5	3698
0.497	0.498	2	3700
0.498	0.499	8	3708
0.499	0.500	2	3710
0.500	0.501	11	3721
0.501	0.502	4	3725
0.502	0.503	2	3727
0.503	0.504	5	3732
0.504	0.505	3	3735
0.505	0.506	5	3740
0.506	0.507	5	3745
0.507	0.508	2	3747
0.508	0.509	5	3752
0.509	0.510	1	3753
0.510	0.511	5	3758
0.511	0.512	8	3766
0.512	0.513	4	3770
0.513	0.514	7	3777
0.514	0.515	4	3781
0.515	0.516	6	3787
0.516	0.517	5	3792
0.517	0.518	4	3796
0.518	0.519	3	3799
0.519	0.520	4	3803
0.520	0.521	6	3809
0.521	0.522	3	3812
0.522	0.523	6	3818
0.523	0.524	8	3826
0.524	0.525	5	3831
0.525	0.526	1	3832
0.526	0.527	8	3840
0.527	0.528	3	3843
0.528	0.529	8	3851
0.529	0.530	1	3852
0.530	0.531	7	3859
0.531	0.532	4	3863
0.532	0.533	12	3875
0.533	0.534	3	3878
0.534	0.535	8	3886
0.535	0.536	2	3888
0.536	0.537	7	3895
0.537	0.538	4	3899
0.538	0.539	2	3901
0.539	0.540	6	3907
0.540	0.541	5	3912
0.541	0.542	5	3917
0.542	0.543	5	3922
0.543	0.544	10	3932
0.544	0.545	5	3937
0.545	0.546	3	3940
0.546	0.547	8	3948
0.547	0.548	3	3951
0.548	0.549	4	3955
0.549	0.550	1	3956
0.550	0.551	5	3961
0.551	0.552	5	3966
0.552	0.553	7	3973
0.553	0.554	4	3977
0.554	0.555	8	3985
0.555	0.556	3	3988
0.556	0.557	7	3995
0.557	0.558	7	4002
0.558	0.559	3	4005
0.559	0.560	5	4010
0.560	0.561	10	4020
0.561	0.562	0	4020
0.562	0.563	2	4022
0.563	0.564	6	4028
0.564	0.565	2	4030
0.565	0.566	4	4034
0.566	0.567	6	4040
0.567	0.568	4	4044
0.568	0.569	2	4046
0.569	0.570	5	4051
0.570	0.571	9	4060
0.571	0.572	3	4063
0.572	0.573	3	4066
0.573	0.574	6	4072
0.574	0.575	3	4075
0.575	0.576	4	4079
0.576	0.577	6	4085
0.577	0.578	1	4086
0.578	0.579	3	4089
0.579	0.580	3	4092
0.580	0.581	6	4098
0.581	0.582	0	4098
0.582	0.583	1	4099
0.583	0.584	7	4106
0.584	0.585	9	4115
0.585	0.586	5	4120
0.586	0.587	8	4128
0.587	0.588	6	4134
0.588	0.589	1	4135
0.589	0.590	3	4138
0.590	0.591	7	4145
0.591	0.592	3	4148
0.592	0.593	5	4153
0.593	0.594	4	4157
0.594	0.595	2	4159
0.595	0.596	4	4163
0.596	0.597	7	4170
0.597	0.598	7	4177
0.598	0.599	5	4182
0.599	0.600	5	4187
0.600	0.601	6	4193
0.601	0.602	2	4195
0.602	0.603	5	4200
0.603	0.604	10	4210
0.604	0.605	2	4212
0.605	0.606	5	4217
0.606	0.607	6	4223
0.607	0.608	4	4227
0.608	0.609	3	4230
0.609	0.610	5	4235
0.610	0.611	7	4242
0.611	0.612	0	4242
0.612	0.613	0	4242
0.613	0.614	5	4247
0.614	0.615	6	4253
0.615	0.616	6	4259
0.616	0.617	4	4263
0.617	0.618	1	4264
0.618	0.619	3	4267
0.619	0.620	3	4270
0.620	0.621	7	4277
0.621	0.622	2	4279
0.622	0.623	1	4280
0.623	0.624	8	4288
0.624	0.625	5	4293
0.625	0.626	5	4298
0.626	0.627	8	4306
0.627	0.628	4	4310
0.628	0.629	2	4312
0.629	0.630	10	4322
0.630	0.631	5	4327
0.631	0.632	1	4328
0.632	0.633	4	4332
0.633	0.634	10	4342
0.634	0.635	5	4347
0.635	0.636	7	4354
0.636	0.637	6	4360
0.637	0.638	4	4364
0.638	0.639	4	4368
0.639	0.640	3	4371
0.640	0.641	4	4375
0.641	0.642	2	4377
0.642	0.643	4	4381
0.643	0.644	9	4390
0.644	0.645	5	4395
0.645	0.646	5	4400
0.646	0.647	7	4407
0.647	0.648	3	4410
0.648	0.649	2	4412
0.649	0.650	0	4412
0.650	0.651	4	4416
0.651	0.652	2	4418
0.652	0.653	6	4424
0.653	0.654	4	4428
0.654	0.655	3	4431
0.655	0.656	3	4434
0.656	0.657	2	4436
0.657	0.658	8	4444
0.658	0.659	2	4446
0.659	0.660	2	4448
0.660	0.661	5	4453
0.661	0.662	6	4459
0.662	0.663	5	4464
0.663	0.664	5	4469
0.664	0.665	4	4473
0.665	0.666	5	4478
0.666	0.667	3	4481
0.667	0.668	3	4484
0.668	0.669	1	4485
0.669	0.670	3	4488
0.670	0.671	8	4496
0.671	0.672	4	4500
0.672	0.673	4	4504
0.673	0.674	1	4505
0.674	0.675	2	4507
0.675	0.676	4	4511
0.676	0.677	5	4516
0.677	0.678	2	4518
0.678	0.679	7	4525
0.679	0.680	7	4532
0.680	0.681	4	4536
0.681	0.682	1	4537
0.682	0.683	3	4540
0.683	0.684	6	4546
0.684	0.685	4	4550
0.685	0.686	4	4554
0.686	0.687	6	4560
0.687	0.688	2	4562
0.688	0.689	1	4563
0.689	0.690	1	4564
0.690	0.691	5	4569
0.691	0.692	2	4571
0.692	0.693	2	4573
0.693	0.694	4	4577
0.694	0.695	1	4578
0.695	0.696	3	4581
0.696	0.697	8	4589
0.697	0.698	2	4591
0.698	0.699	2	4593
0.699	0.700	3	4596
0.700	0.701	3	4599
0.701	0.702	4	4603
0.702	0.703	1	4604
0.703	0.704	5	4609
0.704	0.705	3	4612
0.705	0.706	1	4613
0.706	0.707	4	4617
0.707	0.708	2	4619
0.708	0.709	1	4620
0.709	0.710	5	4625
0.710	0.711	1	4626
0.711	0.712	2	4628
0.712	0.713	1	4629
0.713	0.714	3	4632
0.714	0.715	1	4633
0.715	0.716	2	4635
0.716	0.717	9	4644
0.717	0.718	3	4647
0.718	0.719	2	4649
0.719	0.720	2	4651
0.720	0.721	3	4654
0.721	0.722	3	4657
0.722	0.723	4	4661
0.723	0.724	4	4665
0.724	0.725	0	4665
0.725	0.726	2	4667
0.726	0.727	3	4670
0.727	0.728	4	4674
0.728	0.729	2	4676
0.729	0.730	1	4677
0.730	0.731	2	4679
0.731	0.732	2	4681
0.732	0.733	3	4684
0.733	0.734	1	4685
0.734	0.735	2	4687
0.735	0.736	4	4691
0.736	0.737	3	4694
0.737	0.738	3	4697
0.738	0.739	4	4701
0.739	0.740	0	4701
0.740	0.741	7	4708
0.741	0.742	1	4709
0.742	0.743	2	4711
0.743	0.744	6	4717
0.744	0.745	3	4720
0.745	0.746	3	4723
0.746	0.747	4	4727
0.747	0.748	4	4731
0.748	0.749	2	4733
0.749	0.750	3	4736
0.750	0.751	2	4738
0.751	0.752	1	4739
0.752	0.753	1	4740
0.753	0.754	1	4741
0.754	0.755	0	4741
0.755	0.756	1	4742
0.756	0.757	5	4747
0.757	0.758	2	4749
0.758	0.759	2	4751
0.759	0.760	3	4754
0.760	0.761	2	4756
0.761	0.762	0	4756
0.762	0.763	1	4757
0.763	0.764	3	4760
0.764	0.765	3	4763
0.765	0.766	4	4767
0.766	0.767	5	4772
0.767	0.768	2	4774
0.768	0.769	2	4776
0.769	0.770	3	4779
0.770	0.771	4	4783
0.771	0.772	4	4787
0.772	0.773	1	4788
0.773	0.774	3	4791
0.774	0.775	1	4792
0.775	0.776	3	4795
0.776	0.777	2	4797
0.777	0.778	1	4798
0.778	0.779	0	4798
0.779	0.780	1	4799
0.780	0.781	2	4801
0.781	0.782	3	4804
0.782	0.783	3	4807
0.783	0.784	3	4810
0.784	0.785	3	4813
0.785	0.786	2	4815
0.786	0.787	4	4819
0.787	0.788	5	4824
0.788	0.789	1	4825
0.789	0.790	1	4826
0.790	0.791	4	4830
0.791	0.792	0	4830
0.792	0.793	2	4832
0.793	0.794	3	4835
0.794	0.795	1	4836
0.795	0.796	1	4837
0.796	0.797	1	4838
0.797	0.798	0	4838
0.798	0.799	1	4839
0.799	0.800	2	4841
0.800	0.801	2	4843
0.801	0.802	1	4844
0.802	0.803	1	4845
0.803	0.804	1	4846
0.804	0.805	2	4848
0.805	0.806	1	4849
0.806	0.807	0	4849
0.807	0.808	0	4849
0.808	0.809	1	4850
0.809	0.810	2	4852
0.810	0.811	3	4855
0.811	0.812	2	4857
0.812	0.813	1	4858
0.813	0.814	3	4861
0.814	0.815	3	4864
0.815	0.816	0	4864
0.816	0.817	5	4869
0.817	0.818	0	4869
0.818	0.819	2	4871
0.819	0.820	1	4872
0.820	0.821	4	4876
0.821	0.822	1	4877
0.822	0.823	3	4880
0.823	0.824	2	4882
0.824	0.825	0	4882
0.825	0.826	1	4883
0.826	0.827	1	4884
0.827	0.828	1	4885
0.828	0.829	2	4887
0.829	0.830	4	4891
0.830	0.831	0	4891
0.831	0.832	2	4893
0.832	0.833	1	4894
0.833	0.834	1	4895
0.834	0.835	0	4895
0.835	0.836	1	4896
0.836	0.837	2	4898
0.837	0.838	2	4900
0.838	0.839	3	4903
0.839	0.840	2	4905
0.840	0.841	0	4905
0.841	0.842	2	4907
0.842	0.843	0	4907
0.843	0.844	3	4910
0.844	0.845	1	4911
0.845	0.846	2	4913
0.846	0.847	1	4914
0.847	0.848	2	4916
0.848	0.849	1	4917
0.849	0.850	2	4919
0.850	0.851	1	4920
0.851	0.852	0	4920
0.852	0.853	0	4920
0.853	0.854	3	4923
0.854	0.855	3	4926
0.855	0.856	0	4926
0.856	0.857	2	4928
0.857	0.858	1	4929
0.858	0.859	1	4930
0.859	0.860	0	4930
0.860	0.861	1	4931
0.861	0.862	0	4931
0.862	0.863	0	4931
0.863	0.864	1	4932
0.864	0.865	0	4932
0.865	0.866	0	4932
0.866	0.867	0	4932
0.867	0.868	1	4933
0.868	0.869	1	4934
0.869	0.870	1	4935
0.870	0.871	2	4937
0.871	0.872	0	4937
0.872	0.873	3	4940
0.873	0.874	1	4941
0.874	0.875	0	4941
0.875	0.876	0	4941
0.876	0.877	2	4943
0.877	0.878	0	4943
0.878	0.879	1	4944
0.879	0.880	0	4944
0.880	0.881	1	4945
0.881	0.882	0	4945
0.882	0.883	0	4945
0.883	0.884	0	4945
0.884	0.885	0	4945
0.885	0.886	0	4945
0.886	0.887	0	4945
0.887	0.888	0	4945
0.888	0.889	0	4945
0.889	0.890	1	4946
0.890	0.891	0	4946
0.891	0.892	0	4946
0.892	0.893	0	4946
0.893	0.894	0	4946
0.894	0.895	0	4946
0.895	0.896	0	4946
0.896	0.897	0	4946
0.897	0.898	0	4946
0.898	0.899	0	4946
0.899	0.900	0	4946
0.900	0.901	0	4946
0.901	0.902	0	4946
0.902	0.903	0	4946
0.903	0.904	0	4946
0.904	0.905	0	4946
0.905	0.906	0	4946
0.906	0.907	0	4946
0.907	0.908	0	4946
0.908	0.909	0	4946
0.909	0.910	0	4946
0.910	0.911	0	4946
0.911	0.912	0	4946
0.912	0.913	0	4946
0.913	0.914	1	4947
0.914	0.915	0	4947
0.915	0.916	0	4947
0.916	0.917	0	4947
0.917	0.918	0	4947
0.918	0.919	0	4947
0.919	0.920	0	4947
0.920	0.921	0	4947
0.921	0.922	0	4947
0.922	0.923	0	4947
0.923	0.924	0	4947
0.924	0.925	0	4947
0.925	0.926	0	4947
0.926	0.927	0	4947
0.927	0.928	0	4947
0.928	0.929	0	4947
0.929	0.930	0	4947
0.930	0.931	0	4947
0.931	0.932	0	4947
0.932	0.933	1	4948
0.933	0.934	0	4948
0.934	0.935	0	4948
0.935	0.936	0	4948
0.936	0.937	0	4948
0.937	0.938	1	4949
0.938	0.939	0	4949
0.939	0.940	0	4949
0.940	0.941	0	4949
0.941	0.942	0	4949
0.942	0.943	0	4949
0.943	0.944	0	4949
0.944	0.945	0	4949
0.945	0.946	0	4949
0.946	0.947	0	4949
0.947	0.948	0	4949
0.948	0.949	0	4949
0.949	0.950	0	4949
0.950	0.951	0	4949
0.951	0.952	0	4949
0.952	0.953	0	4949
0.953	0.954	0	4949
0.954	0.955	0	4949
0.955	0.956	0	4949
0.956	0.957	0	4949
0.957	0.958	0	4949
0.958	0.959	0	4949
0.959	0.960	0	4949
0.960	0.961	0	4949
0.961	0.962	0	4949
0.962	0.963	0	4949
0.963	0.964	0	4949
0.964	0.965	0	4949
0.965	0.966	0	4949
0.966	0.967	0	4949
0.967	0.968	0	4949
0.968	0.969	0	4949
0.969	0.970	0	4949
0.970	0.971	1	4950
0.971	0.972	0	4950
0.972	0.973	0	4950
0.973	0.974	0	4950
0.974	0.975	0	4950
0.975	0.976	0	4950
0.976	0.977	0	4950
0.977	0.978	0	4950
0.978	0.979	0	4950
0.979	0.980	0	4950
0.980	0.981	0	4950
0.981	0.982	0	4950
0.982	0.983	0	4950
0.983	0.984	0	4950
0.984	0.985	0	4950
0.985	0.986	0	4950
0.986	0.987	0	4950
0.987	0.988	0	4950
0.988	0.989	0	4950
0.989	0.990	0	4950
0.990	0.991	0	4950
0.991	0.992	0	4950
0.992	0.993	0	4950
0.993	0.994	0	4950
0.994	0.995	0	4950
0.995	0.996	0	4950
0.996	0.997	0	4950
0.997	0.998	0	4950
0.998	0.999	0	4950
0.999	1.000	0	4950
1.000	1.001	0	4950
mean value_group2 = 0.253649
variance_group2 = 0.104657
standard deviation_group2 = 0.323507
skewness_group2 = -0.012778
kurtosis_group2 = 0.028680
lower quartile_group2 = 0.036929
median_value_group2 = 0.279200
upper quartile_group2 = 0.500227
interquartile range_group2 = 0.463299
