lower_interval	upper_interval	frequency	accumulative_frequency
-1.000	-0.999	0	0
-0.999	-0.998	0	0
-0.998	-0.997	0	0
-0.997	-0.996	0	0
-0.996	-0.995	0	0
-0.995	-0.994	0	0
-0.994	-0.993	0	0
-0.993	-0.992	0	0
-0.992	-0.991	0	0
-0.991	-0.990	0	0
-0.990	-0.989	0	0
-0.989	-0.988	0	0
-0.988	-0.987	0	0
-0.987	-0.986	0	0
-0.986	-0.985	0	0
-0.985	-0.984	0	0
-0.984	-0.983	0	0
-0.983	-0.982	0	0
-0.982	-0.981	0	0
-0.981	-0.980	0	0
-0.980	-0.979	0	0
-0.979	-0.978	0	0
-0.978	-0.977	0	0
-0.977	-0.976	0	0
-0.976	-0.975	0	0
-0.975	-0.974	0	0
-0.974	-0.973	0	0
-0.973	-0.972	0	0
-0.972	-0.971	0	0
-0.971	-0.970	0	0
-0.970	-0.969	0	0
-0.969	-0.968	0	0
-0.968	-0.967	0	0
-0.967	-0.966	0	0
-0.966	-0.965	0	0
-0.965	-0.964	0	0
-0.964	-0.963	0	0
-0.963	-0.962	0	0
-0.962	-0.961	0	0
-0.961	-0.960	0	0
-0.960	-0.959	0	0
-0.959	-0.958	0	0
-0.958	-0.957	0	0
-0.957	-0.956	0	0
-0.956	-0.955	0	0
-0.955	-0.954	0	0
-0.954	-0.953	0	0
-0.953	-0.952	0	0
-0.952	-0.951	0	0
-0.951	-0.950	0	0
-0.950	-0.949	0	0
-0.949	-0.948	0	0
-0.948	-0.947	0	0
-0.947	-0.946	0	0
-0.946	-0.945	0	0
-0.945	-0.944	0	0
-0.944	-0.943	0	0
-0.943	-0.942	0	0
-0.942	-0.941	0	0
-0.941	-0.940	0	0
-0.940	-0.939	0	0
-0.939	-0.938	0	0
-0.938	-0.937	0	0
-0.937	-0.936	0	0
-0.936	-0.935	0	0
-0.935	-0.934	0	0
-0.934	-0.933	0	0
-0.933	-0.932	0	0
-0.932	-0.931	0	0
-0.931	-0.930	0	0
-0.930	-0.929	0	0
-0.929	-0.928	0	0
-0.928	-0.927	0	0
-0.927	-0.926	0	0
-0.926	-0.925	0	0
-0.925	-0.924	0	0
-0.924	-0.923	0	0
-0.923	-0.922	0	0
-0.922	-0.921	0	0
-0.921	-0.920	0	0
-0.920	-0.919	0	0
-0.919	-0.918	0	0
-0.918	-0.917	0	0
-0.917	-0.916	0	0
-0.916	-0.915	0	0
-0.915	-0.914	0	0
-0.914	-0.913	0	0
-0.913	-0.912	0	0
-0.912	-0.911	0	0
-0.911	-0.910	0	0
-0.910	-0.909	0	0
-0.909	-0.908	0	0
-0.908	-0.907	0	0
-0.907	-0.906	0	0
-0.906	-0.905	0	0
-0.905	-0.904	0	0
-0.904	-0.903	0	0
-0.903	-0.902	0	0
-0.902	-0.901	0	0
-0.901	-0.900	0	0
-0.900	-0.899	0	0
-0.899	-0.898	0	0
-0.898	-0.897	0	0
-0.897	-0.896	0	0
-0.896	-0.895	0	0
-0.895	-0.894	0	0
-0.894	-0.893	0	0
-0.893	-0.892	0	0
-0.892	-0.891	0	0
-0.891	-0.890	0	0
-0.890	-0.889	0	0
-0.889	-0.888	0	0
-0.888	-0.887	0	0
-0.887	-0.886	0	0
-0.886	-0.885	0	0
-0.885	-0.884	0	0
-0.884	-0.883	0	0
-0.883	-0.882	0	0
-0.882	-0.881	0	0
-0.881	-0.880	0	0
-0.880	-0.879	0	0
-0.879	-0.878	0	0
-0.878	-0.877	0	0
-0.877	-0.876	0	0
-0.876	-0.875	0	0
-0.875	-0.874	0	0
-0.874	-0.873	0	0
-0.873	-0.872	0	0
-0.872	-0.871	0	0
-0.871	-0.870	0	0
-0.870	-0.869	0	0
-0.869	-0.868	0	0
-0.868	-0.867	0	0
-0.867	-0.866	0	0
-0.866	-0.865	0	0
-0.865	-0.864	0	0
-0.864	-0.863	0	0
-0.863	-0.862	0	0
-0.862	-0.861	0	0
-0.861	-0.860	0	0
-0.860	-0.859	0	0
-0.859	-0.858	0	0
-0.858	-0.857	0	0
-0.857	-0.856	0	0
-0.856	-0.855	0	0
-0.855	-0.854	0	0
-0.854	-0.853	0	0
-0.853	-0.852	0	0
-0.852	-0.851	0	0
-0.851	-0.850	0	0
-0.850	-0.849	0	0
-0.849	-0.848	0	0
-0.848	-0.847	0	0
-0.847	-0.846	0	0
-0.846	-0.845	0	0
-0.845	-0.844	0	0
-0.844	-0.843	0	0
-0.843	-0.842	0	0
-0.842	-0.841	0	0
-0.841	-0.840	0	0
-0.840	-0.839	0	0
-0.839	-0.838	0	0
-0.838	-0.837	0	0
-0.837	-0.836	0	0
-0.836	-0.835	0	0
-0.835	-0.834	0	0
-0.834	-0.833	0	0
-0.833	-0.832	0	0
-0.832	-0.831	0	0
-0.831	-0.830	0	0
-0.830	-0.829	0	0
-0.829	-0.828	0	0
-0.828	-0.827	0	0
-0.827	-0.826	0	0
-0.826	-0.825	0	0
-0.825	-0.824	0	0
-0.824	-0.823	0	0
-0.823	-0.822	0	0
-0.822	-0.821	0	0
-0.821	-0.820	0	0
-0.820	-0.819	0	0
-0.819	-0.818	0	0
-0.818	-0.817	0	0
-0.817	-0.816	0	0
-0.816	-0.815	0	0
-0.815	-0.814	0	0
-0.814	-0.813	0	0
-0.813	-0.812	0	0
-0.812	-0.811	0	0
-0.811	-0.810	0	0
-0.810	-0.809	0	0
-0.809	-0.808	0	0
-0.808	-0.807	0	0
-0.807	-0.806	0	0
-0.806	-0.805	0	0
-0.805	-0.804	0	0
-0.804	-0.803	0	0
-0.803	-0.802	0	0
-0.802	-0.801	0	0
-0.801	-0.800	0	0
-0.800	-0.799	0	0
-0.799	-0.798	0	0
-0.798	-0.797	0	0
-0.797	-0.796	0	0
-0.796	-0.795	0	0
-0.795	-0.794	0	0
-0.794	-0.793	0	0
-0.793	-0.792	0	0
-0.792	-0.791	0	0
-0.791	-0.790	0	0
-0.790	-0.789	0	0
-0.789	-0.788	0	0
-0.788	-0.787	0	0
-0.787	-0.786	0	0
-0.786	-0.785	0	0
-0.785	-0.784	0	0
-0.784	-0.783	0	0
-0.783	-0.782	0	0
-0.782	-0.781	0	0
-0.781	-0.780	0	0
-0.780	-0.779	0	0
-0.779	-0.778	0	0
-0.778	-0.777	0	0
-0.777	-0.776	0	0
-0.776	-0.775	0	0
-0.775	-0.774	0	0
-0.774	-0.773	0	0
-0.773	-0.772	0	0
-0.772	-0.771	0	0
-0.771	-0.770	0	0
-0.770	-0.769	0	0
-0.769	-0.768	0	0
-0.768	-0.767	0	0
-0.767	-0.766	0	0
-0.766	-0.765	0	0
-0.765	-0.764	0	0
-0.764	-0.763	0	0
-0.763	-0.762	0	0
-0.762	-0.761	0	0
-0.761	-0.760	0	0
-0.760	-0.759	0	0
-0.759	-0.758	0	0
-0.758	-0.757	0	0
-0.757	-0.756	0	0
-0.756	-0.755	0	0
-0.755	-0.754	0	0
-0.754	-0.753	0	0
-0.753	-0.752	0	0
-0.752	-0.751	0	0
-0.751	-0.750	0	0
-0.750	-0.749	0	0
-0.749	-0.748	0	0
-0.748	-0.747	0	0
-0.747	-0.746	0	0
-0.746	-0.745	0	0
-0.745	-0.744	0	0
-0.744	-0.743	0	0
-0.743	-0.742	0	0
-0.742	-0.741	0	0
-0.741	-0.740	0	0
-0.740	-0.739	0	0
-0.739	-0.738	0	0
-0.738	-0.737	0	0
-0.737	-0.736	0	0
-0.736	-0.735	0	0
-0.735	-0.734	0	0
-0.734	-0.733	0	0
-0.733	-0.732	0	0
-0.732	-0.731	0	0
-0.731	-0.730	0	0
-0.730	-0.729	0	0
-0.729	-0.728	0	0
-0.728	-0.727	0	0
-0.727	-0.726	0	0
-0.726	-0.725	0	0
-0.725	-0.724	0	0
-0.724	-0.723	0	0
-0.723	-0.722	0	0
-0.722	-0.721	0	0
-0.721	-0.720	0	0
-0.720	-0.719	0	0
-0.719	-0.718	0	0
-0.718	-0.717	0	0
-0.717	-0.716	0	0
-0.716	-0.715	0	0
-0.715	-0.714	0	0
-0.714	-0.713	0	0
-0.713	-0.712	0	0
-0.712	-0.711	0	0
-0.711	-0.710	0	0
-0.710	-0.709	0	0
-0.709	-0.708	0	0
-0.708	-0.707	0	0
-0.707	-0.706	0	0
-0.706	-0.705	0	0
-0.705	-0.704	0	0
-0.704	-0.703	0	0
-0.703	-0.702	0	0
-0.702	-0.701	0	0
-0.701	-0.700	0	0
-0.700	-0.699	0	0
-0.699	-0.698	0	0
-0.698	-0.697	1	1
-0.697	-0.696	0	1
-0.696	-0.695	0	1
-0.695	-0.694	0	1
-0.694	-0.693	0	1
-0.693	-0.692	0	1
-0.692	-0.691	0	1
-0.691	-0.690	0	1
-0.690	-0.689	0	1
-0.689	-0.688	0	1
-0.688	-0.687	0	1
-0.687	-0.686	0	1
-0.686	-0.685	0	1
-0.685	-0.684	0	1
-0.684	-0.683	0	1
-0.683	-0.682	0	1
-0.682	-0.681	0	1
-0.681	-0.680	0	1
-0.680	-0.679	0	1
-0.679	-0.678	0	1
-0.678	-0.677	0	1
-0.677	-0.676	0	1
-0.676	-0.675	0	1
-0.675	-0.674	0	1
-0.674	-0.673	0	1
-0.673	-0.672	0	1
-0.672	-0.671	0	1
-0.671	-0.670	0	1
-0.670	-0.669	0	1
-0.669	-0.668	0	1
-0.668	-0.667	0	1
-0.667	-0.666	0	1
-0.666	-0.665	0	1
-0.665	-0.664	0	1
-0.664	-0.663	1	2
-0.663	-0.662	0	2
-0.662	-0.661	0	2
-0.661	-0.660	0	2
-0.660	-0.659	0	2
-0.659	-0.658	0	2
-0.658	-0.657	0	2
-0.657	-0.656	0	2
-0.656	-0.655	0	2
-0.655	-0.654	0	2
-0.654	-0.653	0	2
-0.653	-0.652	2	4
-0.652	-0.651	0	4
-0.651	-0.650	0	4
-0.650	-0.649	0	4
-0.649	-0.648	0	4
-0.648	-0.647	0	4
-0.647	-0.646	0	4
-0.646	-0.645	0	4
-0.645	-0.644	0	4
-0.644	-0.643	0	4
-0.643	-0.642	0	4
-0.642	-0.641	0	4
-0.641	-0.640	0	4
-0.640	-0.639	0	4
-0.639	-0.638	0	4
-0.638	-0.637	0	4
-0.637	-0.636	0	4
-0.636	-0.635	0	4
-0.635	-0.634	0	4
-0.634	-0.633	0	4
-0.633	-0.632	0	4
-0.632	-0.631	0	4
-0.631	-0.630	0	4
-0.630	-0.629	0	4
-0.629	-0.628	0	4
-0.628	-0.627	0	4
-0.627	-0.626	0	4
-0.626	-0.625	0	4
-0.625	-0.624	0	4
-0.624	-0.623	0	4
-0.623	-0.622	0	4
-0.622	-0.621	0	4
-0.621	-0.620	0	4
-0.620	-0.619	0	4
-0.619	-0.618	0	4
-0.618	-0.617	0	4
-0.617	-0.616	0	4
-0.616	-0.615	1	5
-0.615	-0.614	0	5
-0.614	-0.613	0	5
-0.613	-0.612	0	5
-0.612	-0.611	0	5
-0.611	-0.610	0	5
-0.610	-0.609	0	5
-0.609	-0.608	0	5
-0.608	-0.607	1	6
-0.607	-0.606	0	6
-0.606	-0.605	1	7
-0.605	-0.604	0	7
-0.604	-0.603	1	8
-0.603	-0.602	1	9
-0.602	-0.601	0	9
-0.601	-0.600	0	9
-0.600	-0.599	0	9
-0.599	-0.598	0	9
-0.598	-0.597	0	9
-0.597	-0.596	0	9
-0.596	-0.595	0	9
-0.595	-0.594	0	9
-0.594	-0.593	1	10
-0.593	-0.592	0	10
-0.592	-0.591	0	10
-0.591	-0.590	0	10
-0.590	-0.589	0	10
-0.589	-0.588	1	11
-0.588	-0.587	0	11
-0.587	-0.586	0	11
-0.586	-0.585	0	11
-0.585	-0.584	0	11
-0.584	-0.583	0	11
-0.583	-0.582	0	11
-0.582	-0.581	1	12
-0.581	-0.580	0	12
-0.580	-0.579	0	12
-0.579	-0.578	0	12
-0.578	-0.577	1	13
-0.577	-0.576	0	13
-0.576	-0.575	0	13
-0.575	-0.574	1	14
-0.574	-0.573	1	15
-0.573	-0.572	0	15
-0.572	-0.571	0	15
-0.571	-0.570	0	15
-0.570	-0.569	1	16
-0.569	-0.568	0	16
-0.568	-0.567	1	17
-0.567	-0.566	1	18
-0.566	-0.565	0	18
-0.565	-0.564	1	19
-0.564	-0.563	0	19
-0.563	-0.562	0	19
-0.562	-0.561	0	19
-0.561	-0.560	0	19
-0.560	-0.559	0	19
-0.559	-0.558	2	21
-0.558	-0.557	1	22
-0.557	-0.556	0	22
-0.556	-0.555	1	23
-0.555	-0.554	1	24
-0.554	-0.553	0	24
-0.553	-0.552	0	24
-0.552	-0.551	0	24
-0.551	-0.550	0	24
-0.550	-0.549	0	24
-0.549	-0.548	0	24
-0.548	-0.547	0	24
-0.547	-0.546	0	24
-0.546	-0.545	1	25
-0.545	-0.544	0	25
-0.544	-0.543	0	25
-0.543	-0.542	0	25
-0.542	-0.541	0	25
-0.541	-0.540	0	25
-0.540	-0.539	0	25
-0.539	-0.538	0	25
-0.538	-0.537	0	25
-0.537	-0.536	1	26
-0.536	-0.535	1	27
-0.535	-0.534	0	27
-0.534	-0.533	1	28
-0.533	-0.532	0	28
-0.532	-0.531	1	29
-0.531	-0.530	0	29
-0.530	-0.529	0	29
-0.529	-0.528	0	29
-0.528	-0.527	2	31
-0.527	-0.526	1	32
-0.526	-0.525	0	32
-0.525	-0.524	0	32
-0.524	-0.523	1	33
-0.523	-0.522	0	33
-0.522	-0.521	1	34
-0.521	-0.520	0	34
-0.520	-0.519	0	34
-0.519	-0.518	0	34
-0.518	-0.517	0	34
-0.517	-0.516	1	35
-0.516	-0.515	0	35
-0.515	-0.514	0	35
-0.514	-0.513	0	35
-0.513	-0.512	0	35
-0.512	-0.511	0	35
-0.511	-0.510	1	36
-0.510	-0.509	0	36
-0.509	-0.508	1	37
-0.508	-0.507	0	37
-0.507	-0.506	0	37
-0.506	-0.505	1	38
-0.505	-0.504	0	38
-0.504	-0.503	0	38
-0.503	-0.502	0	38
-0.502	-0.501	0	38
-0.501	-0.500	0	38
-0.500	-0.499	0	38
-0.499	-0.498	0	38
-0.498	-0.497	0	38
-0.497	-0.496	1	39
-0.496	-0.495	1	40
-0.495	-0.494	0	40
-0.494	-0.493	1	41
-0.493	-0.492	0	41
-0.492	-0.491	1	42
-0.491	-0.490	0	42
-0.490	-0.489	0	42
-0.489	-0.488	0	42
-0.488	-0.487	3	45
-0.487	-0.486	0	45
-0.486	-0.485	0	45
-0.485	-0.484	1	46
-0.484	-0.483	1	47
-0.483	-0.482	0	47
-0.482	-0.481	0	47
-0.481	-0.480	0	47
-0.480	-0.479	0	47
-0.479	-0.478	0	47
-0.478	-0.477	0	47
-0.477	-0.476	0	47
-0.476	-0.475	0	47
-0.475	-0.474	2	49
-0.474	-0.473	0	49
-0.473	-0.472	1	50
-0.472	-0.471	0	50
-0.471	-0.470	0	50
-0.470	-0.469	0	50
-0.469	-0.468	0	50
-0.468	-0.467	0	50
-0.467	-0.466	2	52
-0.466	-0.465	1	53
-0.465	-0.464	0	53
-0.464	-0.463	1	54
-0.463	-0.462	0	54
-0.462	-0.461	0	54
-0.461	-0.460	0	54
-0.460	-0.459	0	54
-0.459	-0.458	0	54
-0.458	-0.457	0	54
-0.457	-0.456	1	55
-0.456	-0.455	0	55
-0.455	-0.454	3	58
-0.454	-0.453	1	59
-0.453	-0.452	0	59
-0.452	-0.451	0	59
-0.451	-0.450	0	59
-0.450	-0.449	0	59
-0.449	-0.448	2	61
-0.448	-0.447	0	61
-0.447	-0.446	0	61
-0.446	-0.445	0	61
-0.445	-0.444	0	61
-0.444	-0.443	1	62
-0.443	-0.442	1	63
-0.442	-0.441	0	63
-0.441	-0.440	1	64
-0.440	-0.439	0	64
-0.439	-0.438	0	64
-0.438	-0.437	0	64
-0.437	-0.436	1	65
-0.436	-0.435	0	65
-0.435	-0.434	2	67
-0.434	-0.433	1	68
-0.433	-0.432	2	70
-0.432	-0.431	0	70
-0.431	-0.430	0	70
-0.430	-0.429	0	70
-0.429	-0.428	0	70
-0.428	-0.427	2	72
-0.427	-0.426	2	74
-0.426	-0.425	2	76
-0.425	-0.424	0	76
-0.424	-0.423	0	76
-0.423	-0.422	0	76
-0.422	-0.421	1	77
-0.421	-0.420	0	77
-0.420	-0.419	0	77
-0.419	-0.418	1	78
-0.418	-0.417	0	78
-0.417	-0.416	0	78
-0.416	-0.415	2	80
-0.415	-0.414	0	80
-0.414	-0.413	1	81
-0.413	-0.412	0	81
-0.412	-0.411	0	81
-0.411	-0.410	1	82
-0.410	-0.409	0	82
-0.409	-0.408	1	83
-0.408	-0.407	0	83
-0.407	-0.406	0	83
-0.406	-0.405	0	83
-0.405	-0.404	0	83
-0.404	-0.403	0	83
-0.403	-0.402	0	83
-0.402	-0.401	0	83
-0.401	-0.400	1	84
-0.400	-0.399	0	84
-0.399	-0.398	1	85
-0.398	-0.397	0	85
-0.397	-0.396	2	87
-0.396	-0.395	1	88
-0.395	-0.394	2	90
-0.394	-0.393	1	91
-0.393	-0.392	0	91
-0.392	-0.391	0	91
-0.391	-0.390	0	91
-0.390	-0.389	0	91
-0.389	-0.388	0	91
-0.388	-0.387	0	91
-0.387	-0.386	1	92
-0.386	-0.385	1	93
-0.385	-0.384	0	93
-0.384	-0.383	1	94
-0.383	-0.382	0	94
-0.382	-0.381	2	96
-0.381	-0.380	2	98
-0.380	-0.379	0	98
-0.379	-0.378	1	99
-0.378	-0.377	0	99
-0.377	-0.376	1	100
-0.376	-0.375	2	102
-0.375	-0.374	1	103
-0.374	-0.373	0	103
-0.373	-0.372	0	103
-0.372	-0.371	0	103
-0.371	-0.370	0	103
-0.370	-0.369	0	103
-0.369	-0.368	2	105
-0.368	-0.367	2	107
-0.367	-0.366	0	107
-0.366	-0.365	0	107
-0.365	-0.364	0	107
-0.364	-0.363	0	107
-0.363	-0.362	2	109
-0.362	-0.361	3	112
-0.361	-0.360	1	113
-0.360	-0.359	1	114
-0.359	-0.358	3	117
-0.358	-0.357	2	119
-0.357	-0.356	2	121
-0.356	-0.355	0	121
-0.355	-0.354	3	124
-0.354	-0.353	0	124
-0.353	-0.352	0	124
-0.352	-0.351	0	124
-0.351	-0.350	1	125
-0.350	-0.349	1	126
-0.349	-0.348	0	126
-0.348	-0.347	1	127
-0.347	-0.346	1	128
-0.346	-0.345	2	130
-0.345	-0.344	1	131
-0.344	-0.343	0	131
-0.343	-0.342	0	131
-0.342	-0.341	1	132
-0.341	-0.340	0	132
-0.340	-0.339	0	132
-0.339	-0.338	1	133
-0.338	-0.337	0	133
-0.337	-0.336	0	133
-0.336	-0.335	1	134
-0.335	-0.334	1	135
-0.334	-0.333	0	135
-0.333	-0.332	0	135
-0.332	-0.331	1	136
-0.331	-0.330	2	138
-0.330	-0.329	0	138
-0.329	-0.328	0	138
-0.328	-0.327	0	138
-0.327	-0.326	0	138
-0.326	-0.325	1	139
-0.325	-0.324	0	139
-0.324	-0.323	0	139
-0.323	-0.322	0	139
-0.322	-0.321	3	142
-0.321	-0.320	1	143
-0.320	-0.319	1	144
-0.319	-0.318	1	145
-0.318	-0.317	0	145
-0.317	-0.316	0	145
-0.316	-0.315	0	145
-0.315	-0.314	2	147
-0.314	-0.313	1	148
-0.313	-0.312	1	149
-0.312	-0.311	1	150
-0.311	-0.310	1	151
-0.310	-0.309	0	151
-0.309	-0.308	1	152
-0.308	-0.307	0	152
-0.307	-0.306	2	154
-0.306	-0.305	0	154
-0.305	-0.304	2	156
-0.304	-0.303	0	156
-0.303	-0.302	0	156
-0.302	-0.301	1	157
-0.301	-0.300	2	159
-0.300	-0.299	0	159
-0.299	-0.298	1	160
-0.298	-0.297	1	161
-0.297	-0.296	0	161
-0.296	-0.295	3	164
-0.295	-0.294	4	168
-0.294	-0.293	2	170
-0.293	-0.292	1	171
-0.292	-0.291	2	173
-0.291	-0.290	3	176
-0.290	-0.289	0	176
-0.289	-0.288	0	176
-0.288	-0.287	0	176
-0.287	-0.286	2	178
-0.286	-0.285	2	180
-0.285	-0.284	1	181
-0.284	-0.283	1	182
-0.283	-0.282	2	184
-0.282	-0.281	1	185
-0.281	-0.280	1	186
-0.280	-0.279	2	188
-0.279	-0.278	1	189
-0.278	-0.277	2	191
-0.277	-0.276	0	191
-0.276	-0.275	0	191
-0.275	-0.274	2	193
-0.274	-0.273	1	194
-0.273	-0.272	0	194
-0.272	-0.271	0	194
-0.271	-0.270	2	196
-0.270	-0.269	0	196
-0.269	-0.268	2	198
-0.268	-0.267	1	199
-0.267	-0.266	1	200
-0.266	-0.265	3	203
-0.265	-0.264	1	204
-0.264	-0.263	5	209
-0.263	-0.262	0	209
-0.262	-0.261	2	211
-0.261	-0.260	1	212
-0.260	-0.259	1	213
-0.259	-0.258	2	215
-0.258	-0.257	1	216
-0.257	-0.256	2	218
-0.256	-0.255	0	218
-0.255	-0.254	0	218
-0.254	-0.253	1	219
-0.253	-0.252	0	219
-0.252	-0.251	0	219
-0.251	-0.250	0	219
-0.250	-0.249	2	221
-0.249	-0.248	0	221
-0.248	-0.247	4	225
-0.247	-0.246	0	225
-0.246	-0.245	1	226
-0.245	-0.244	4	230
-0.244	-0.243	1	231
-0.243	-0.242	0	231
-0.242	-0.241	1	232
-0.241	-0.240	1	233
-0.240	-0.239	0	233
-0.239	-0.238	2	235
-0.238	-0.237	0	235
-0.237	-0.236	0	235
-0.236	-0.235	1	236
-0.235	-0.234	1	237
-0.234	-0.233	0	237
-0.233	-0.232	0	237
-0.232	-0.231	0	237
-0.231	-0.230	1	238
-0.230	-0.229	0	238
-0.229	-0.228	1	239
-0.228	-0.227	1	240
-0.227	-0.226	0	240
-0.226	-0.225	0	240
-0.225	-0.224	2	242
-0.224	-0.223	2	244
-0.223	-0.222	3	247
-0.222	-0.221	0	247
-0.221	-0.220	1	248
-0.220	-0.219	0	248
-0.219	-0.218	0	248
-0.218	-0.217	1	249
-0.217	-0.216	1	250
-0.216	-0.215	1	251
-0.215	-0.214	0	251
-0.214	-0.213	1	252
-0.213	-0.212	2	254
-0.212	-0.211	0	254
-0.211	-0.210	1	255
-0.210	-0.209	1	256
-0.209	-0.208	5	261
-0.208	-0.207	0	261
-0.207	-0.206	2	263
-0.206	-0.205	0	263
-0.205	-0.204	0	263
-0.204	-0.203	4	267
-0.203	-0.202	4	271
-0.202	-0.201	1	272
-0.201	-0.200	2	274
-0.200	-0.199	3	277
-0.199	-0.198	2	279
-0.198	-0.197	4	283
-0.197	-0.196	0	283
-0.196	-0.195	1	284
-0.195	-0.194	2	286
-0.194	-0.193	3	289
-0.193	-0.192	0	289
-0.192	-0.191	0	289
-0.191	-0.190	1	290
-0.190	-0.189	3	293
-0.189	-0.188	1	294
-0.188	-0.187	2	296
-0.187	-0.186	0	296
-0.186	-0.185	2	298
-0.185	-0.184	2	300
-0.184	-0.183	1	301
-0.183	-0.182	0	301
-0.182	-0.181	1	302
-0.181	-0.180	2	304
-0.180	-0.179	1	305
-0.179	-0.178	2	307
-0.178	-0.177	0	307
-0.177	-0.176	1	308
-0.176	-0.175	0	308
-0.175	-0.174	3	311
-0.174	-0.173	1	312
-0.173	-0.172	1	313
-0.172	-0.171	2	315
-0.171	-0.170	0	315
-0.170	-0.169	1	316
-0.169	-0.168	1	317
-0.168	-0.167	1	318
-0.167	-0.166	2	320
-0.166	-0.165	3	323
-0.165	-0.164	1	324
-0.164	-0.163	0	324
-0.163	-0.162	5	329
-0.162	-0.161	2	331
-0.161	-0.160	2	333
-0.160	-0.159	0	333
-0.159	-0.158	1	334
-0.158	-0.157	2	336
-0.157	-0.156	2	338
-0.156	-0.155	1	339
-0.155	-0.154	3	342
-0.154	-0.153	0	342
-0.153	-0.152	4	346
-0.152	-0.151	2	348
-0.151	-0.150	0	348
-0.150	-0.149	3	351
-0.149	-0.148	1	352
-0.148	-0.147	1	353
-0.147	-0.146	3	356
-0.146	-0.145	3	359
-0.145	-0.144	2	361
-0.144	-0.143	3	364
-0.143	-0.142	1	365
-0.142	-0.141	3	368
-0.141	-0.140	1	369
-0.140	-0.139	2	371
-0.139	-0.138	3	374
-0.138	-0.137	3	377
-0.137	-0.136	3	380
-0.136	-0.135	1	381
-0.135	-0.134	1	382
-0.134	-0.133	3	385
-0.133	-0.132	1	386
-0.132	-0.131	2	388
-0.131	-0.130	1	389
-0.130	-0.129	2	391
-0.129	-0.128	1	392
-0.128	-0.127	1	393
-0.127	-0.126	2	395
-0.126	-0.125	0	395
-0.125	-0.124	3	398
-0.124	-0.123	2	400
-0.123	-0.122	2	402
-0.122	-0.121	2	404
-0.121	-0.120	2	406
-0.120	-0.119	2	408
-0.119	-0.118	1	409
-0.118	-0.117	2	411
-0.117	-0.116	2	413
-0.116	-0.115	2	415
-0.115	-0.114	1	416
-0.114	-0.113	2	418
-0.113	-0.112	2	420
-0.112	-0.111	2	422
-0.111	-0.110	4	426
-0.110	-0.109	2	428
-0.109	-0.108	3	431
-0.108	-0.107	2	433
-0.107	-0.106	1	434
-0.106	-0.105	3	437
-0.105	-0.104	5	442
-0.104	-0.103	3	445
-0.103	-0.102	2	447
-0.102	-0.101	0	447
-0.101	-0.100	1	448
-0.100	-0.099	1	449
-0.099	-0.098	2	451
-0.098	-0.097	1	452
-0.097	-0.096	1	453
-0.096	-0.095	0	453
-0.095	-0.094	1	454
-0.094	-0.093	5	459
-0.093	-0.092	1	460
-0.092	-0.091	0	460
-0.091	-0.090	1	461
-0.090	-0.089	1	462
-0.089	-0.088	2	464
-0.088	-0.087	2	466
-0.087	-0.086	0	466
-0.086	-0.085	2	468
-0.085	-0.084	4	472
-0.084	-0.083	0	472
-0.083	-0.082	3	475
-0.082	-0.081	2	477
-0.081	-0.080	3	480
-0.080	-0.079	2	482
-0.079	-0.078	1	483
-0.078	-0.077	2	485
-0.077	-0.076	1	486
-0.076	-0.075	0	486
-0.075	-0.074	1	487
-0.074	-0.073	2	489
-0.073	-0.072	3	492
-0.072	-0.071	0	492
-0.071	-0.070	1	493
-0.070	-0.069	2	495
-0.069	-0.068	4	499
-0.068	-0.067	1	500
-0.067	-0.066	1	501
-0.066	-0.065	1	502
-0.065	-0.064	1	503
-0.064	-0.063	1	504
-0.063	-0.062	3	507
-0.062	-0.061	2	509
-0.061	-0.060	3	512
-0.060	-0.059	3	515
-0.059	-0.058	0	515
-0.058	-0.057	4	519
-0.057	-0.056	4	523
-0.056	-0.055	0	523
-0.055	-0.054	5	528
-0.054	-0.053	1	529
-0.053	-0.052	1	530
-0.052	-0.051	5	535
-0.051	-0.050	1	536
-0.050	-0.049	2	538
-0.049	-0.048	3	541
-0.048	-0.047	0	541
-0.047	-0.046	2	543
-0.046	-0.045	5	548
-0.045	-0.044	3	551
-0.044	-0.043	0	551
-0.043	-0.042	1	552
-0.042	-0.041	5	557
-0.041	-0.040	1	558
-0.040	-0.039	2	560
-0.039	-0.038	2	562
-0.038	-0.037	3	565
-0.037	-0.036	1	566
-0.036	-0.035	3	569
-0.035	-0.034	4	573
-0.034	-0.033	3	576
-0.033	-0.032	3	579
-0.032	-0.031	1	580
-0.031	-0.030	1	581
-0.030	-0.029	2	583
-0.029	-0.028	1	584
-0.028	-0.027	4	588
-0.027	-0.026	5	593
-0.026	-0.025	4	597
-0.025	-0.024	0	597
-0.024	-0.023	1	598
-0.023	-0.022	2	600
-0.022	-0.021	3	603
-0.021	-0.020	1	604
-0.020	-0.019	3	607
-0.019	-0.018	2	609
-0.018	-0.017	2	611
-0.017	-0.016	2	613
-0.016	-0.015	4	617
-0.015	-0.014	2	619
-0.014	-0.013	1	620
-0.013	-0.012	3	623
-0.012	-0.011	0	623
-0.011	-0.010	3	626
-0.010	-0.009	3	629
-0.009	-0.008	0	629
-0.008	-0.007	3	632
-0.007	-0.006	4	636
-0.006	-0.005	2	638
-0.005	-0.004	0	638
-0.004	-0.003	4	642
-0.003	-0.002	1	643
-0.002	-0.001	1	644
-0.001	-0.000	4	648
0.000	0.001	2	650
0.001	0.002	3	653
0.002	0.003	3	656
0.003	0.004	4	660
0.004	0.005	4	664
0.005	0.006	1	665
0.006	0.007	5	670
0.007	0.008	3	673
0.008	0.009	1	674
0.009	0.010	2	676
0.010	0.011	3	679
0.011	0.012	1	680
0.012	0.013	4	684
0.013	0.014	2	686
0.014	0.015	0	686
0.015	0.016	2	688
0.016	0.017	4	692
0.017	0.018	4	696
0.018	0.019	1	697
0.019	0.020	3	700
0.020	0.021	2	702
0.021	0.022	4	706
0.022	0.023	4	710
0.023	0.024	7	717
0.024	0.025	5	722
0.025	0.026	4	726
0.026	0.027	0	726
0.027	0.028	1	727
0.028	0.029	5	732
0.029	0.030	3	735
0.030	0.031	2	737
0.031	0.032	4	741
0.032	0.033	2	743
0.033	0.034	1	744
0.034	0.035	1	745
0.035	0.036	4	749
0.036	0.037	2	751
0.037	0.038	2	753
0.038	0.039	4	757
0.039	0.040	1	758
0.040	0.041	3	761
0.041	0.042	2	763
0.042	0.043	0	763
0.043	0.044	3	766
0.044	0.045	3	769
0.045	0.046	4	773
0.046	0.047	4	777
0.047	0.048	3	780
0.048	0.049	2	782
0.049	0.050	0	782
0.050	0.051	0	782
0.051	0.052	4	786
0.052	0.053	0	786
0.053	0.054	3	789
0.054	0.055	3	792
0.055	0.056	2	794
0.056	0.057	3	797
0.057	0.058	0	797
0.058	0.059	5	802
0.059	0.060	2	804
0.060	0.061	1	805
0.061	0.062	2	807
0.062	0.063	4	811
0.063	0.064	3	814
0.064	0.065	5	819
0.065	0.066	2	821
0.066	0.067	2	823
0.067	0.068	3	826
0.068	0.069	4	830
0.069	0.070	3	833
0.070	0.071	1	834
0.071	0.072	1	835
0.072	0.073	4	839
0.073	0.074	4	843
0.074	0.075	4	847
0.075	0.076	4	851
0.076	0.077	4	855
0.077	0.078	2	857
0.078	0.079	3	860
0.079	0.080	1	861
0.080	0.081	6	867
0.081	0.082	2	869
0.082	0.083	3	872
0.083	0.084	4	876
0.084	0.085	4	880
0.085	0.086	2	882
0.086	0.087	5	887
0.087	0.088	5	892
0.088	0.089	2	894
0.089	0.090	1	895
0.090	0.091	4	899
0.091	0.092	8	907
0.092	0.093	4	911
0.093	0.094	4	915
0.094	0.095	0	915
0.095	0.096	5	920
0.096	0.097	2	922
0.097	0.098	3	925
0.098	0.099	4	929
0.099	0.100	5	934
0.100	0.101	5	939
0.101	0.102	5	944
0.102	0.103	7	951
0.103	0.104	7	958
0.104	0.105	0	958
0.105	0.106	4	962
0.106	0.107	4	966
0.107	0.108	2	968
0.108	0.109	6	974
0.109	0.110	3	977
0.110	0.111	4	981
0.111	0.112	4	985
0.112	0.113	4	989
0.113	0.114	1	990
0.114	0.115	4	994
0.115	0.116	6	1000
0.116	0.117	5	1005
0.117	0.118	4	1009
0.118	0.119	4	1013
0.119	0.120	3	1016
0.120	0.121	3	1019
0.121	0.122	2	1021
0.122	0.123	3	1024
0.123	0.124	5	1029
0.124	0.125	2	1031
0.125	0.126	5	1036
0.126	0.127	6	1042
0.127	0.128	3	1045
0.128	0.129	5	1050
0.129	0.130	4	1054
0.130	0.131	3	1057
0.131	0.132	2	1059
0.132	0.133	5	1064
0.133	0.134	4	1068
0.134	0.135	3	1071
0.135	0.136	3	1074
0.136	0.137	4	1078
0.137	0.138	7	1085
0.138	0.139	4	1089
0.139	0.140	3	1092
0.140	0.141	1	1093
0.141	0.142	4	1097
0.142	0.143	4	1101
0.143	0.144	6	1107
0.144	0.145	6	1113
0.145	0.146	1	1114
0.146	0.147	2	1116
0.147	0.148	5	1121
0.148	0.149	1	1122
0.149	0.150	2	1124
0.150	0.151	3	1127
0.151	0.152	3	1130
0.152	0.153	2	1132
0.153	0.154	5	1137
0.154	0.155	5	1142
0.155	0.156	5	1147
0.156	0.157	1	1148
0.157	0.158	5	1153
0.158	0.159	1	1154
0.159	0.160	6	1160
0.160	0.161	4	1164
0.161	0.162	2	1166
0.162	0.163	7	1173
0.163	0.164	3	1176
0.164	0.165	5	1181
0.165	0.166	5	1186
0.166	0.167	6	1192
0.167	0.168	2	1194
0.168	0.169	5	1199
0.169	0.170	8	1207
0.170	0.171	4	1211
0.171	0.172	4	1215
0.172	0.173	3	1218
0.173	0.174	6	1224
0.174	0.175	5	1229
0.175	0.176	6	1235
0.176	0.177	3	1238
0.177	0.178	3	1241
0.178	0.179	5	1246
0.179	0.180	1	1247
0.180	0.181	6	1253
0.181	0.182	2	1255
0.182	0.183	10	1265
0.183	0.184	4	1269
0.184	0.185	4	1273
0.185	0.186	6	1279
0.186	0.187	7	1286
0.187	0.188	3	1289
0.188	0.189	2	1291
0.189	0.190	2	1293
0.190	0.191	1	1294
0.191	0.192	2	1296
0.192	0.193	4	1300
0.193	0.194	5	1305
0.194	0.195	6	1311
0.195	0.196	3	1314
0.196	0.197	1	1315
0.197	0.198	5	1320
0.198	0.199	2	1322
0.199	0.200	2	1324
0.200	0.201	7	1331
0.201	0.202	2	1333
0.202	0.203	8	1341
0.203	0.204	4	1345
0.204	0.205	2	1347
0.205	0.206	4	1351
0.206	0.207	6	1357
0.207	0.208	2	1359
0.208	0.209	3	1362
0.209	0.210	5	1367
0.210	0.211	2	1369
0.211	0.212	8	1377
0.212	0.213	5	1382
0.213	0.214	5	1387
0.214	0.215	5	1392
0.215	0.216	5	1397
0.216	0.217	5	1402
0.217	0.218	3	1405
0.218	0.219	3	1408
0.219	0.220	1	1409
0.220	0.221	1	1410
0.221	0.222	5	1415
0.222	0.223	7	1422
0.223	0.224	2	1424
0.224	0.225	4	1428
0.225	0.226	3	1431
0.226	0.227	5	1436
0.227	0.228	4	1440
0.228	0.229	6	1446
0.229	0.230	6	1452
0.230	0.231	5	1457
0.231	0.232	3	1460
0.232	0.233	5	1465
0.233	0.234	3	1468
0.234	0.235	2	1470
0.235	0.236	3	1473
0.236	0.237	5	1478
0.237	0.238	3	1481
0.238	0.239	6	1487
0.239	0.240	5	1492
0.240	0.241	4	1496
0.241	0.242	8	1504
0.242	0.243	3	1507
0.243	0.244	6	1513
0.244	0.245	7	1520
0.245	0.246	6	1526
0.246	0.247	4	1530
0.247	0.248	6	1536
0.248	0.249	2	1538
0.249	0.250	6	1544
0.250	0.251	9	1553
0.251	0.252	3	1556
0.252	0.253	6	1562
0.253	0.254	6	1568
0.254	0.255	2	1570
0.255	0.256	9	1579
0.256	0.257	2	1581
0.257	0.258	4	1585
0.258	0.259	3	1588
0.259	0.260	4	1592
0.260	0.261	3	1595
0.261	0.262	5	1600
0.262	0.263	8	1608
0.263	0.264	5	1613
0.264	0.265	6	1619
0.265	0.266	3	1622
0.266	0.267	3	1625
0.267	0.268	4	1629
0.268	0.269	10	1639
0.269	0.270	4	1643
0.270	0.271	4	1647
0.271	0.272	5	1652
0.272	0.273	6	1658
0.273	0.274	4	1662
0.274	0.275	2	1664
0.275	0.276	7	1671
0.276	0.277	10	1681
0.277	0.278	5	1686
0.278	0.279	5	1691
0.279	0.280	7	1698
0.280	0.281	3	1701
0.281	0.282	5	1706
0.282	0.283	4	1710
0.283	0.284	4	1714
0.284	0.285	4	1718
0.285	0.286	4	1722
0.286	0.287	5	1727
0.287	0.288	4	1731
0.288	0.289	0	1731
0.289	0.290	6	1737
0.290	0.291	5	1742
0.291	0.292	4	1746
0.292	0.293	4	1750
0.293	0.294	10	1760
0.294	0.295	6	1766
0.295	0.296	4	1770
0.296	0.297	4	1774
0.297	0.298	10	1784
0.298	0.299	9	1793
0.299	0.300	5	1798
0.300	0.301	6	1804
0.301	0.302	2	1806
0.302	0.303	3	1809
0.303	0.304	2	1811
0.304	0.305	7	1818
0.305	0.306	3	1821
0.306	0.307	2	1823
0.307	0.308	5	1828
0.308	0.309	5	1833
0.309	0.310	5	1838
0.310	0.311	8	1846
0.311	0.312	5	1851
0.312	0.313	8	1859
0.313	0.314	6	1865
0.314	0.315	3	1868
0.315	0.316	4	1872
0.316	0.317	4	1876
0.317	0.318	6	1882
0.318	0.319	8	1890
0.319	0.320	0	1890
0.320	0.321	2	1892
0.321	0.322	7	1899
0.322	0.323	4	1903
0.323	0.324	5	1908
0.324	0.325	3	1911
0.325	0.326	5	1916
0.326	0.327	11	1927
0.327	0.328	5	1932
0.328	0.329	7	1939
0.329	0.330	6	1945
0.330	0.331	6	1951
0.331	0.332	5	1956
0.332	0.333	3	1959
0.333	0.334	5	1964
0.334	0.335	10	1974
0.335	0.336	4	1978
0.336	0.337	3	1981
0.337	0.338	6	1987
0.338	0.339	4	1991
0.339	0.340	7	1998
0.340	0.341	9	2007
0.341	0.342	4	2011
0.342	0.343	7	2018
0.343	0.344	14	2032
0.344	0.345	6	2038
0.345	0.346	6	2044
0.346	0.347	6	2050
0.347	0.348	1	2051
0.348	0.349	4	2055
0.349	0.350	6	2061
0.350	0.351	6	2067
0.351	0.352	5	2072
0.352	0.353	10	2082
0.353	0.354	2	2084
0.354	0.355	6	2090
0.355	0.356	6	2096
0.356	0.357	5	2101
0.357	0.358	3	2104
0.358	0.359	7	2111
0.359	0.360	5	2116
0.360	0.361	5	2121
0.361	0.362	5	2126
0.362	0.363	7	2133
0.363	0.364	7	2140
0.364	0.365	3	2143
0.365	0.366	4	2147
0.366	0.367	11	2158
0.367	0.368	1	2159
0.368	0.369	9	2168
0.369	0.370	6	2174
0.370	0.371	4	2178
0.371	0.372	2	2180
0.372	0.373	6	2186
0.373	0.374	9	2195
0.374	0.375	2	2197
0.375	0.376	2	2199
0.376	0.377	7	2206
0.377	0.378	5	2211
0.378	0.379	9	2220
0.379	0.380	10	2230
0.380	0.381	8	2238
0.381	0.382	6	2244
0.382	0.383	7	2251
0.383	0.384	5	2256
0.384	0.385	7	2263
0.385	0.386	7	2270
0.386	0.387	7	2277
0.387	0.388	7	2284
0.388	0.389	11	2295
0.389	0.390	7	2302
0.390	0.391	7	2309
0.391	0.392	8	2317
0.392	0.393	10	2327
0.393	0.394	6	2333
0.394	0.395	11	2344
0.395	0.396	7	2351
0.396	0.397	6	2357
0.397	0.398	7	2364
0.398	0.399	11	2375
0.399	0.400	5	2380
0.400	0.401	7	2387
0.401	0.402	5	2392
0.402	0.403	8	2400
0.403	0.404	6	2406
0.404	0.405	5	2411
0.405	0.406	15	2426
0.406	0.407	6	2432
0.407	0.408	5	2437
0.408	0.409	7	2444
0.409	0.410	5	2449
0.410	0.411	6	2455
0.411	0.412	5	2460
0.412	0.413	6	2466
0.413	0.414	9	2475
0.414	0.415	9	2484
0.415	0.416	8	2492
0.416	0.417	3	2495
0.417	0.418	6	2501
0.418	0.419	6	2507
0.419	0.420	3	2510
0.420	0.421	2	2512
0.421	0.422	7	2519
0.422	0.423	8	2527
0.423	0.424	5	2532
0.424	0.425	8	2540
0.425	0.426	10	2550
0.426	0.427	2	2552
0.427	0.428	4	2556
0.428	0.429	4	2560
0.429	0.430	14	2574
0.430	0.431	5	2579
0.431	0.432	7	2586
0.432	0.433	8	2594
0.433	0.434	4	2598
0.434	0.435	5	2603
0.435	0.436	6	2609
0.436	0.437	6	2615
0.437	0.438	6	2621
0.438	0.439	8	2629
0.439	0.440	6	2635
0.440	0.441	10	2645
0.441	0.442	8	2653
0.442	0.443	4	2657
0.443	0.444	1	2658
0.444	0.445	10	2668
0.445	0.446	12	2680
0.446	0.447	1	2681
0.447	0.448	11	2692
0.448	0.449	11	2703
0.449	0.450	5	2708
0.450	0.451	7	2715
0.451	0.452	4	2719
0.452	0.453	9	2728
0.453	0.454	3	2731
0.454	0.455	4	2735
0.455	0.456	12	2747
0.456	0.457	8	2755
0.457	0.458	5	2760
0.458	0.459	2	2762
0.459	0.460	6	2768
0.460	0.461	6	2774
0.461	0.462	9	2783
0.462	0.463	9	2792
0.463	0.464	4	2796
0.464	0.465	9	2805
0.465	0.466	6	2811
0.466	0.467	9	2820
0.467	0.468	5	2825
0.468	0.469	6	2831
0.469	0.470	8	2839
0.470	0.471	8	2847
0.471	0.472	6	2853
0.472	0.473	7	2860
0.473	0.474	8	2868
0.474	0.475	7	2875
0.475	0.476	10	2885
0.476	0.477	6	2891
0.477	0.478	4	2895
0.478	0.479	6	2901
0.479	0.480	2	2903
0.480	0.481	6	2909
0.481	0.482	6	2915
0.482	0.483	0	2915
0.483	0.484	5	2920
0.484	0.485	8	2928
0.485	0.486	10	2938
0.486	0.487	2	2940
0.487	0.488	10	2950
0.488	0.489	6	2956
0.489	0.490	8	2964
0.490	0.491	1	2965
0.491	0.492	6	2971
0.492	0.493	5	2976
0.493	0.494	5	2981
0.494	0.495	4	2985
0.495	0.496	6	2991
0.496	0.497	6	2997
0.497	0.498	9	3006
0.498	0.499	7	3013
0.499	0.500	6	3019
0.500	0.501	5	3024
0.501	0.502	10	3034
0.502	0.503	12	3046
0.503	0.504	6	3052
0.504	0.505	9	3061
0.505	0.506	4	3065
0.506	0.507	12	3077
0.507	0.508	10	3087
0.508	0.509	8	3095
0.509	0.510	11	3106
0.510	0.511	6	3112
0.511	0.512	6	3118
0.512	0.513	6	3124
0.513	0.514	11	3135
0.514	0.515	3	3138
0.515	0.516	13	3151
0.516	0.517	10	3161
0.517	0.518	11	3172
0.518	0.519	6	3178
0.519	0.520	8	3186
0.520	0.521	7	3193
0.521	0.522	8	3201
0.522	0.523	6	3207
0.523	0.524	8	3215
0.524	0.525	8	3223
0.525	0.526	10	3233
0.526	0.527	10	3243
0.527	0.528	7	3250
0.528	0.529	9	3259
0.529	0.530	7	3266
0.530	0.531	7	3273
0.531	0.532	11	3284
0.532	0.533	9	3293
0.533	0.534	6	3299
0.534	0.535	7	3306
0.535	0.536	11	3317
0.536	0.537	8	3325
0.537	0.538	6	3331
0.538	0.539	6	3337
0.539	0.540	8	3345
0.540	0.541	7	3352
0.541	0.542	2	3354
0.542	0.543	7	3361
0.543	0.544	7	3368
0.544	0.545	3	3371
0.545	0.546	10	3381
0.546	0.547	4	3385
0.547	0.548	5	3390
0.548	0.549	6	3396
0.549	0.550	6	3402
0.550	0.551	6	3408
0.551	0.552	6	3414
0.552	0.553	7	3421
0.553	0.554	9	3430
0.554	0.555	10	3440
0.555	0.556	11	3451
0.556	0.557	7	3458
0.557	0.558	9	3467
0.558	0.559	5	3472
0.559	0.560	6	3478
0.560	0.561	8	3486
0.561	0.562	10	3496
0.562	0.563	10	3506
0.563	0.564	6	3512
0.564	0.565	11	3523
0.565	0.566	6	3529
0.566	0.567	7	3536
0.567	0.568	8	3544
0.568	0.569	11	3555
0.569	0.570	8	3563
0.570	0.571	3	3566
0.571	0.572	6	3572
0.572	0.573	3	3575
0.573	0.574	7	3582
0.574	0.575	4	3586
0.575	0.576	9	3595
0.576	0.577	11	3606
0.577	0.578	5	3611
0.578	0.579	6	3617
0.579	0.580	7	3624
0.580	0.581	9	3633
0.581	0.582	7	3640
0.582	0.583	4	3644
0.583	0.584	6	3650
0.584	0.585	5	3655
0.585	0.586	4	3659
0.586	0.587	3	3662
0.587	0.588	1	3663
0.588	0.589	12	3675
0.589	0.590	5	3680
0.590	0.591	5	3685
0.591	0.592	9	3694
0.592	0.593	6	3700
0.593	0.594	2	3702
0.594	0.595	3	3705
0.595	0.596	7	3712
0.596	0.597	6	3718
0.597	0.598	10	3728
0.598	0.599	8	3736
0.599	0.600	6	3742
0.600	0.601	7	3749
0.601	0.602	4	3753
0.602	0.603	6	3759
0.603	0.604	13	3772
0.604	0.605	8	3780
0.605	0.606	3	3783
0.606	0.607	7	3790
0.607	0.608	5	3795
0.608	0.609	6	3801
0.609	0.610	10	3811
0.610	0.611	13	3824
0.611	0.612	7	3831
0.612	0.613	6	3837
0.613	0.614	5	3842
0.614	0.615	4	3846
0.615	0.616	6	3852
0.616	0.617	9	3861
0.617	0.618	8	3869
0.618	0.619	4	3873
0.619	0.620	5	3878
0.620	0.621	7	3885
0.621	0.622	6	3891
0.622	0.623	8	3899
0.623	0.624	4	3903
0.624	0.625	7	3910
0.625	0.626	7	3917
0.626	0.627	14	3931
0.627	0.628	6	3937
0.628	0.629	5	3942
0.629	0.630	7	3949
0.630	0.631	7	3956
0.631	0.632	5	3961
0.632	0.633	7	3968
0.633	0.634	4	3972
0.634	0.635	7	3979
0.635	0.636	4	3983
0.636	0.637	1	3984
0.637	0.638	5	3989
0.638	0.639	3	3992
0.639	0.640	3	3995
0.640	0.641	6	4001
0.641	0.642	5	4006
0.642	0.643	4	4010
0.643	0.644	5	4015
0.644	0.645	7	4022
0.645	0.646	10	4032
0.646	0.647	5	4037
0.647	0.648	5	4042
0.648	0.649	4	4046
0.649	0.650	6	4052
0.650	0.651	4	4056
0.651	0.652	9	4065
0.652	0.653	6	4071
0.653	0.654	9	4080
0.654	0.655	4	4084
0.655	0.656	4	4088
0.656	0.657	5	4093
0.657	0.658	10	4103
0.658	0.659	8	4111
0.659	0.660	5	4116
0.660	0.661	5	4121
0.661	0.662	4	4125
0.662	0.663	5	4130
0.663	0.664	7	4137
0.664	0.665	11	4148
0.665	0.666	5	4153
0.666	0.667	6	4159
0.667	0.668	8	4167
0.668	0.669	6	4173
0.669	0.670	6	4179
0.670	0.671	7	4186
0.671	0.672	7	4193
0.672	0.673	4	4197
0.673	0.674	8	4205
0.674	0.675	5	4210
0.675	0.676	5	4215
0.676	0.677	6	4221
0.677	0.678	6	4227
0.678	0.679	7	4234
0.679	0.680	6	4240
0.680	0.681	4	4244
0.681	0.682	5	4249
0.682	0.683	7	4256
0.683	0.684	8	4264
0.684	0.685	8	4272
0.685	0.686	6	4278
0.686	0.687	6	4284
0.687	0.688	7	4291
0.688	0.689	6	4297
0.689	0.690	4	4301
0.690	0.691	4	4305
0.691	0.692	4	4309
0.692	0.693	5	4314
0.693	0.694	3	4317
0.694	0.695	5	4322
0.695	0.696	5	4327
0.696	0.697	5	4332
0.697	0.698	3	4335
0.698	0.699	3	4338
0.699	0.700	8	4346
0.700	0.701	3	4349
0.701	0.702	8	4357
0.702	0.703	3	4360
0.703	0.704	5	4365
0.704	0.705	5	4370
0.705	0.706	8	4378
0.706	0.707	3	4381
0.707	0.708	8	4389
0.708	0.709	9	4398
0.709	0.710	8	4406
0.710	0.711	8	4414
0.711	0.712	2	4416
0.712	0.713	3	4419
0.713	0.714	6	4425
0.714	0.715	1	4426
0.715	0.716	5	4431
0.716	0.717	5	4436
0.717	0.718	5	4441
0.718	0.719	5	4446
0.719	0.720	6	4452
0.720	0.721	8	4460
0.721	0.722	3	4463
0.722	0.723	2	4465
0.723	0.724	8	4473
0.724	0.725	3	4476
0.725	0.726	5	4481
0.726	0.727	5	4486
0.727	0.728	5	4491
0.728	0.729	3	4494
0.729	0.730	6	4500
0.730	0.731	4	4504
0.731	0.732	5	4509
0.732	0.733	10	4519
0.733	0.734	3	4522
0.734	0.735	4	4526
0.735	0.736	6	4532
0.736	0.737	6	4538
0.737	0.738	1	4539
0.738	0.739	1	4540
0.739	0.740	6	4546
0.740	0.741	7	4553
0.741	0.742	9	4562
0.742	0.743	2	4564
0.743	0.744	3	4567
0.744	0.745	1	4568
0.745	0.746	4	4572
0.746	0.747	7	4579
0.747	0.748	4	4583
0.748	0.749	5	4588
0.749	0.750	3	4591
0.750	0.751	7	4598
0.751	0.752	4	4602
0.752	0.753	5	4607
0.753	0.754	1	4608
0.754	0.755	4	4612
0.755	0.756	5	4617
0.756	0.757	5	4622
0.757	0.758	5	4627
0.758	0.759	2	4629
0.759	0.760	5	4634
0.760	0.761	4	4638
0.761	0.762	2	4640
0.762	0.763	4	4644
0.763	0.764	3	4647
0.764	0.765	10	4657
0.765	0.766	8	4665
0.766	0.767	5	4670
0.767	0.768	1	4671
0.768	0.769	5	4676
0.769	0.770	4	4680
0.770	0.771	3	4683
0.771	0.772	6	4689
0.772	0.773	1	4690
0.773	0.774	0	4690
0.774	0.775	3	4693
0.775	0.776	1	4694
0.776	0.777	3	4697
0.777	0.778	2	4699
0.778	0.779	3	4702
0.779	0.780	3	4705
0.780	0.781	4	4709
0.781	0.782	7	4716
0.782	0.783	2	4718
0.783	0.784	2	4720
0.784	0.785	1	4721
0.785	0.786	3	4724
0.786	0.787	3	4727
0.787	0.788	5	4732
0.788	0.789	2	4734
0.789	0.790	5	4739
0.790	0.791	1	4740
0.791	0.792	3	4743
0.792	0.793	3	4746
0.793	0.794	1	4747
0.794	0.795	4	4751
0.795	0.796	1	4752
0.796	0.797	1	4753
0.797	0.798	2	4755
0.798	0.799	1	4756
0.799	0.800	2	4758
0.800	0.801	4	4762
0.801	0.802	6	4768
0.802	0.803	4	4772
0.803	0.804	2	4774
0.804	0.805	3	4777
0.805	0.806	1	4778
0.806	0.807	4	4782
0.807	0.808	2	4784
0.808	0.809	2	4786
0.809	0.810	3	4789
0.810	0.811	4	4793
0.811	0.812	2	4795
0.812	0.813	2	4797
0.813	0.814	5	4802
0.814	0.815	3	4805
0.815	0.816	0	4805
0.816	0.817	6	4811
0.817	0.818	7	4818
0.818	0.819	2	4820
0.819	0.820	1	4821
0.820	0.821	1	4822
0.821	0.822	0	4822
0.822	0.823	2	4824
0.823	0.824	3	4827
0.824	0.825	3	4830
0.825	0.826	4	4834
0.826	0.827	2	4836
0.827	0.828	2	4838
0.828	0.829	4	4842
0.829	0.830	0	4842
0.830	0.831	2	4844
0.831	0.832	2	4846
0.832	0.833	1	4847
0.833	0.834	0	4847
0.834	0.835	1	4848
0.835	0.836	2	4850
0.836	0.837	2	4852
0.837	0.838	1	4853
0.838	0.839	0	4853
0.839	0.840	1	4854
0.840	0.841	5	4859
0.841	0.842	1	4860
0.842	0.843	2	4862
0.843	0.844	1	4863
0.844	0.845	1	4864
0.845	0.846	4	4868
0.846	0.847	1	4869
0.847	0.848	2	4871
0.848	0.849	4	4875
0.849	0.850	4	4879
0.850	0.851	1	4880
0.851	0.852	0	4880
0.852	0.853	2	4882
0.853	0.854	0	4882
0.854	0.855	4	4886
0.855	0.856	2	4888
0.856	0.857	5	4893
0.857	0.858	1	4894
0.858	0.859	2	4896
0.859	0.860	5	4901
0.860	0.861	1	4902
0.861	0.862	1	4903
0.862	0.863	1	4904
0.863	0.864	1	4905
0.864	0.865	2	4907
0.865	0.866	1	4908
0.866	0.867	0	4908
0.867	0.868	2	4910
0.868	0.869	0	4910
0.869	0.870	0	4910
0.870	0.871	1	4911
0.871	0.872	1	4912
0.872	0.873	0	4912
0.873	0.874	2	4914
0.874	0.875	1	4915
0.875	0.876	1	4916
0.876	0.877	2	4918
0.877	0.878	2	4920
0.878	0.879	0	4920
0.879	0.880	0	4920
0.880	0.881	1	4921
0.881	0.882	2	4923
0.882	0.883	1	4924
0.883	0.884	3	4927
0.884	0.885	0	4927
0.885	0.886	0	4927
0.886	0.887	0	4927
0.887	0.888	1	4928
0.888	0.889	1	4929
0.889	0.890	2	4931
0.890	0.891	1	4932
0.891	0.892	3	4935
0.892	0.893	1	4936
0.893	0.894	0	4936
0.894	0.895	1	4937
0.895	0.896	0	4937
0.896	0.897	1	4938
0.897	0.898	1	4939
0.898	0.899	1	4940
0.899	0.900	1	4941
0.900	0.901	1	4942
0.901	0.902	0	4942
0.902	0.903	0	4942
0.903	0.904	2	4944
0.904	0.905	1	4945
0.905	0.906	0	4945
0.906	0.907	1	4946
0.907	0.908	0	4946
0.908	0.909	0	4946
0.909	0.910	0	4946
0.910	0.911	0	4946
0.911	0.912	0	4946
0.912	0.913	0	4946
0.913	0.914	0	4946
0.914	0.915	0	4946
0.915	0.916	0	4946
0.916	0.917	0	4946
0.917	0.918	1	4947
0.918	0.919	0	4947
0.919	0.920	0	4947
0.920	0.921	0	4947
0.921	0.922	0	4947
0.922	0.923	0	4947
0.923	0.924	0	4947
0.924	0.925	0	4947
0.925	0.926	0	4947
0.926	0.927	0	4947
0.927	0.928	0	4947
0.928	0.929	0	4947
0.929	0.930	0	4947
0.930	0.931	0	4947
0.931	0.932	0	4947
0.932	0.933	0	4947
0.933	0.934	0	4947
0.934	0.935	0	4947
0.935	0.936	1	4948
0.936	0.937	0	4948
0.937	0.938	0	4948
0.938	0.939	0	4948
0.939	0.940	0	4948
0.940	0.941	0	4948
0.941	0.942	0	4948
0.942	0.943	0	4948
0.943	0.944	0	4948
0.944	0.945	0	4948
0.945	0.946	0	4948
0.946	0.947	0	4948
0.947	0.948	1	4949
0.948	0.949	0	4949
0.949	0.950	1	4950
0.950	0.951	0	4950
0.951	0.952	0	4950
0.952	0.953	0	4950
0.953	0.954	0	4950
0.954	0.955	0	4950
0.955	0.956	0	4950
0.956	0.957	0	4950
0.957	0.958	0	4950
0.958	0.959	0	4950
0.959	0.960	0	4950
0.960	0.961	0	4950
0.961	0.962	0	4950
0.962	0.963	0	4950
0.963	0.964	0	4950
0.964	0.965	0	4950
0.965	0.966	0	4950
0.966	0.967	0	4950
0.967	0.968	0	4950
0.968	0.969	0	4950
0.969	0.970	0	4950
0.970	0.971	0	4950
0.971	0.972	0	4950
0.972	0.973	0	4950
0.973	0.974	0	4950
0.974	0.975	0	4950
0.975	0.976	0	4950
0.976	0.977	0	4950
0.977	0.978	0	4950
0.978	0.979	0	4950
0.979	0.980	0	4950
0.980	0.981	0	4950
0.981	0.982	0	4950
0.982	0.983	0	4950
0.983	0.984	0	4950
0.984	0.985	0	4950
0.985	0.986	0	4950
0.986	0.987	0	4950
0.987	0.988	0	4950
0.988	0.989	0	4950
0.989	0.990	0	4950
0.990	0.991	0	4950
0.991	0.992	0	4950
0.992	0.993	0	4950
0.993	0.994	0	4950
0.994	0.995	0	4950
0.995	0.996	0	4950
0.996	0.997	0	4950
0.997	0.998	0	4950
0.998	0.999	0	4950
0.999	1.000	0	4950
1.000	1.001	0	4950
mean value = 0.365331
variance = 0.093183
standard deviation = 0.305259
skewness = -0.020211
kurtosis = 0.026825
lower quartile = 0.176833
median_value = 0.414000
upper quartile = 0.596083
interquartile range = 0.419250
