symbol	GSM1855317	GSM1855318	GSM1855319	GSM1855320	GSM1855321	GSM1855322	GSM2195410	GSM2195411	GSM2195412	GSM2195413	GSM2195414	GSM2195415	GSM2226784	GSM2226785	GSM2226786	GSM2226787	GSM2226788	GSM2226789	GSM2226790	GSM2226791	GSM2226792	GSM2226793	GSM2477389	GSM2477390	GSM2477391	GSM2477392	GSM2477393	GSM2477394	GSM2700243	GSM2700244	GSM2700245	GSM2700240	GSM2700241	GSM2700242	GSM2774691	GSM2774692	GSM2774693	GSM2774694	GSM2774695	GSM2774696	GSM3685851	GSM3685852	GSM3685853	GSM3685848	GSM3685849	GSM3685850	GSM3936838	GSM3936839	GSM3936840	GSM3936841
rs1019916	1	1	0	0	1	0	0	1	1	1	1	0	2	0	0	0	0	0	1	0	0	1	0	1	0	0	0	0	0	0	0	1	1	0	1	0	0	1	0	0	0	0	0	1	0	0	0	1	0	0
rs10457834	2	0	1	0	0	2	0	0	0	1	0	0	0	1	0	0	1	0	1	0	0	0	2	1	0	0	0	1	2	2	2	1	0	1	1	1	0	1	1	0	1	2	2	1	1	0	0	0	0	1
rs1416770	1	0	1	0	0	2	0	0	0	0	0	0	0	1	0	0	1	0	1	0	0	0	2	1	0	0	2	1	2	1	2	1	0	1	0	2	0	1	1	0	1	2	2	1	1	0	1	0	0	1
rs1941955	1	0	1	0	0	2	0	0	0	0	0	0	0	1	0	0	1	0	1	0	0	0	2	1	0	0	2	1	2	2	2	1	0	1	0	2	0	1	1	0	1	2	2	1	1	0	1	0	0	1
rs2125573	2	0	1	0	0	2	2	0	0	1	0	0	1	1	0	1	1	0	1	0	0	0	2	1	1	0	0	1	2	2	2	1	0	1	1	1	0	1	1	0	1	2	2	1	1	0	1	0	0	1
rs2235751	0	0	0	2	1	0	0	0	0	0	2	1	0	0	1	1	0	0	1	0	0	2	0	1	2	0	1	1	0	0	0	0	1	0	0	0	1	0	0	0	0	0	0	0	0	0	0	0	0	1
rs2521373	0	0	0	2	1	0	0	0	0	0	2	1	0	0	1	1	0	0	1	0	0	2	0	1	2	0	1	1	0	0	0	0	1	0	0	0	1	0	0	0	0	0	0	0	0	0	0	0	0	1
rs264581	0	0	0	2	1	0	0	0	0	0	2	1	0	0	1	1	0	0	1	0	0	2	0	1	2	0	1	1	0	0	0	0	1	0	0	0	0	0	0	0	0	0	0	0	0	0	0	0	0	0
rs2804694	0	0	1	0	2	0	0	1	0	0	0	0	0	0	0	1	0	0	0	0	1	0	0	1	2	1	2	1	0	0	0	1	0	0	0	1	1	1	1	0	0	0	0	0	0	1	0	2	0	0
rs2959823	1	1	1	0	0	1	1	0	1	0	0	0	0	1	0	1	1	2	2	1	1	0	2	1	0	0	0	1	2	2	2	1	0	1	0	1	1	1	1	1	2	2	2	1	1	1	2	0	0	1
rs5931272	1	1	1	2	2	0	0	1	0	1	1	1	0	0	2	1	0	0	1	1	1	2	0	1	1	2	1	1	0	0	0	0	1	1	1	0	0	1	1	0	1	0	0	0	0	1	0	1	1	0
rs6546473	1	1	0	1	2	0	1	1	2	1	2	1	0	0	1	1	0	1	1	1	2	2	0	1	2	0	1	1	0	0	1	0	1	1	2	1	1	2	2	1	1	0	0	0	0	1	1	1	0	1
rs739259	1	1	2	0	0	2	1	1	0	1	0	1	2	2	1	0	2	1	1	0	0	0	2	1	0	2	1	1	2	2	1	1	0	1	0	1	1	0	0	1	1	2	2	1	1	1	1	1	2	1
rs798149	1	1	1	0	0	2	1	1	0	1	0	1	2	1	1	0	2	1	1	0	0	0	2	1	0	1	1	1	2	2	1	1	0	1	0	1	1	0	0	1	1	2	2	1	1	0	1	0	2	1
rs845016	1	2	2	0	1	2	2	1	0	1	0	1	2	2	1	0	2	1	1	0	1	0	2	1	0	2	1	1	2	2	2	1	0	2	0	1	1	1	1	1	2	2	2	1	1	1	1	2	2	1
rs472920	1	1	2	0	0	2	2	1	0	1	0	1	2	2	1	1	2	1	1	0	0	0	2	1	0	2	1	1	2	2	2	1	0	1	0	1	1	1	1	1	1	2	2	1	1	1	1	2	2	1
rs133860	1	1	2	0	0	2	2	1	0	1	0	1	2	2	1	1	2	1	1	0	0	0	2	1	0	2	1	1	2	2	2	1	0	1	0	1	1	1	1	1	1	2	2	1	1	1	1	2	2	1
rs9839873	1	1	1	0	0	2	1	0	0	0	0	1	1	1	0	0	2	0	1	0	0	0	2	1	0	0	1	1	2	2	1	1	0	1	0	1	0	0	0	1	1	2	2	1	1	0	1	0	0	1
rs1484127	1	1	1	2	2	0	0	1	2	1	2	1	0	1	1	1	0	1	1	1	2	2	0	1	2	1	1	1	0	0	0	0	1	1	2	1	1	1	1	1	1	0	0	0	0	1	1	1	0	1
rs1510189	1	1	1	0	0	2	2	1	0	1	0	1	2	1	1	1	2	1	1	0	0	0	2	1	0	1	1	1	2	2	2	1	0	1	0	1	1	1	1	1	1	2	2	1	1	1	1	1	2	1
rs6426327	1	1	1	0	0	2	2	1	0	1	0	1	2	1	1	1	2	1	1	0	0	0	2	1	0	1	1	1	2	2	2	1	0	1	0	1	1	1	1	1	1	2	2	1	1	1	1	1	2	1
rs3818562	1	1	1	0	0	2	2	1	0	1	0	1	2	1	1	1	2	1	1	0	0	0	2	1	0	1	1	1	2	2	2	1	0	1	0	1	1	1	1	1	1	2	2	1	1	1	1	1	2	1
rs7660805	1	1	1	0	0	2	2	1	0	1	0	1	2	1	1	0	2	1	1	0	0	0	2	1	0	1	1	1	2	2	2	1	0	1	0	1	1	1	1	1	1	2	2	1	1	0	1	1	2	1
rs6982811	1	1	1	0	0	2	2	1	0	1	0	1	2	1	1	0	2	1	1	0	0	0	2	1	0	1	1	1	2	2	2	1	0	1	0	1	1	1	1	1	1	2	2	1	1	0	1	1	2	1
rs11249206	1	1	2	0	0	2	2	1	0	1	0	1	2	2	1	0	2	1	1	0	0	0	2	1	0	1	1	1	2	2	2	1	0	1	0	1	1	1	1	1	1	2	2	1	1	1	1	2	2	1
rs9363764	1	1	2	0	0	2	2	1	0	1	0	1	2	2	1	0	2	1	1	0	0	0	2	1	0	2	1	1	2	2	2	1	0	1	0	1	1	1	1	1	1	2	2	1	1	1	1	2	2	1
rs2032088	1	1	2	0	0	2	2	0	0	0	0	1	2	2	1	0	1	1	1	0	0	0	2	1	0	2	1	1	2	2	2	1	0	1	0	1	0	1	1	1	1	2	2	1	1	1	1	2	2	1
rs348937	1	0	0	2	1	0	0	1	0	1	2	1	0	0	1	1	0	0	1	0	0	2	0	1	2	0	1	1	0	0	0	0	1	0	2	0	0	1	1	0	0	0	0	0	0	0	0	0	0	0
rs1467387	1	1	2	0	0	2	2	1	0	1	0	1	2	2	1	0	2	1	1	0	0	0	2	1	0	2	1	1	2	2	2	1	0	1	0	1	1	1	1	1	1	2	2	1	1	1	1	2	2	1
rs4742386	1	1	1	0	0	2	1	1	0	1	0	1	1	1	1	0	2	0	1	0	0	0	2	1	0	2	1	1	2	2	1	1	0	1	0	1	1	0	0	1	1	2	2	1	1	0	1	0	2	1
rs2857639	1	1	2	0	0	2	2	1	0	1	0	1	2	2	1	0	2	1	1	0	0	0	2	1	0	2	1	1	2	2	2	1	0	1	0	1	1	1	1	1	1	2	2	1	1	1	1	2	2	1
rs1495031	1	1	2	0	0	2	2	1	0	1	0	1	1	2	1	0	2	1	1	0	0	0	2	1	0	2	1	1	2	2	2	1	0	1	0	1	1	1	1	1	1	2	2	1	1	1	1	2	2	1
rs1510480	1	1	2	0	0	2	2	1	0	1	0	1	2	2	1	0	2	1	1	0	0	0	2	1	0	2	1	1	2	2	2	1	0	1	0	1	1	1	1	1	1	2	2	1	1	1	1	2	2	1
rs7746156	1	1	2	0	0	2	2	1	0	1	0	1	2	2	1	0	2	1	1	0	0	0	2	1	0	2	1	1	2	2	2	1	0	1	0	1	1	1	1	1	1	1	2	1	1	1	1	2	2	1
rs1945975	1	1	2	0	0	2	2	1	0	1	0	1	2	2	1	0	2	1	1	0	0	0	2	1	0	2	1	1	2	2	2	1	0	1	0	1	1	1	1	1	1	2	2	1	1	1	2	2	2	1
rs966367	1	1	2	0	0	2	2	1	0	1	0	1	2	2	1	1	2	1	1	0	0	0	2	1	0	2	1	1	2	2	2	1	0	1	0	1	1	1	1	1	1	2	2	1	1	1	2	2	2	1
rs877309	1	1	2	0	0	2	2	1	0	1	0	1	2	2	1	0	2	1	1	0	0	0	2	1	0	2	1	1	2	2	2	1	0	1	0	1	1	1	1	1	1	2	2	1	1	1	2	2	2	1
rs4331560	1	1	2	0	0	2	2	1	0	1	0	1	2	2	1	0	2	1	1	0	0	0	2	1	0	2	1	1	2	2	2	1	0	1	0	1	1	1	1	1	1	2	2	1	1	1	2	2	2	1
rs10796216	1	1	1	0	0	2	1	0	0	0	0	1	1	1	0	0	2	0	1	0	0	0	2	1	0	0	1	1	2	2	1	1	0	1	0	1	0	0	0	1	1	2	2	1	1	0	1	0	0	1
rs1040870	1	1	2	0	0	2	2	1	0	1	0	1	2	2	1	0	2	1	1	0	0	0	2	1	0	2	1	1	2	2	2	1	0	1	0	1	1	1	1	1	1	2	2	1	1	1	2	2	2	1
rs10936224	1	1	2	0	0	2	2	1	0	1	0	1	2	2	1	0	2	1	1	0	0	0	2	1	0	2	1	1	2	2	2	1	0	1	0	1	1	1	1	1	1	2	2	1	1	1	2	2	2	1
rs213028	1	0	0	1	1	0	0	1	0	1	0	1	0	0	1	1	0	0	1	1	1	0	0	1	2	0	1	1	0	0	0	1	1	0	1	1	0	1	1	0	0	0	0	1	1	0	0	0	0	0
rs654498	1	1	2	0	0	2	1	1	0	1	0	1	2	2	1	1	2	1	1	0	0	0	2	1	0	2	1	1	2	2	1	1	0	1	0	1	1	1	1	1	1	2	1	1	1	1	2	1	2	1
rs13369115	1	1	0	2	2	0	0	1	2	1	2	1	0	0	1	1	0	1	1	1	1	2	0	1	2	0	1	1	0	0	0	0	1	1	2	0	1	1	1	1	1	0	0	0	0	1	0	0	0	1
rs10033147	1	1	1	0	0	2	1	0	0	0	0	1	1	1	0	0	2	0	1	0	0	0	2	1	0	0	1	1	2	2	1	1	0	1	0	1	0	0	0	1	1	2	2	1	1	0	1	0	0	1
rs3936238	1	0	0	2	1	0	0	1	0	1	2	1	0	0	1	2	0	0	1	0	1	2	0	1	2	0	1	1	0	0	0	0	1	0	2	1	0	1	1	0	0	0	0	0	0	0	0	0	0	0
rs1520670	1	1	1	0	0	1	1	0	0	0	0	1	1	1	0	0	1	0	1	0	0	0	2	1	0	0	1	1	2	2	1	1	0	1	0	1	0	0	0	1	1	2	1	1	1	0	1	0	0	1
rs6991394	1	1	2	0	0	2	2	1	0	1	0	1	2	2	1	0	2	1	1	0	0	0	2	1	0	2	1	1	2	2	2	1	0	1	0	1	1	1	1	1	1	2	2	1	1	1	2	2	2	1
rs2208123	1	1	0	2	2	0	0	1	0	1	2	1	0	0	1	2	0	0	1	0	2	2	0	1	2	0	1	1	0	0	0	0	1	1	2	1	0	1	1	0	1	0	0	0	0	1	0	0	0	0
rs10774834	1	1	2	0	0	2	2	1	0	1	0	1	2	2	1	0	2	1	1	0	0	0	2	1	0	2	1	1	2	2	2	1	0	1	0	1	1	1	1	1	1	2	2	1	1	1	2	2	2	1
rs5936512	1	1	1	2	2	0	1	2	2	2	2	1	1	1	0	2	0	2	1	1	2	2	0	1	2	1	1	1	0	0	1	0	1	1	2	1	1	2	2	1	1	0	0	1	0	2	1	2	2	1
rs6626309	1	1	0	2	1	0	0	1	2	1	2	1	0	0	1	2	0	1	1	1	2	2	0	1	2	0	1	1	0	0	0	0	1	1	2	1	1	1	1	1	1	0	0	0	0	1	0	0	0	1
rs5987737	1	1	2	0	0	2	2	1	0	1	0	1	2	2	1	0	2	1	1	0	0	0	2	1	0	2	1	1	2	2	2	1	0	1	0	1	1	1	1	1	1	2	2	1	1	1	2	2	2	1
rs715359	1	1	2	0	0	2	2	1	0	1	0	1	2	2	1	0	2	1	1	0	0	0	2	1	0	2	1	1	2	2	2	1	0	1	0	1	1	1	1	1	1	2	2	1	1	1	2	2	2	1
rs2385226	1	1	0	2	2	0	0	1	0	1	2	1	0	0	1	2	0	0	1	0	2	2	0	1	2	0	1	1	0	0	0	0	1	1	2	1	0	1	1	0	1	0	0	0	0	1	0	0	0	0
rs11034952	1	1	0	2	2	0	0	1	2	1	2	1	0	0	1	2	0	1	1	1	2	2	0	1	2	0	1	1	0	0	0	0	1	1	2	1	1	1	1	1	1	0	0	0	0	1	0	0	0	1
rs1414097	1	1	1	0	0	2	2	0	0	0	0	1	2	2	0	0	2	1	1	0	0	0	2	1	0	0	1	1	2	2	2	1	0	1	0	1	0	1	1	1	1	2	2	1	1	0	2	1	0	1
rs951295	1	1	1	2	2	0	0	2	2	2	2	1	0	0	1	2	0	1	1	1	2	2	0	1	2	1	1	1	0	0	0	0	1	1	2	1	1	1	1	1	1	0	0	0	0	2	0	1	1	1
rs10882854	1	0	0	2	1	0	0	1	0	1	2	1	0	0	1	2	0	0	1	0	0	2	0	1	2	0	1	1	0	0	0	0	1	0	1	0	0	1	1	0	0	0	0	0	0	0	0	0	0	0
rs10846239	1	1	1	0	0	2	1	0	0	0	0	1	1	1	0	0	2	0	1	0	0	0	2	1	0	0	1	1	2	2	1	1	0	1	0	1	0	0	0	1	1	2	2	1	1	0	1	0	0	1
rs6471533	1	1	1	0	0	2	1	0	0	0	0	1	1	1	0	0	2	0	1	0	0	0	2	1	0	0	1	1	2	2	1	1	0	1	0	1	0	0	0	1	1	2	2	1	1	0	1	0	0	1
rs5926356	1	1	2	0	0	2	2	1	0	1	0	1	2	2	1	0	2	1	1	0	0	0	2	1	0	2	1	1	2	2	2	1	0	1	0	1	1	1	1	1	1	2	2	1	1	1	2	2	2	1
rs5381179	2	1	2	0	0	2	2	1	0	2	0	2	2	2	1	1	2	1	1	0	0	0	2	1	0	2	1	1	2	2	2	1	0	1	1	1	1	1	1	1	1	2	2	1	1	0	2	2	2	1
rs4836002	1	1	1	0	0	2	1	0	0	0	0	1	1	1	1	0	2	0	1	0	0	0	2	1	0	1	1	1	2	2	1	1	0	1	0	1	1	0	0	1	1	2	2	1	1	0	2	0	1	1
rs4290825	1	1	0	2	2	0	0	1	2	1	2	1	0	0	1	2	0	1	1	1	2	2	0	1	2	0	1	1	0	0	0	0	1	1	2	1	1	1	1	1	1	0	0	0	0	1	0	0	0	1
rs3745648	1	1	1	0	0	2	1	0	0	0	0	1	1	1	0	0	2	0	1	0	0	0	2	1	0	0	1	1	2	2	1	1	0	1	0	1	0	0	0	1	1	2	1	1	1	0	1	0	0	1
rs3200471	1	1	1	0	0	2	1	1	0	1	0	1	1	1	1	0	2	0	1	0	0	0	2	1	0	1	1	1	2	2	1	1	0	1	0	1	1	0	0	1	1	2	2	1	1	0	1	0	2	1
rs2655294	1	1	1	0	0	2	1	0	0	0	0	1	1	1	0	0	2	0	1	0	0	0	2	1	0	0	1	1	2	2	1	1	0	1	0	1	0	0	0	1	1	2	2	1	1	0	1	0	0	1
rs2110117	1	1	0	2	2	0	0	1	2	1	2	1	0	0	1	2	0	1	1	1	2	2	0	1	2	0	1	1	0	0	0	0	1	1	2	1	1	1	1	1	1	0	0	0	0	1	0	0	0	1
rs1564940	0	0	0	2	2	1	1	1	0	0	1	0	0	0	0	2	0	0	1	0	0	2	0	1	1	0	1	1	0	0	0	0	1	0	0	0	0	1	1	0	0	0	0	0	0	0	0	1	0	0
rs1019763	1	0	2	2	2	1	2	2	2	2	2	0	1	1	2	2	1	2	1	2	0	2	0	1	2	1	1	2	0	1	1	1	2	0	2	0	2	1	2	1	0	0	0	1	2	1	1	2	2	2
rs474586	1	0	2	2	2	1	2	2	2	2	2	0	1	1	2	2	1	2	1	2	0	2	0	1	2	1	1	2	0	1	1	1	2	0	2	0	2	1	2	1	0	0	0	1	2	1	1	2	2	2
rs70591	0	0	0	2	2	1	1	1	0	0	1	0	0	0	0	2	0	0	1	0	0	2	0	1	2	0	1	1	0	0	0	0	1	0	0	0	0	1	1	0	0	0	0	0	0	0	0	1	0	0
rs615768	0	0	0	2	2	1	1	1	0	0	1	0	0	0	0	2	0	0	1	0	0	2	0	1	2	0	1	1	0	0	0	0	1	0	0	0	0	1	1	0	0	0	0	0	0	0	0	1	0	0
rs1160945	0	0	0	2	2	1	1	1	0	0	1	0	0	0	0	2	0	1	1	0	0	2	0	1	2	0	1	1	0	0	0	0	1	0	0	0	0	1	1	0	0	0	0	0	0	0	0	1	0	0
rs1706122	0	0	2	2	2	1	1	2	1	1	2	1	1	0	0	1	0	1	1	2	0	2	0	1	2	0	2	1	0	0	1	1	2	1	0	0	2	1	2	2	0	0	0	1	2	1	0	1	2	1
rs2251299	0	0	1	1	2	0	0	1	0	0	2	1	1	0	0	1	0	0	1	1	0	2	0	1	2	0	2	1	0	0	0	1	2	1	0	0	0	1	1	1	0	0	0	1	1	0	0	1	1	0
rs2796476	0	1	1	0	0	2	0	1	1	1	0	1	1	1	2	0	1	0	1	1	0	0	2	1	0	1	0	1	2	1	1	1	0	1	0	1	2	0	0	1	1	2	2	1	1	0	1	0	1	2
rs3341653	0	1	1	0	0	1	0	1	1	1	0	1	1	1	2	1	2	0	1	1	0	0	2	1	0	1	0	1	2	1	1	1	1	1	1	1	2	0	0	1	1	2	2	1	1	0	1	0	1	2
rs3886830	0	0	0	2	0	0	1	0	0	1	1	1	1	0	0	0	0	1	0	0	0	2	0	0	1	0	1	1	0	0	0	0	0	1	0	0	0	1	0	1	0	0	0	1	1	0	1	0	0	0
rs4432007	0	0	1	2	2	0	1	0	0	1	1	1	1	1	1	0	0	1	1	0	0	2	1	1	1	0	2	1	1	1	1	0	0	1	0	0	0	1	1	1	1	2	1	2	1	0	2	0	0	1
rs4977184	2	1	1	2	2	0	1	1	1	1	1	1	1	2	1	0	1	2	2	0	2	2	1	2	1	0	2	1	1	2	1	0	0	1	1	1	0	1	1	1	2	2	1	2	2	1	2	0	1	1
rs5522361	0	0	0	2	1	0	1	1	0	0	1	1	1	1	0	0	1	2	2	0	0	1	2	2	1	1	2	0	1	1	1	0	0	1	1	0	1	1	1	1	1	2	1	2	1	0	2	0	0	1
rs6067538	0	0	0	2	2	0	1	1	0	0	1	1	1	1	0	0	1	2	2	0	0	2	2	2	1	1	2	0	1	1	1	0	0	1	1	0	1	1	1	1	1	2	1	2	1	0	2	0	0	1
rs6612715	0	0	0	2	2	0	1	1	0	1	1	1	1	1	1	0	1	2	2	0	0	2	2	2	1	1	2	1	1	1	1	0	0	1	2	0	1	1	1	1	1	2	1	2	1	0	2	0	0	1
rs7157892	0	0	0	2	2	0	1	1	0	1	1	1	1	1	1	0	1	2	2	0	0	2	2	2	1	1	2	1	1	1	1	0	0	1	2	0	1	1	1	1	1	2	1	2	1	0	2	0	0	1
rs7703069	0	0	0	2	2	0	1	1	0	1	1	1	1	1	1	0	1	2	2	0	0	2	2	2	1	1	2	1	1	1	1	0	0	1	2	0	1	1	1	1	1	2	1	2	1	0	2	0	0	1
rs8248246	0	0	0	2	2	0	1	1	0	1	1	1	1	1	1	0	1	2	2	0	0	2	2	2	1	1	2	1	1	1	1	0	0	1	2	0	1	1	1	1	1	2	1	2	1	0	2	0	0	1
rs8793423	0	0	0	2	2	0	1	1	0	1	1	1	1	1	1	0	1	2	2	0	0	2	2	2	1	1	2	1	1	1	1	0	0	1	2	0	1	1	1	1	1	2	1	2	1	0	2	0	0	1
rs9338600	2	2	2	0	0	2	1	1	2	1	1	1	1	1	1	2	1	0	0	2	2	0	0	0	1	1	0	1	1	1	1	2	2	1	0	2	1	1	1	1	1	0	1	0	0	2	0	2	2	1
rs9883777	2	2	2	0	0	2	1	1	2	1	1	1	1	1	2	2	1	0	0	2	2	0	0	0	1	1	0	2	1	1	1	2	2	1	1	2	1	1	1	1	1	0	1	0	1	2	0	2	2	1
rs10428954	2	2	2	0	0	2	1	1	2	1	1	1	1	1	1	2	1	0	0	2	2	0	0	0	0	1	0	0	1	1	1	2	2	1	0	2	1	1	1	1	1	0	1	0	1	2	0	2	2	1
rs10974131	2	2	2	0	0	2	1	1	2	1	1	1	1	1	1	2	1	0	0	2	2	0	0	0	0	1	0	0	1	1	1	2	2	1	0	2	1	1	1	1	1	0	1	0	1	2	0	2	2	1
rs11519308	2	2	2	0	0	2	1	1	2	1	1	1	1	1	1	2	1	0	0	2	2	0	0	0	0	1	0	0	1	1	1	2	2	1	0	2	1	1	1	1	1	0	1	0	1	2	0	2	2	1
rs12064485	2	2	2	0	0	2	1	1	2	1	1	1	1	1	1	2	1	0	0	2	2	0	0	0	0	1	0	0	1	1	1	2	2	1	0	2	1	1	1	1	1	0	1	0	1	2	0	2	2	1
rs12609662	2	2	2	0	0	2	1	1	2	1	1	1	1	1	1	2	1	0	0	2	2	0	0	0	0	1	0	0	1	1	1	2	2	1	0	2	1	1	1	1	1	0	1	0	1	2	0	2	2	1
rs13154839	2	2	2	0	0	2	1	1	2	1	1	1	1	1	1	2	1	0	0	2	2	0	0	0	0	1	0	0	1	1	1	2	2	1	0	2	1	1	1	1	1	0	1	0	1	2	0	2	2	1
rs13700016	1	0	0	0	0	2	0	0	0	0	0	1	1	1	1	0	0	0	0	0	1	0	0	0	0	0	0	0	1	1	0	1	0	1	0	2	0	1	0	0	0	0	1	0	1	0	0	0	0	0
rs14245193	2	2	2	0	0	2	1	1	2	1	1	1	1	1	1	2	1	0	0	2	2	0	0	0	0	1	0	0	1	1	1	2	2	1	0	2	1	1	1	1	1	0	1	0	1	2	0	2	1	1
rs14790370	1	0	0	0	0	2	0	0	0	0	0	1	1	1	1	1	0	0	0	1	0	0	0	0	0	0	0	0	1	1	1	1	1	1	0	1	0	1	1	0	0	0	1	0	1	1	0	0	1	0
