lower_interval	upper_interval	frequency	accumulative_frequency
-1.000	-0.999	0	0
-0.999	-0.998	0	0
-0.998	-0.997	0	0
-0.997	-0.996	0	0
-0.996	-0.995	0	0
-0.995	-0.994	0	0
-0.994	-0.993	0	0
-0.993	-0.992	0	0
-0.992	-0.991	0	0
-0.991	-0.990	0	0
-0.990	-0.989	0	0
-0.989	-0.988	0	0
-0.988	-0.987	0	0
-0.987	-0.986	0	0
-0.986	-0.985	0	0
-0.985	-0.984	0	0
-0.984	-0.983	0	0
-0.983	-0.982	0	0
-0.982	-0.981	0	0
-0.981	-0.980	0	0
-0.980	-0.979	0	0
-0.979	-0.978	0	0
-0.978	-0.977	0	0
-0.977	-0.976	0	0
-0.976	-0.975	0	0
-0.975	-0.974	0	0
-0.974	-0.973	0	0
-0.973	-0.972	0	0
-0.972	-0.971	0	0
-0.971	-0.970	0	0
-0.970	-0.969	0	0
-0.969	-0.968	0	0
-0.968	-0.967	0	0
-0.967	-0.966	0	0
-0.966	-0.965	0	0
-0.965	-0.964	0	0
-0.964	-0.963	0	0
-0.963	-0.962	0	0
-0.962	-0.961	0	0
-0.961	-0.960	0	0
-0.960	-0.959	0	0
-0.959	-0.958	0	0
-0.958	-0.957	0	0
-0.957	-0.956	0	0
-0.956	-0.955	0	0
-0.955	-0.954	0	0
-0.954	-0.953	0	0
-0.953	-0.952	0	0
-0.952	-0.951	0	0
-0.951	-0.950	0	0
-0.950	-0.949	0	0
-0.949	-0.948	0	0
-0.948	-0.947	0	0
-0.947	-0.946	0	0
-0.946	-0.945	0	0
-0.945	-0.944	0	0
-0.944	-0.943	0	0
-0.943	-0.942	0	0
-0.942	-0.941	0	0
-0.941	-0.940	0	0
-0.940	-0.939	0	0
-0.939	-0.938	0	0
-0.938	-0.937	0	0
-0.937	-0.936	0	0
-0.936	-0.935	0	0
-0.935	-0.934	0	0
-0.934	-0.933	0	0
-0.933	-0.932	0	0
-0.932	-0.931	0	0
-0.931	-0.930	0	0
-0.930	-0.929	0	0
-0.929	-0.928	0	0
-0.928	-0.927	0	0
-0.927	-0.926	0	0
-0.926	-0.925	0	0
-0.925	-0.924	0	0
-0.924	-0.923	0	0
-0.923	-0.922	0	0
-0.922	-0.921	0	0
-0.921	-0.920	0	0
-0.920	-0.919	0	0
-0.919	-0.918	0	0
-0.918	-0.917	0	0
-0.917	-0.916	0	0
-0.916	-0.915	0	0
-0.915	-0.914	0	0
-0.914	-0.913	0	0
-0.913	-0.912	0	0
-0.912	-0.911	0	0
-0.911	-0.910	0	0
-0.910	-0.909	0	0
-0.909	-0.908	0	0
-0.908	-0.907	0	0
-0.907	-0.906	0	0
-0.906	-0.905	0	0
-0.905	-0.904	0	0
-0.904	-0.903	0	0
-0.903	-0.902	0	0
-0.902	-0.901	0	0
-0.901	-0.900	0	0
-0.900	-0.899	0	0
-0.899	-0.898	0	0
-0.898	-0.897	0	0
-0.897	-0.896	0	0
-0.896	-0.895	0	0
-0.895	-0.894	0	0
-0.894	-0.893	0	0
-0.893	-0.892	0	0
-0.892	-0.891	0	0
-0.891	-0.890	0	0
-0.890	-0.889	0	0
-0.889	-0.888	0	0
-0.888	-0.887	0	0
-0.887	-0.886	0	0
-0.886	-0.885	0	0
-0.885	-0.884	0	0
-0.884	-0.883	0	0
-0.883	-0.882	0	0
-0.882	-0.881	0	0
-0.881	-0.880	0	0
-0.880	-0.879	0	0
-0.879	-0.878	0	0
-0.878	-0.877	0	0
-0.877	-0.876	0	0
-0.876	-0.875	0	0
-0.875	-0.874	0	0
-0.874	-0.873	0	0
-0.873	-0.872	0	0
-0.872	-0.871	0	0
-0.871	-0.870	0	0
-0.870	-0.869	0	0
-0.869	-0.868	0	0
-0.868	-0.867	0	0
-0.867	-0.866	0	0
-0.866	-0.865	0	0
-0.865	-0.864	0	0
-0.864	-0.863	0	0
-0.863	-0.862	0	0
-0.862	-0.861	0	0
-0.861	-0.860	0	0
-0.860	-0.859	0	0
-0.859	-0.858	0	0
-0.858	-0.857	0	0
-0.857	-0.856	0	0
-0.856	-0.855	0	0
-0.855	-0.854	0	0
-0.854	-0.853	0	0
-0.853	-0.852	0	0
-0.852	-0.851	0	0
-0.851	-0.850	0	0
-0.850	-0.849	0	0
-0.849	-0.848	0	0
-0.848	-0.847	0	0
-0.847	-0.846	0	0
-0.846	-0.845	0	0
-0.845	-0.844	0	0
-0.844	-0.843	0	0
-0.843	-0.842	0	0
-0.842	-0.841	0	0
-0.841	-0.840	0	0
-0.840	-0.839	0	0
-0.839	-0.838	0	0
-0.838	-0.837	0	0
-0.837	-0.836	0	0
-0.836	-0.835	0	0
-0.835	-0.834	0	0
-0.834	-0.833	0	0
-0.833	-0.832	0	0
-0.832	-0.831	0	0
-0.831	-0.830	0	0
-0.830	-0.829	0	0
-0.829	-0.828	0	0
-0.828	-0.827	0	0
-0.827	-0.826	0	0
-0.826	-0.825	0	0
-0.825	-0.824	0	0
-0.824	-0.823	0	0
-0.823	-0.822	0	0
-0.822	-0.821	0	0
-0.821	-0.820	0	0
-0.820	-0.819	0	0
-0.819	-0.818	0	0
-0.818	-0.817	0	0
-0.817	-0.816	0	0
-0.816	-0.815	0	0
-0.815	-0.814	0	0
-0.814	-0.813	0	0
-0.813	-0.812	0	0
-0.812	-0.811	0	0
-0.811	-0.810	0	0
-0.810	-0.809	0	0
-0.809	-0.808	0	0
-0.808	-0.807	0	0
-0.807	-0.806	0	0
-0.806	-0.805	0	0
-0.805	-0.804	0	0
-0.804	-0.803	0	0
-0.803	-0.802	0	0
-0.802	-0.801	0	0
-0.801	-0.800	0	0
-0.800	-0.799	0	0
-0.799	-0.798	0	0
-0.798	-0.797	0	0
-0.797	-0.796	0	0
-0.796	-0.795	0	0
-0.795	-0.794	0	0
-0.794	-0.793	0	0
-0.793	-0.792	0	0
-0.792	-0.791	0	0
-0.791	-0.790	0	0
-0.790	-0.789	0	0
-0.789	-0.788	0	0
-0.788	-0.787	0	0
-0.787	-0.786	0	0
-0.786	-0.785	0	0
-0.785	-0.784	0	0
-0.784	-0.783	0	0
-0.783	-0.782	0	0
-0.782	-0.781	0	0
-0.781	-0.780	0	0
-0.780	-0.779	0	0
-0.779	-0.778	0	0
-0.778	-0.777	0	0
-0.777	-0.776	0	0
-0.776	-0.775	0	0
-0.775	-0.774	0	0
-0.774	-0.773	0	0
-0.773	-0.772	0	0
-0.772	-0.771	0	0
-0.771	-0.770	0	0
-0.770	-0.769	0	0
-0.769	-0.768	0	0
-0.768	-0.767	0	0
-0.767	-0.766	0	0
-0.766	-0.765	0	0
-0.765	-0.764	0	0
-0.764	-0.763	0	0
-0.763	-0.762	0	0
-0.762	-0.761	0	0
-0.761	-0.760	1	1
-0.760	-0.759	0	1
-0.759	-0.758	0	1
-0.758	-0.757	0	1
-0.757	-0.756	0	1
-0.756	-0.755	0	1
-0.755	-0.754	0	1
-0.754	-0.753	0	1
-0.753	-0.752	0	1
-0.752	-0.751	0	1
-0.751	-0.750	0	1
-0.750	-0.749	0	1
-0.749	-0.748	0	1
-0.748	-0.747	0	1
-0.747	-0.746	0	1
-0.746	-0.745	0	1
-0.745	-0.744	0	1
-0.744	-0.743	0	1
-0.743	-0.742	0	1
-0.742	-0.741	0	1
-0.741	-0.740	0	1
-0.740	-0.739	0	1
-0.739	-0.738	0	1
-0.738	-0.737	0	1
-0.737	-0.736	0	1
-0.736	-0.735	1	2
-0.735	-0.734	0	2
-0.734	-0.733	0	2
-0.733	-0.732	0	2
-0.732	-0.731	0	2
-0.731	-0.730	0	2
-0.730	-0.729	0	2
-0.729	-0.728	0	2
-0.728	-0.727	0	2
-0.727	-0.726	0	2
-0.726	-0.725	0	2
-0.725	-0.724	0	2
-0.724	-0.723	0	2
-0.723	-0.722	1	3
-0.722	-0.721	0	3
-0.721	-0.720	0	3
-0.720	-0.719	0	3
-0.719	-0.718	0	3
-0.718	-0.717	0	3
-0.717	-0.716	1	4
-0.716	-0.715	1	5
-0.715	-0.714	0	5
-0.714	-0.713	0	5
-0.713	-0.712	0	5
-0.712	-0.711	0	5
-0.711	-0.710	0	5
-0.710	-0.709	0	5
-0.709	-0.708	0	5
-0.708	-0.707	0	5
-0.707	-0.706	0	5
-0.706	-0.705	0	5
-0.705	-0.704	0	5
-0.704	-0.703	0	5
-0.703	-0.702	0	5
-0.702	-0.701	1	6
-0.701	-0.700	0	6
-0.700	-0.699	0	6
-0.699	-0.698	0	6
-0.698	-0.697	1	7
-0.697	-0.696	0	7
-0.696	-0.695	0	7
-0.695	-0.694	0	7
-0.694	-0.693	0	7
-0.693	-0.692	0	7
-0.692	-0.691	0	7
-0.691	-0.690	0	7
-0.690	-0.689	0	7
-0.689	-0.688	0	7
-0.688	-0.687	0	7
-0.687	-0.686	0	7
-0.686	-0.685	1	8
-0.685	-0.684	0	8
-0.684	-0.683	0	8
-0.683	-0.682	1	9
-0.682	-0.681	0	9
-0.681	-0.680	0	9
-0.680	-0.679	0	9
-0.679	-0.678	0	9
-0.678	-0.677	0	9
-0.677	-0.676	0	9
-0.676	-0.675	0	9
-0.675	-0.674	0	9
-0.674	-0.673	0	9
-0.673	-0.672	0	9
-0.672	-0.671	0	9
-0.671	-0.670	1	10
-0.670	-0.669	1	11
-0.669	-0.668	1	12
-0.668	-0.667	0	12
-0.667	-0.666	1	13
-0.666	-0.665	0	13
-0.665	-0.664	0	13
-0.664	-0.663	0	13
-0.663	-0.662	0	13
-0.662	-0.661	0	13
-0.661	-0.660	0	13
-0.660	-0.659	0	13
-0.659	-0.658	0	13
-0.658	-0.657	0	13
-0.657	-0.656	0	13
-0.656	-0.655	0	13
-0.655	-0.654	0	13
-0.654	-0.653	0	13
-0.653	-0.652	0	13
-0.652	-0.651	0	13
-0.651	-0.650	0	13
-0.650	-0.649	0	13
-0.649	-0.648	0	13
-0.648	-0.647	1	14
-0.647	-0.646	0	14
-0.646	-0.645	0	14
-0.645	-0.644	1	15
-0.644	-0.643	0	15
-0.643	-0.642	1	16
-0.642	-0.641	0	16
-0.641	-0.640	0	16
-0.640	-0.639	0	16
-0.639	-0.638	4	20
-0.638	-0.637	1	21
-0.637	-0.636	0	21
-0.636	-0.635	0	21
-0.635	-0.634	1	22
-0.634	-0.633	0	22
-0.633	-0.632	0	22
-0.632	-0.631	0	22
-0.631	-0.630	0	22
-0.630	-0.629	0	22
-0.629	-0.628	1	23
-0.628	-0.627	0	23
-0.627	-0.626	0	23
-0.626	-0.625	0	23
-0.625	-0.624	0	23
-0.624	-0.623	0	23
-0.623	-0.622	0	23
-0.622	-0.621	0	23
-0.621	-0.620	1	24
-0.620	-0.619	0	24
-0.619	-0.618	0	24
-0.618	-0.617	0	24
-0.617	-0.616	0	24
-0.616	-0.615	0	24
-0.615	-0.614	0	24
-0.614	-0.613	0	24
-0.613	-0.612	0	24
-0.612	-0.611	0	24
-0.611	-0.610	1	25
-0.610	-0.609	0	25
-0.609	-0.608	1	26
-0.608	-0.607	0	26
-0.607	-0.606	2	28
-0.606	-0.605	0	28
-0.605	-0.604	0	28
-0.604	-0.603	0	28
-0.603	-0.602	0	28
-0.602	-0.601	0	28
-0.601	-0.600	1	29
-0.600	-0.599	1	30
-0.599	-0.598	0	30
-0.598	-0.597	1	31
-0.597	-0.596	0	31
-0.596	-0.595	1	32
-0.595	-0.594	0	32
-0.594	-0.593	0	32
-0.593	-0.592	0	32
-0.592	-0.591	0	32
-0.591	-0.590	0	32
-0.590	-0.589	0	32
-0.589	-0.588	0	32
-0.588	-0.587	0	32
-0.587	-0.586	0	32
-0.586	-0.585	0	32
-0.585	-0.584	0	32
-0.584	-0.583	0	32
-0.583	-0.582	2	34
-0.582	-0.581	0	34
-0.581	-0.580	1	35
-0.580	-0.579	1	36
-0.579	-0.578	0	36
-0.578	-0.577	0	36
-0.577	-0.576	0	36
-0.576	-0.575	0	36
-0.575	-0.574	1	37
-0.574	-0.573	1	38
-0.573	-0.572	0	38
-0.572	-0.571	0	38
-0.571	-0.570	0	38
-0.570	-0.569	0	38
-0.569	-0.568	0	38
-0.568	-0.567	0	38
-0.567	-0.566	1	39
-0.566	-0.565	0	39
-0.565	-0.564	0	39
-0.564	-0.563	0	39
-0.563	-0.562	0	39
-0.562	-0.561	2	41
-0.561	-0.560	2	43
-0.560	-0.559	0	43
-0.559	-0.558	1	44
-0.558	-0.557	0	44
-0.557	-0.556	0	44
-0.556	-0.555	0	44
-0.555	-0.554	1	45
-0.554	-0.553	2	47
-0.553	-0.552	0	47
-0.552	-0.551	0	47
-0.551	-0.550	0	47
-0.550	-0.549	2	49
-0.549	-0.548	0	49
-0.548	-0.547	0	49
-0.547	-0.546	0	49
-0.546	-0.545	0	49
-0.545	-0.544	1	50
-0.544	-0.543	1	51
-0.543	-0.542	0	51
-0.542	-0.541	0	51
-0.541	-0.540	1	52
-0.540	-0.539	0	52
-0.539	-0.538	1	53
-0.538	-0.537	2	55
-0.537	-0.536	0	55
-0.536	-0.535	2	57
-0.535	-0.534	1	58
-0.534	-0.533	2	60
-0.533	-0.532	0	60
-0.532	-0.531	0	60
-0.531	-0.530	0	60
-0.530	-0.529	0	60
-0.529	-0.528	2	62
-0.528	-0.527	2	64
-0.527	-0.526	1	65
-0.526	-0.525	1	66
-0.525	-0.524	0	66
-0.524	-0.523	0	66
-0.523	-0.522	0	66
-0.522	-0.521	0	66
-0.521	-0.520	0	66
-0.520	-0.519	0	66
-0.519	-0.518	1	67
-0.518	-0.517	0	67
-0.517	-0.516	2	69
-0.516	-0.515	1	70
-0.515	-0.514	0	70
-0.514	-0.513	0	70
-0.513	-0.512	1	71
-0.512	-0.511	2	73
-0.511	-0.510	0	73
-0.510	-0.509	0	73
-0.509	-0.508	2	75
-0.508	-0.507	0	75
-0.507	-0.506	0	75
-0.506	-0.505	0	75
-0.505	-0.504	0	75
-0.504	-0.503	4	79
-0.503	-0.502	2	81
-0.502	-0.501	1	82
-0.501	-0.500	0	82
-0.500	-0.499	2	84
-0.499	-0.498	0	84
-0.498	-0.497	2	86
-0.497	-0.496	0	86
-0.496	-0.495	1	87
-0.495	-0.494	0	87
-0.494	-0.493	0	87
-0.493	-0.492	0	87
-0.492	-0.491	0	87
-0.491	-0.490	0	87
-0.490	-0.489	3	90
-0.489	-0.488	1	91
-0.488	-0.487	0	91
-0.487	-0.486	0	91
-0.486	-0.485	1	92
-0.485	-0.484	2	94
-0.484	-0.483	3	97
-0.483	-0.482	1	98
-0.482	-0.481	2	100
-0.481	-0.480	0	100
-0.480	-0.479	0	100
-0.479	-0.478	0	100
-0.478	-0.477	3	103
-0.477	-0.476	0	103
-0.476	-0.475	1	104
-0.475	-0.474	1	105
-0.474	-0.473	1	106
-0.473	-0.472	1	107
-0.472	-0.471	2	109
-0.471	-0.470	3	112
-0.470	-0.469	0	112
-0.469	-0.468	4	116
-0.468	-0.467	2	118
-0.467	-0.466	2	120
-0.466	-0.465	1	121
-0.465	-0.464	3	124
-0.464	-0.463	0	124
-0.463	-0.462	2	126
-0.462	-0.461	0	126
-0.461	-0.460	0	126
-0.460	-0.459	0	126
-0.459	-0.458	1	127
-0.458	-0.457	2	129
-0.457	-0.456	2	131
-0.456	-0.455	1	132
-0.455	-0.454	1	133
-0.454	-0.453	1	134
-0.453	-0.452	3	137
-0.452	-0.451	1	138
-0.451	-0.450	1	139
-0.450	-0.449	2	141
-0.449	-0.448	1	142
-0.448	-0.447	5	147
-0.447	-0.446	1	148
-0.446	-0.445	0	148
-0.445	-0.444	1	149
-0.444	-0.443	0	149
-0.443	-0.442	2	151
-0.442	-0.441	0	151
-0.441	-0.440	1	152
-0.440	-0.439	1	153
-0.439	-0.438	2	155
-0.438	-0.437	2	157
-0.437	-0.436	2	159
-0.436	-0.435	1	160
-0.435	-0.434	5	165
-0.434	-0.433	1	166
-0.433	-0.432	2	168
-0.432	-0.431	1	169
-0.431	-0.430	1	170
-0.430	-0.429	0	170
-0.429	-0.428	2	172
-0.428	-0.427	0	172
-0.427	-0.426	2	174
-0.426	-0.425	4	178
-0.425	-0.424	2	180
-0.424	-0.423	6	186
-0.423	-0.422	3	189
-0.422	-0.421	1	190
-0.421	-0.420	0	190
-0.420	-0.419	1	191
-0.419	-0.418	2	193
-0.418	-0.417	0	193
-0.417	-0.416	2	195
-0.416	-0.415	1	196
-0.415	-0.414	3	199
-0.414	-0.413	0	199
-0.413	-0.412	3	202
-0.412	-0.411	3	205
-0.411	-0.410	2	207
-0.410	-0.409	2	209
-0.409	-0.408	1	210
-0.408	-0.407	0	210
-0.407	-0.406	1	211
-0.406	-0.405	0	211
-0.405	-0.404	3	214
-0.404	-0.403	2	216
-0.403	-0.402	2	218
-0.402	-0.401	2	220
-0.401	-0.400	2	222
-0.400	-0.399	4	226
-0.399	-0.398	1	227
-0.398	-0.397	3	230
-0.397	-0.396	4	234
-0.396	-0.395	2	236
-0.395	-0.394	3	239
-0.394	-0.393	2	241
-0.393	-0.392	1	242
-0.392	-0.391	1	243
-0.391	-0.390	3	246
-0.390	-0.389	4	250
-0.389	-0.388	2	252
-0.388	-0.387	1	253
-0.387	-0.386	2	255
-0.386	-0.385	4	259
-0.385	-0.384	0	259
-0.384	-0.383	2	261
-0.383	-0.382	1	262
-0.382	-0.381	0	262
-0.381	-0.380	1	263
-0.380	-0.379	6	269
-0.379	-0.378	0	269
-0.378	-0.377	4	273
-0.377	-0.376	3	276
-0.376	-0.375	1	277
-0.375	-0.374	1	278
-0.374	-0.373	1	279
-0.373	-0.372	5	284
-0.372	-0.371	1	285
-0.371	-0.370	2	287
-0.370	-0.369	5	292
-0.369	-0.368	4	296
-0.368	-0.367	4	300
-0.367	-0.366	6	306
-0.366	-0.365	3	309
-0.365	-0.364	6	315
-0.364	-0.363	3	318
-0.363	-0.362	4	322
-0.362	-0.361	1	323
-0.361	-0.360	1	324
-0.360	-0.359	4	328
-0.359	-0.358	4	332
-0.358	-0.357	5	337
-0.357	-0.356	6	343
-0.356	-0.355	3	346
-0.355	-0.354	3	349
-0.354	-0.353	1	350
-0.353	-0.352	3	353
-0.352	-0.351	2	355
-0.351	-0.350	2	357
-0.350	-0.349	2	359
-0.349	-0.348	3	362
-0.348	-0.347	3	365
-0.347	-0.346	4	369
-0.346	-0.345	3	372
-0.345	-0.344	3	375
-0.344	-0.343	5	380
-0.343	-0.342	4	384
-0.342	-0.341	2	386
-0.341	-0.340	1	387
-0.340	-0.339	3	390
-0.339	-0.338	2	392
-0.338	-0.337	8	400
-0.337	-0.336	3	403
-0.336	-0.335	3	406
-0.335	-0.334	5	411
-0.334	-0.333	2	413
-0.333	-0.332	2	415
-0.332	-0.331	2	417
-0.331	-0.330	3	420
-0.330	-0.329	2	422
-0.329	-0.328	5	427
-0.328	-0.327	4	431
-0.327	-0.326	8	439
-0.326	-0.325	2	441
-0.325	-0.324	2	443
-0.324	-0.323	6	449
-0.323	-0.322	1	450
-0.322	-0.321	3	453
-0.321	-0.320	4	457
-0.320	-0.319	4	461
-0.319	-0.318	5	466
-0.318	-0.317	3	469
-0.317	-0.316	3	472
-0.316	-0.315	7	479
-0.315	-0.314	3	482
-0.314	-0.313	3	485
-0.313	-0.312	2	487
-0.312	-0.311	7	494
-0.311	-0.310	4	498
-0.310	-0.309	6	504
-0.309	-0.308	8	512
-0.308	-0.307	7	519
-0.307	-0.306	2	521
-0.306	-0.305	1	522
-0.305	-0.304	4	526
-0.304	-0.303	4	530
-0.303	-0.302	3	533
-0.302	-0.301	1	534
-0.301	-0.300	2	536
-0.300	-0.299	4	540
-0.299	-0.298	2	542
-0.298	-0.297	4	546
-0.297	-0.296	4	550
-0.296	-0.295	2	552
-0.295	-0.294	4	556
-0.294	-0.293	2	558
-0.293	-0.292	4	562
-0.292	-0.291	4	566
-0.291	-0.290	3	569
-0.290	-0.289	3	572
-0.289	-0.288	4	576
-0.288	-0.287	4	580
-0.287	-0.286	3	583
-0.286	-0.285	8	591
-0.285	-0.284	1	592
-0.284	-0.283	3	595
-0.283	-0.282	3	598
-0.282	-0.281	4	602
-0.281	-0.280	2	604
-0.280	-0.279	10	614
-0.279	-0.278	5	619
-0.278	-0.277	5	624
-0.277	-0.276	7	631
-0.276	-0.275	7	638
-0.275	-0.274	6	644
-0.274	-0.273	8	652
-0.273	-0.272	6	658
-0.272	-0.271	4	662
-0.271	-0.270	3	665
-0.270	-0.269	4	669
-0.269	-0.268	1	670
-0.268	-0.267	3	673
-0.267	-0.266	2	675
-0.266	-0.265	3	678
-0.265	-0.264	2	680
-0.264	-0.263	3	683
-0.263	-0.262	6	689
-0.262	-0.261	4	693
-0.261	-0.260	4	697
-0.260	-0.259	3	700
-0.259	-0.258	3	703
-0.258	-0.257	2	705
-0.257	-0.256	3	708
-0.256	-0.255	1	709
-0.255	-0.254	4	713
-0.254	-0.253	3	716
-0.253	-0.252	2	718
-0.252	-0.251	6	724
-0.251	-0.250	7	731
-0.250	-0.249	3	734
-0.249	-0.248	7	741
-0.248	-0.247	9	750
-0.247	-0.246	4	754
-0.246	-0.245	5	759
-0.245	-0.244	2	761
-0.244	-0.243	4	765
-0.243	-0.242	0	765
-0.242	-0.241	2	767
-0.241	-0.240	6	773
-0.240	-0.239	7	780
-0.239	-0.238	4	784
-0.238	-0.237	6	790
-0.237	-0.236	11	801
-0.236	-0.235	2	803
-0.235	-0.234	5	808
-0.234	-0.233	2	810
-0.233	-0.232	4	814
-0.232	-0.231	0	814
-0.231	-0.230	3	817
-0.230	-0.229	3	820
-0.229	-0.228	2	822
-0.228	-0.227	4	826
-0.227	-0.226	5	831
-0.226	-0.225	3	834
-0.225	-0.224	2	836
-0.224	-0.223	6	842
-0.223	-0.222	7	849
-0.222	-0.221	6	855
-0.221	-0.220	5	860
-0.220	-0.219	3	863
-0.219	-0.218	4	867
-0.218	-0.217	7	874
-0.217	-0.216	8	882
-0.216	-0.215	6	888
-0.215	-0.214	7	895
-0.214	-0.213	2	897
-0.213	-0.212	4	901
-0.212	-0.211	7	908
-0.211	-0.210	6	914
-0.210	-0.209	2	916
-0.209	-0.208	4	920
-0.208	-0.207	6	926
-0.207	-0.206	3	929
-0.206	-0.205	6	935
-0.205	-0.204	10	945
-0.204	-0.203	3	948
-0.203	-0.202	4	952
-0.202	-0.201	4	956
-0.201	-0.200	10	966
-0.200	-0.199	8	974
-0.199	-0.198	5	979
-0.198	-0.197	6	985
-0.197	-0.196	4	989
-0.196	-0.195	5	994
-0.195	-0.194	8	1002
-0.194	-0.193	6	1008
-0.193	-0.192	4	1012
-0.192	-0.191	10	1022
-0.191	-0.190	5	1027
-0.190	-0.189	5	1032
-0.189	-0.188	7	1039
-0.188	-0.187	1	1040
-0.187	-0.186	5	1045
-0.186	-0.185	7	1052
-0.185	-0.184	6	1058
-0.184	-0.183	7	1065
-0.183	-0.182	8	1073
-0.182	-0.181	8	1081
-0.181	-0.180	2	1083
-0.180	-0.179	7	1090
-0.179	-0.178	7	1097
-0.178	-0.177	5	1102
-0.177	-0.176	5	1107
-0.176	-0.175	6	1113
-0.175	-0.174	0	1113
-0.174	-0.173	5	1118
-0.173	-0.172	9	1127
-0.172	-0.171	3	1130
-0.171	-0.170	5	1135
-0.170	-0.169	11	1146
-0.169	-0.168	9	1155
-0.168	-0.167	7	1162
-0.167	-0.166	6	1168
-0.166	-0.165	4	1172
-0.165	-0.164	8	1180
-0.164	-0.163	8	1188
-0.163	-0.162	7	1195
-0.162	-0.161	3	1198
-0.161	-0.160	7	1205
-0.160	-0.159	3	1208
-0.159	-0.158	9	1217
-0.158	-0.157	4	1221
-0.157	-0.156	5	1226
-0.156	-0.155	9	1235
-0.155	-0.154	14	1249
-0.154	-0.153	8	1257
-0.153	-0.152	2	1259
-0.152	-0.151	12	1271
-0.151	-0.150	7	1278
-0.150	-0.149	10	1288
-0.149	-0.148	8	1296
-0.148	-0.147	5	1301
-0.147	-0.146	5	1306
-0.146	-0.145	9	1315
-0.145	-0.144	8	1323
-0.144	-0.143	4	1327
-0.143	-0.142	6	1333
-0.142	-0.141	10	1343
-0.141	-0.140	5	1348
-0.140	-0.139	6	1354
-0.139	-0.138	8	1362
-0.138	-0.137	4	1366
-0.137	-0.136	6	1372
-0.136	-0.135	7	1379
-0.135	-0.134	9	1388
-0.134	-0.133	10	1398
-0.133	-0.132	6	1404
-0.132	-0.131	6	1410
-0.131	-0.130	7	1417
-0.130	-0.129	10	1427
-0.129	-0.128	1	1428
-0.128	-0.127	6	1434
-0.127	-0.126	5	1439
-0.126	-0.125	10	1449
-0.125	-0.124	4	1453
-0.124	-0.123	7	1460
-0.123	-0.122	7	1467
-0.122	-0.121	4	1471
-0.121	-0.120	10	1481
-0.120	-0.119	8	1489
-0.119	-0.118	3	1492
-0.118	-0.117	6	1498
-0.117	-0.116	8	1506
-0.116	-0.115	5	1511
-0.115	-0.114	3	1514
-0.114	-0.113	9	1523
-0.113	-0.112	8	1531
-0.112	-0.111	10	1541
-0.111	-0.110	7	1548
-0.110	-0.109	7	1555
-0.109	-0.108	8	1563
-0.108	-0.107	10	1573
-0.107	-0.106	10	1583
-0.106	-0.105	10	1593
-0.105	-0.104	7	1600
-0.104	-0.103	5	1605
-0.103	-0.102	5	1610
-0.102	-0.101	11	1621
-0.101	-0.100	9	1630
-0.100	-0.099	8	1638
-0.099	-0.098	4	1642
-0.098	-0.097	8	1650
-0.097	-0.096	6	1656
-0.096	-0.095	5	1661
-0.095	-0.094	10	1671
-0.094	-0.093	11	1682
-0.093	-0.092	11	1693
-0.092	-0.091	4	1697
-0.091	-0.090	5	1702
-0.090	-0.089	14	1716
-0.089	-0.088	6	1722
-0.088	-0.087	8	1730
-0.087	-0.086	9	1739
-0.086	-0.085	13	1752
-0.085	-0.084	8	1760
-0.084	-0.083	3	1763
-0.083	-0.082	4	1767
-0.082	-0.081	4	1771
-0.081	-0.080	6	1777
-0.080	-0.079	8	1785
-0.079	-0.078	8	1793
-0.078	-0.077	6	1799
-0.077	-0.076	8	1807
-0.076	-0.075	12	1819
-0.075	-0.074	8	1827
-0.074	-0.073	10	1837
-0.073	-0.072	9	1846
-0.072	-0.071	8	1854
-0.071	-0.070	5	1859
-0.070	-0.069	9	1868
-0.069	-0.068	7	1875
-0.068	-0.067	6	1881
-0.067	-0.066	13	1894
-0.066	-0.065	6	1900
-0.065	-0.064	5	1905
-0.064	-0.063	10	1915
-0.063	-0.062	10	1925
-0.062	-0.061	7	1932
-0.061	-0.060	12	1944
-0.060	-0.059	13	1957
-0.059	-0.058	7	1964
-0.058	-0.057	6	1970
-0.057	-0.056	9	1979
-0.056	-0.055	3	1982
-0.055	-0.054	6	1988
-0.054	-0.053	3	1991
-0.053	-0.052	8	1999
-0.052	-0.051	10	2009
-0.051	-0.050	3	2012
-0.050	-0.049	5	2017
-0.049	-0.048	13	2030
-0.048	-0.047	7	2037
-0.047	-0.046	9	2046
-0.046	-0.045	6	2052
-0.045	-0.044	9	2061
-0.044	-0.043	7	2068
-0.043	-0.042	6	2074
-0.042	-0.041	13	2087
-0.041	-0.040	8	2095
-0.040	-0.039	8	2103
-0.039	-0.038	12	2115
-0.038	-0.037	6	2121
-0.037	-0.036	10	2131
-0.036	-0.035	3	2134
-0.035	-0.034	9	2143
-0.034	-0.033	8	2151
-0.033	-0.032	7	2158
-0.032	-0.031	7	2165
-0.031	-0.030	5	2170
-0.030	-0.029	11	2181
-0.029	-0.028	11	2192
-0.028	-0.027	6	2198
-0.027	-0.026	12	2210
-0.026	-0.025	12	2222
-0.025	-0.024	8	2230
-0.024	-0.023	6	2236
-0.023	-0.022	6	2242
-0.022	-0.021	6	2248
-0.021	-0.020	8	2256
-0.020	-0.019	11	2267
-0.019	-0.018	11	2278
-0.018	-0.017	10	2288
-0.017	-0.016	4	2292
-0.016	-0.015	6	2298
-0.015	-0.014	12	2310
-0.014	-0.013	5	2315
-0.013	-0.012	6	2321
-0.012	-0.011	9	2330
-0.011	-0.010	7	2337
-0.010	-0.009	9	2346
-0.009	-0.008	5	2351
-0.008	-0.007	7	2358
-0.007	-0.006	7	2365
-0.006	-0.005	11	2376
-0.005	-0.004	5	2381
-0.004	-0.003	12	2393
-0.003	-0.002	14	2407
-0.002	-0.001	4	2411
-0.001	-0.000	9	2420
0.000	0.001	15	2435
0.001	0.002	4	2439
0.002	0.003	13	2452
0.003	0.004	7	2459
0.004	0.005	10	2469
0.005	0.006	8	2477
0.006	0.007	12	2489
0.007	0.008	3	2492
0.008	0.009	11	2503
0.009	0.010	8	2511
0.010	0.011	12	2523
0.011	0.012	3	2526
0.012	0.013	11	2537
0.013	0.014	6	2543
0.014	0.015	17	2560
0.015	0.016	13	2573
0.016	0.017	8	2581
0.017	0.018	5	2586
0.018	0.019	9	2595
0.019	0.020	7	2602
0.020	0.021	10	2612
0.021	0.022	6	2618
0.022	0.023	13	2631
0.023	0.024	10	2641
0.024	0.025	12	2653
0.025	0.026	6	2659
0.026	0.027	7	2666
0.027	0.028	12	2678
0.028	0.029	7	2685
0.029	0.030	3	2688
0.030	0.031	4	2692
0.031	0.032	6	2698
0.032	0.033	7	2705
0.033	0.034	7	2712
0.034	0.035	10	2722
0.035	0.036	9	2731
0.036	0.037	4	2735
0.037	0.038	11	2746
0.038	0.039	9	2755
0.039	0.040	6	2761
0.040	0.041	11	2772
0.041	0.042	4	2776
0.042	0.043	8	2784
0.043	0.044	6	2790
0.044	0.045	3	2793
0.045	0.046	7	2800
0.046	0.047	9	2809
0.047	0.048	10	2819
0.048	0.049	10	2829
0.049	0.050	9	2838
0.050	0.051	10	2848
0.051	0.052	5	2853
0.052	0.053	15	2868
0.053	0.054	5	2873
0.054	0.055	15	2888
0.055	0.056	11	2899
0.056	0.057	6	2905
0.057	0.058	11	2916
0.058	0.059	8	2924
0.059	0.060	6	2930
0.060	0.061	15	2945
0.061	0.062	4	2949
0.062	0.063	8	2957
0.063	0.064	8	2965
0.064	0.065	8	2973
0.065	0.066	6	2979
0.066	0.067	4	2983
0.067	0.068	4	2987
0.068	0.069	10	2997
0.069	0.070	10	3007
0.070	0.071	7	3014
0.071	0.072	8	3022
0.072	0.073	5	3027
0.073	0.074	6	3033
0.074	0.075	8	3041
0.075	0.076	10	3051
0.076	0.077	5	3056
0.077	0.078	8	3064
0.078	0.079	8	3072
0.079	0.080	6	3078
0.080	0.081	11	3089
0.081	0.082	12	3101
0.082	0.083	5	3106
0.083	0.084	15	3121
0.084	0.085	6	3127
0.085	0.086	8	3135
0.086	0.087	9	3144
0.087	0.088	7	3151
0.088	0.089	7	3158
0.089	0.090	7	3165
0.090	0.091	8	3173
0.091	0.092	5	3178
0.092	0.093	6	3184
0.093	0.094	5	3189
0.094	0.095	4	3193
0.095	0.096	7	3200
0.096	0.097	9	3209
0.097	0.098	6	3215
0.098	0.099	7	3222
0.099	0.100	1	3223
0.100	0.101	3	3226
0.101	0.102	13	3239
0.102	0.103	8	3247
0.103	0.104	9	3256
0.104	0.105	6	3262
0.105	0.106	3	3265
0.106	0.107	4	3269
0.107	0.108	9	3278
0.108	0.109	4	3282
0.109	0.110	9	3291
0.110	0.111	11	3302
0.111	0.112	6	3308
0.112	0.113	11	3319
0.113	0.114	5	3324
0.114	0.115	10	3334
0.115	0.116	9	3343
0.116	0.117	10	3353
0.117	0.118	5	3358
0.118	0.119	10	3368
0.119	0.120	8	3376
0.120	0.121	7	3383
0.121	0.122	8	3391
0.122	0.123	9	3400
0.123	0.124	6	3406
0.124	0.125	5	3411
0.125	0.126	10	3421
0.126	0.127	8	3429
0.127	0.128	8	3437
0.128	0.129	9	3446
0.129	0.130	8	3454
0.130	0.131	14	3468
0.131	0.132	7	3475
0.132	0.133	13	3488
0.133	0.134	2	3490
0.134	0.135	12	3502
0.135	0.136	3	3505
0.136	0.137	11	3516
0.137	0.138	6	3522
0.138	0.139	6	3528
0.139	0.140	5	3533
0.140	0.141	9	3542
0.141	0.142	7	3549
0.142	0.143	3	3552
0.143	0.144	3	3555
0.144	0.145	10	3565
0.145	0.146	8	3573
0.146	0.147	6	3579
0.147	0.148	9	3588
0.148	0.149	7	3595
0.149	0.150	3	3598
0.150	0.151	6	3604
0.151	0.152	10	3614
0.152	0.153	6	3620
0.153	0.154	9	3629
0.154	0.155	4	3633
0.155	0.156	4	3637
0.156	0.157	6	3643
0.157	0.158	4	3647
0.158	0.159	5	3652
0.159	0.160	10	3662
0.160	0.161	7	3669
0.161	0.162	7	3676
0.162	0.163	8	3684
0.163	0.164	5	3689
0.164	0.165	10	3699
0.165	0.166	9	3708
0.166	0.167	7	3715
0.167	0.168	3	3718
0.168	0.169	6	3724
0.169	0.170	6	3730
0.170	0.171	6	3736
0.171	0.172	7	3743
0.172	0.173	9	3752
0.173	0.174	7	3759
0.174	0.175	9	3768
0.175	0.176	5	3773
0.176	0.177	8	3781
0.177	0.178	4	3785
0.178	0.179	8	3793
0.179	0.180	3	3796
0.180	0.181	10	3806
0.181	0.182	8	3814
0.182	0.183	6	3820
0.183	0.184	10	3830
0.184	0.185	8	3838
0.185	0.186	7	3845
0.186	0.187	3	3848
0.187	0.188	7	3855
0.188	0.189	5	3860
0.189	0.190	3	3863
0.190	0.191	2	3865
0.191	0.192	6	3871
0.192	0.193	6	3877
0.193	0.194	4	3881
0.194	0.195	9	3890
0.195	0.196	7	3897
0.196	0.197	9	3906
0.197	0.198	5	3911
0.198	0.199	4	3915
0.199	0.200	4	3919
0.200	0.201	5	3924
0.201	0.202	7	3931
0.202	0.203	3	3934
0.203	0.204	11	3945
0.204	0.205	8	3953
0.205	0.206	5	3958
0.206	0.207	2	3960
0.207	0.208	3	3963
0.208	0.209	7	3970
0.209	0.210	3	3973
0.210	0.211	6	3979
0.211	0.212	3	3982
0.212	0.213	5	3987
0.213	0.214	4	3991
0.214	0.215	7	3998
0.215	0.216	4	4002
0.216	0.217	7	4009
0.217	0.218	10	4019
0.218	0.219	4	4023
0.219	0.220	1	4024
0.220	0.221	4	4028
0.221	0.222	12	4040
0.222	0.223	3	4043
0.223	0.224	4	4047
0.224	0.225	2	4049
0.225	0.226	1	4050
0.226	0.227	4	4054
0.227	0.228	9	4063
0.228	0.229	4	4067
0.229	0.230	4	4071
0.230	0.231	6	4077
0.231	0.232	6	4083
0.232	0.233	2	4085
0.233	0.234	3	4088
0.234	0.235	6	4094
0.235	0.236	6	4100
0.236	0.237	3	4103
0.237	0.238	8	4111
0.238	0.239	3	4114
0.239	0.240	7	4121
0.240	0.241	5	4126
0.241	0.242	0	4126
0.242	0.243	5	4131
0.243	0.244	2	4133
0.244	0.245	1	4134
0.245	0.246	3	4137
0.246	0.247	8	4145
0.247	0.248	3	4148
0.248	0.249	2	4150
0.249	0.250	3	4153
0.250	0.251	7	4160
0.251	0.252	5	4165
0.252	0.253	2	4167
0.253	0.254	5	4172
0.254	0.255	4	4176
0.255	0.256	2	4178
0.256	0.257	5	4183
0.257	0.258	7	4190
0.258	0.259	5	4195
0.259	0.260	9	4204
0.260	0.261	2	4206
0.261	0.262	6	4212
0.262	0.263	5	4217
0.263	0.264	6	4223
0.264	0.265	3	4226
0.265	0.266	2	4228
0.266	0.267	2	4230
0.267	0.268	3	4233
0.268	0.269	4	4237
0.269	0.270	1	4238
0.270	0.271	7	4245
0.271	0.272	2	4247
0.272	0.273	4	4251
0.273	0.274	5	4256
0.274	0.275	2	4258
0.275	0.276	3	4261
0.276	0.277	7	4268
0.277	0.278	4	4272
0.278	0.279	5	4277
0.279	0.280	4	4281
0.280	0.281	7	4288
0.281	0.282	4	4292
0.282	0.283	4	4296
0.283	0.284	4	4300
0.284	0.285	6	4306
0.285	0.286	3	4309
0.286	0.287	0	4309
0.287	0.288	4	4313
0.288	0.289	7	4320
0.289	0.290	9	4329
0.290	0.291	4	4333
0.291	0.292	2	4335
0.292	0.293	4	4339
0.293	0.294	5	4344
0.294	0.295	0	4344
0.295	0.296	3	4347
0.296	0.297	2	4349
0.297	0.298	6	4355
0.298	0.299	3	4358
0.299	0.300	4	4362
0.300	0.301	4	4366
0.301	0.302	3	4369
0.302	0.303	4	4373
0.303	0.304	1	4374
0.304	0.305	3	4377
0.305	0.306	4	4381
0.306	0.307	1	4382
0.307	0.308	2	4384
0.308	0.309	0	4384
0.309	0.310	5	4389
0.310	0.311	4	4393
0.311	0.312	3	4396
0.312	0.313	1	4397
0.313	0.314	4	4401
0.314	0.315	4	4405
0.315	0.316	3	4408
0.316	0.317	5	4413
0.317	0.318	2	4415
0.318	0.319	1	4416
0.319	0.320	7	4423
0.320	0.321	6	4429
0.321	0.322	4	4433
0.322	0.323	2	4435
0.323	0.324	5	4440
0.324	0.325	3	4443
0.325	0.326	2	4445
0.326	0.327	0	4445
0.327	0.328	3	4448
0.328	0.329	3	4451
0.329	0.330	6	4457
0.330	0.331	3	4460
0.331	0.332	3	4463
0.332	0.333	4	4467
0.333	0.334	3	4470
0.334	0.335	4	4474
0.335	0.336	2	4476
0.336	0.337	3	4479
0.337	0.338	4	4483
0.338	0.339	3	4486
0.339	0.340	5	4491
0.340	0.341	5	4496
0.341	0.342	1	4497
0.342	0.343	1	4498
0.343	0.344	4	4502
0.344	0.345	4	4506
0.345	0.346	4	4510
0.346	0.347	0	4510
0.347	0.348	2	4512
0.348	0.349	1	4513
0.349	0.350	0	4513
0.350	0.351	4	4517
0.351	0.352	7	4524
0.352	0.353	1	4525
0.353	0.354	3	4528
0.354	0.355	2	4530
0.355	0.356	4	4534
0.356	0.357	4	4538
0.357	0.358	5	4543
0.358	0.359	5	4548
0.359	0.360	3	4551
0.360	0.361	1	4552
0.361	0.362	2	4554
0.362	0.363	5	4559
0.363	0.364	2	4561
0.364	0.365	4	4565
0.365	0.366	3	4568
0.366	0.367	1	4569
0.367	0.368	1	4570
0.368	0.369	2	4572
0.369	0.370	1	4573
0.370	0.371	0	4573
0.371	0.372	3	4576
0.372	0.373	1	4577
0.373	0.374	4	4581
0.374	0.375	3	4584
0.375	0.376	2	4586
0.376	0.377	1	4587
0.377	0.378	2	4589
0.378	0.379	1	4590
0.379	0.380	0	4590
0.380	0.381	3	4593
0.381	0.382	2	4595
0.382	0.383	4	4599
0.383	0.384	2	4601
0.384	0.385	1	4602
0.385	0.386	3	4605
0.386	0.387	2	4607
0.387	0.388	1	4608
0.388	0.389	5	4613
0.389	0.390	1	4614
0.390	0.391	2	4616
0.391	0.392	1	4617
0.392	0.393	2	4619
0.393	0.394	1	4620
0.394	0.395	1	4621
0.395	0.396	5	4626
0.396	0.397	3	4629
0.397	0.398	0	4629
0.398	0.399	3	4632
0.399	0.400	3	4635
0.400	0.401	1	4636
0.401	0.402	2	4638
0.402	0.403	1	4639
0.403	0.404	0	4639
0.404	0.405	6	4645
0.405	0.406	0	4645
0.406	0.407	4	4649
0.407	0.408	0	4649
0.408	0.409	3	4652
0.409	0.410	4	4656
0.410	0.411	4	4660
0.411	0.412	2	4662
0.412	0.413	4	4666
0.413	0.414	3	4669
0.414	0.415	1	4670
0.415	0.416	3	4673
0.416	0.417	2	4675
0.417	0.418	1	4676
0.418	0.419	2	4678
0.419	0.420	3	4681
0.420	0.421	3	4684
0.421	0.422	2	4686
0.422	0.423	1	4687
0.423	0.424	1	4688
0.424	0.425	0	4688
0.425	0.426	1	4689
0.426	0.427	0	4689
0.427	0.428	1	4690
0.428	0.429	2	4692
0.429	0.430	0	4692
0.430	0.431	3	4695
0.431	0.432	3	4698
0.432	0.433	1	4699
0.433	0.434	2	4701
0.434	0.435	0	4701
0.435	0.436	1	4702
0.436	0.437	1	4703
0.437	0.438	2	4705
0.438	0.439	5	4710
0.439	0.440	1	4711
0.440	0.441	3	4714
0.441	0.442	2	4716
0.442	0.443	1	4717
0.443	0.444	1	4718
0.444	0.445	1	4719
0.445	0.446	1	4720
0.446	0.447	0	4720
0.447	0.448	3	4723
0.448	0.449	0	4723
0.449	0.450	2	4725
0.450	0.451	2	4727
0.451	0.452	0	4727
0.452	0.453	1	4728
0.453	0.454	0	4728
0.454	0.455	1	4729
0.455	0.456	3	4732
0.456	0.457	1	4733
0.457	0.458	6	4739
0.458	0.459	3	4742
0.459	0.460	8	4750
0.460	0.461	2	4752
0.461	0.462	2	4754
0.462	0.463	1	4755
0.463	0.464	0	4755
0.464	0.465	0	4755
0.465	0.466	0	4755
0.466	0.467	3	4758
0.467	0.468	0	4758
0.468	0.469	0	4758
0.469	0.470	3	4761
0.470	0.471	0	4761
0.471	0.472	0	4761
0.472	0.473	3	4764
0.473	0.474	2	4766
0.474	0.475	0	4766
0.475	0.476	0	4766
0.476	0.477	1	4767
0.477	0.478	2	4769
0.478	0.479	1	4770
0.479	0.480	2	4772
0.480	0.481	3	4775
0.481	0.482	1	4776
0.482	0.483	1	4777
0.483	0.484	0	4777
0.484	0.485	1	4778
0.485	0.486	1	4779
0.486	0.487	1	4780
0.487	0.488	1	4781
0.488	0.489	2	4783
0.489	0.490	1	4784
0.490	0.491	0	4784
0.491	0.492	2	4786
0.492	0.493	1	4787
0.493	0.494	2	4789
0.494	0.495	0	4789
0.495	0.496	1	4790
0.496	0.497	2	4792
0.497	0.498	3	4795
0.498	0.499	1	4796
0.499	0.500	1	4797
0.500	0.501	0	4797
0.501	0.502	2	4799
0.502	0.503	0	4799
0.503	0.504	0	4799
0.504	0.505	0	4799
0.505	0.506	0	4799
0.506	0.507	0	4799
0.507	0.508	4	4803
0.508	0.509	0	4803
0.509	0.510	0	4803
0.510	0.511	0	4803
0.511	0.512	2	4805
0.512	0.513	0	4805
0.513	0.514	1	4806
0.514	0.515	0	4806
0.515	0.516	0	4806
0.516	0.517	0	4806
0.517	0.518	2	4808
0.518	0.519	0	4808
0.519	0.520	1	4809
0.520	0.521	2	4811
0.521	0.522	2	4813
0.522	0.523	1	4814
0.523	0.524	0	4814
0.524	0.525	1	4815
0.525	0.526	0	4815
0.526	0.527	2	4817
0.527	0.528	2	4819
0.528	0.529	0	4819
0.529	0.530	2	4821
0.530	0.531	0	4821
0.531	0.532	0	4821
0.532	0.533	0	4821
0.533	0.534	1	4822
0.534	0.535	1	4823
0.535	0.536	2	4825
0.536	0.537	0	4825
0.537	0.538	0	4825
0.538	0.539	3	4828
0.539	0.540	1	4829
0.540	0.541	1	4830
0.541	0.542	3	4833
0.542	0.543	1	4834
0.543	0.544	0	4834
0.544	0.545	0	4834
0.545	0.546	1	4835
0.546	0.547	1	4836
0.547	0.548	0	4836
0.548	0.549	1	4837
0.549	0.550	0	4837
0.550	0.551	1	4838
0.551	0.552	0	4838
0.552	0.553	3	4841
0.553	0.554	0	4841
0.554	0.555	0	4841
0.555	0.556	2	4843
0.556	0.557	0	4843
0.557	0.558	0	4843
0.558	0.559	1	4844
0.559	0.560	2	4846
0.560	0.561	2	4848
0.561	0.562	0	4848
0.562	0.563	1	4849
0.563	0.564	3	4852
0.564	0.565	1	4853
0.565	0.566	0	4853
0.566	0.567	0	4853
0.567	0.568	0	4853
0.568	0.569	0	4853
0.569	0.570	0	4853
0.570	0.571	0	4853
0.571	0.572	1	4854
0.572	0.573	0	4854
0.573	0.574	1	4855
0.574	0.575	1	4856
0.575	0.576	0	4856
0.576	0.577	0	4856
0.577	0.578	0	4856
0.578	0.579	3	4859
0.579	0.580	0	4859
0.580	0.581	0	4859
0.581	0.582	3	4862
0.582	0.583	1	4863
0.583	0.584	0	4863
0.584	0.585	0	4863
0.585	0.586	0	4863
0.586	0.587	0	4863
0.587	0.588	0	4863
0.588	0.589	0	4863
0.589	0.590	2	4865
0.590	0.591	0	4865
0.591	0.592	1	4866
0.592	0.593	1	4867
0.593	0.594	1	4868
0.594	0.595	0	4868
0.595	0.596	1	4869
0.596	0.597	0	4869
0.597	0.598	1	4870
0.598	0.599	3	4873
0.599	0.600	1	4874
0.600	0.601	0	4874
0.601	0.602	1	4875
0.602	0.603	1	4876
0.603	0.604	1	4877
0.604	0.605	1	4878
0.605	0.606	0	4878
0.606	0.607	2	4880
0.607	0.608	0	4880
0.608	0.609	0	4880
0.609	0.610	0	4880
0.610	0.611	1	4881
0.611	0.612	1	4882
0.612	0.613	0	4882
0.613	0.614	0	4882
0.614	0.615	2	4884
0.615	0.616	0	4884
0.616	0.617	1	4885
0.617	0.618	1	4886
0.618	0.619	1	4887
0.619	0.620	0	4887
0.620	0.621	0	4887
0.621	0.622	0	4887
0.622	0.623	2	4889
0.623	0.624	1	4890
0.624	0.625	0	4890
0.625	0.626	0	4890
0.626	0.627	0	4890
0.627	0.628	0	4890
0.628	0.629	1	4891
0.629	0.630	0	4891
0.630	0.631	1	4892
0.631	0.632	1	4893
0.632	0.633	1	4894
0.633	0.634	0	4894
0.634	0.635	0	4894
0.635	0.636	0	4894
0.636	0.637	0	4894
0.637	0.638	0	4894
0.638	0.639	1	4895
0.639	0.640	0	4895
0.640	0.641	0	4895
0.641	0.642	3	4898
0.642	0.643	0	4898
0.643	0.644	1	4899
0.644	0.645	0	4899
0.645	0.646	3	4902
0.646	0.647	0	4902
0.647	0.648	0	4902
0.648	0.649	2	4904
0.649	0.650	1	4905
0.650	0.651	1	4906
0.651	0.652	0	4906
0.652	0.653	0	4906
0.653	0.654	0	4906
0.654	0.655	0	4906
0.655	0.656	0	4906
0.656	0.657	0	4906
0.657	0.658	0	4906
0.658	0.659	1	4907
0.659	0.660	1	4908
0.660	0.661	0	4908
0.661	0.662	1	4909
0.662	0.663	0	4909
0.663	0.664	1	4910
0.664	0.665	0	4910
0.665	0.666	2	4912
0.666	0.667	1	4913
0.667	0.668	1	4914
0.668	0.669	0	4914
0.669	0.670	0	4914
0.670	0.671	0	4914
0.671	0.672	0	4914
0.672	0.673	0	4914
0.673	0.674	2	4916
0.674	0.675	0	4916
0.675	0.676	0	4916
0.676	0.677	0	4916
0.677	0.678	2	4918
0.678	0.679	1	4919
0.679	0.680	0	4919
0.680	0.681	0	4919
0.681	0.682	0	4919
0.682	0.683	0	4919
0.683	0.684	0	4919
0.684	0.685	2	4921
0.685	0.686	1	4922
0.686	0.687	0	4922
0.687	0.688	0	4922
0.688	0.689	1	4923
0.689	0.690	0	4923
0.690	0.691	0	4923
0.691	0.692	0	4923
0.692	0.693	1	4924
0.693	0.694	0	4924
0.694	0.695	1	4925
0.695	0.696	1	4926
0.696	0.697	1	4927
0.697	0.698	0	4927
0.698	0.699	0	4927
0.699	0.700	3	4930
0.700	0.701	0	4930
0.701	0.702	2	4932
0.702	0.703	0	4932
0.703	0.704	0	4932
0.704	0.705	1	4933
0.705	0.706	2	4935
0.706	0.707	0	4935
0.707	0.708	1	4936
0.708	0.709	1	4937
0.709	0.710	0	4937
0.710	0.711	0	4937
0.711	0.712	1	4938
0.712	0.713	0	4938
0.713	0.714	0	4938
0.714	0.715	0	4938
0.715	0.716	0	4938
0.716	0.717	0	4938
0.717	0.718	1	4939
0.718	0.719	0	4939
0.719	0.720	0	4939
0.720	0.721	0	4939
0.721	0.722	0	4939
0.722	0.723	0	4939
0.723	0.724	0	4939
0.724	0.725	0	4939
0.725	0.726	1	4940
0.726	0.727	0	4940
0.727	0.728	1	4941
0.728	0.729	0	4941
0.729	0.730	1	4942
0.730	0.731	0	4942
0.731	0.732	0	4942
0.732	0.733	0	4942
0.733	0.734	0	4942
0.734	0.735	0	4942
0.735	0.736	1	4943
0.736	0.737	0	4943
0.737	0.738	1	4944
0.738	0.739	0	4944
0.739	0.740	0	4944
0.740	0.741	0	4944
0.741	0.742	0	4944
0.742	0.743	0	4944
0.743	0.744	0	4944
0.744	0.745	0	4944
0.745	0.746	0	4944
0.746	0.747	0	4944
0.747	0.748	0	4944
0.748	0.749	0	4944
0.749	0.750	0	4944
0.750	0.751	0	4944
0.751	0.752	0	4944
0.752	0.753	0	4944
0.753	0.754	0	4944
0.754	0.755	0	4944
0.755	0.756	0	4944
0.756	0.757	0	4944
0.757	0.758	0	4944
0.758	0.759	0	4944
0.759	0.760	0	4944
0.760	0.761	1	4945
0.761	0.762	0	4945
0.762	0.763	0	4945
0.763	0.764	0	4945
0.764	0.765	0	4945
0.765	0.766	0	4945
0.766	0.767	1	4946
0.767	0.768	0	4946
0.768	0.769	0	4946
0.769	0.770	0	4946
0.770	0.771	0	4946
0.771	0.772	0	4946
0.772	0.773	0	4946
0.773	0.774	0	4946
0.774	0.775	1	4947
0.775	0.776	0	4947
0.776	0.777	0	4947
0.777	0.778	0	4947
0.778	0.779	0	4947
0.779	0.780	0	4947
0.780	0.781	0	4947
0.781	0.782	0	4947
0.782	0.783	0	4947
0.783	0.784	0	4947
0.784	0.785	1	4948
0.785	0.786	0	4948
0.786	0.787	0	4948
0.787	0.788	0	4948
0.788	0.789	0	4948
0.789	0.790	0	4948
0.790	0.791	0	4948
0.791	0.792	0	4948
0.792	0.793	0	4948
0.793	0.794	0	4948
0.794	0.795	0	4948
0.795	0.796	0	4948
0.796	0.797	0	4948
0.797	0.798	0	4948
0.798	0.799	0	4948
0.799	0.800	0	4948
0.800	0.801	0	4948
0.801	0.802	0	4948
0.802	0.803	0	4948
0.803	0.804	0	4948
0.804	0.805	0	4948
0.805	0.806	0	4948
0.806	0.807	0	4948
0.807	0.808	0	4948
0.808	0.809	1	4949
0.809	0.810	0	4949
0.810	0.811	0	4949
0.811	0.812	1	4950
0.812	0.813	0	4950
0.813	0.814	0	4950
0.814	0.815	0	4950
0.815	0.816	0	4950
0.816	0.817	0	4950
0.817	0.818	0	4950
0.818	0.819	0	4950
0.819	0.820	0	4950
0.820	0.821	0	4950
0.821	0.822	0	4950
0.822	0.823	0	4950
0.823	0.824	0	4950
0.824	0.825	0	4950
0.825	0.826	0	4950
0.826	0.827	0	4950
0.827	0.828	0	4950
0.828	0.829	0	4950
0.829	0.830	0	4950
0.830	0.831	0	4950
0.831	0.832	0	4950
0.832	0.833	0	4950
0.833	0.834	0	4950
0.834	0.835	0	4950
0.835	0.836	0	4950
0.836	0.837	0	4950
0.837	0.838	0	4950
0.838	0.839	0	4950
0.839	0.840	0	4950
0.840	0.841	0	4950
0.841	0.842	0	4950
0.842	0.843	0	4950
0.843	0.844	0	4950
0.844	0.845	0	4950
0.845	0.846	0	4950
0.846	0.847	0	4950
0.847	0.848	0	4950
0.848	0.849	0	4950
0.849	0.850	0	4950
0.850	0.851	0	4950
0.851	0.852	0	4950
0.852	0.853	0	4950
0.853	0.854	0	4950
0.854	0.855	0	4950
0.855	0.856	0	4950
0.856	0.857	0	4950
0.857	0.858	0	4950
0.858	0.859	0	4950
0.859	0.860	0	4950
0.860	0.861	0	4950
0.861	0.862	0	4950
0.862	0.863	0	4950
0.863	0.864	0	4950
0.864	0.865	0	4950
0.865	0.866	0	4950
0.866	0.867	0	4950
0.867	0.868	0	4950
0.868	0.869	0	4950
0.869	0.870	0	4950
0.870	0.871	0	4950
0.871	0.872	0	4950
0.872	0.873	0	4950
0.873	0.874	0	4950
0.874	0.875	0	4950
0.875	0.876	0	4950
0.876	0.877	0	4950
0.877	0.878	0	4950
0.878	0.879	0	4950
0.879	0.880	0	4950
0.880	0.881	0	4950
0.881	0.882	0	4950
0.882	0.883	0	4950
0.883	0.884	0	4950
0.884	0.885	0	4950
0.885	0.886	0	4950
0.886	0.887	0	4950
0.887	0.888	0	4950
0.888	0.889	0	4950
0.889	0.890	0	4950
0.890	0.891	0	4950
0.891	0.892	0	4950
0.892	0.893	0	4950
0.893	0.894	0	4950
0.894	0.895	0	4950
0.895	0.896	0	4950
0.896	0.897	0	4950
0.897	0.898	0	4950
0.898	0.899	0	4950
0.899	0.900	0	4950
0.900	0.901	0	4950
0.901	0.902	0	4950
0.902	0.903	0	4950
0.903	0.904	0	4950
0.904	0.905	0	4950
0.905	0.906	0	4950
0.906	0.907	0	4950
0.907	0.908	0	4950
0.908	0.909	0	4950
0.909	0.910	0	4950
0.910	0.911	0	4950
0.911	0.912	0	4950
0.912	0.913	0	4950
0.913	0.914	0	4950
0.914	0.915	0	4950
0.915	0.916	0	4950
0.916	0.917	0	4950
0.917	0.918	0	4950
0.918	0.919	0	4950
0.919	0.920	0	4950
0.920	0.921	0	4950
0.921	0.922	0	4950
0.922	0.923	0	4950
0.923	0.924	0	4950
0.924	0.925	0	4950
0.925	0.926	0	4950
0.926	0.927	0	4950
0.927	0.928	0	4950
0.928	0.929	0	4950
0.929	0.930	0	4950
0.930	0.931	0	4950
0.931	0.932	0	4950
0.932	0.933	0	4950
0.933	0.934	0	4950
0.934	0.935	0	4950
0.935	0.936	0	4950
0.936	0.937	0	4950
0.937	0.938	0	4950
0.938	0.939	0	4950
0.939	0.940	0	4950
0.940	0.941	0	4950
0.941	0.942	0	4950
0.942	0.943	0	4950
0.943	0.944	0	4950
0.944	0.945	0	4950
0.945	0.946	0	4950
0.946	0.947	0	4950
0.947	0.948	0	4950
0.948	0.949	0	4950
0.949	0.950	0	4950
0.950	0.951	0	4950
0.951	0.952	0	4950
0.952	0.953	0	4950
0.953	0.954	0	4950
0.954	0.955	0	4950
0.955	0.956	0	4950
0.956	0.957	0	4950
0.957	0.958	0	4950
0.958	0.959	0	4950
0.959	0.960	0	4950
0.960	0.961	0	4950
0.961	0.962	0	4950
0.962	0.963	0	4950
0.963	0.964	0	4950
0.964	0.965	0	4950
0.965	0.966	0	4950
0.966	0.967	0	4950
0.967	0.968	0	4950
0.968	0.969	0	4950
0.969	0.970	0	4950
0.970	0.971	0	4950
0.971	0.972	0	4950
0.972	0.973	0	4950
0.973	0.974	0	4950
0.974	0.975	0	4950
0.975	0.976	0	4950
0.976	0.977	0	4950
0.977	0.978	0	4950
0.978	0.979	0	4950
0.979	0.980	0	4950
0.980	0.981	0	4950
0.981	0.982	0	4950
0.982	0.983	0	4950
0.983	0.984	0	4950
0.984	0.985	0	4950
0.985	0.986	0	4950
0.986	0.987	0	4950
0.987	0.988	0	4950
0.988	0.989	0	4950
0.989	0.990	0	4950
0.990	0.991	0	4950
0.991	0.992	0	4950
0.992	0.993	0	4950
0.993	0.994	0	4950
0.994	0.995	0	4950
0.995	0.996	0	4950
0.996	0.997	0	4950
0.997	0.998	0	4950
0.998	0.999	0	4950
0.999	1.000	0	4950
1.000	1.001	0	4950
mean value_group1 = 0.009338
variance_group1 = 0.061945
standard deviation_group1 = 0.248888
skewness_group1 = 0.002261
kurtosis_group1 = 0.011742
lower quartile_group1 = -0.154821
median_value_group1 = 0.005750
upper quartile_group1 = 0.166643
interquartile range_group1 = 0.321464
