lower_interval	upper_interval	frequency	accumulative_frequency
-1.000	-0.999	0	0
-0.999	-0.998	0	0
-0.998	-0.997	0	0
-0.997	-0.996	0	0
-0.996	-0.995	0	0
-0.995	-0.994	0	0
-0.994	-0.993	0	0
-0.993	-0.992	0	0
-0.992	-0.991	0	0
-0.991	-0.990	0	0
-0.990	-0.989	0	0
-0.989	-0.988	0	0
-0.988	-0.987	0	0
-0.987	-0.986	0	0
-0.986	-0.985	0	0
-0.985	-0.984	0	0
-0.984	-0.983	0	0
-0.983	-0.982	0	0
-0.982	-0.981	0	0
-0.981	-0.980	0	0
-0.980	-0.979	0	0
-0.979	-0.978	0	0
-0.978	-0.977	0	0
-0.977	-0.976	0	0
-0.976	-0.975	0	0
-0.975	-0.974	0	0
-0.974	-0.973	0	0
-0.973	-0.972	0	0
-0.972	-0.971	0	0
-0.971	-0.970	0	0
-0.970	-0.969	0	0
-0.969	-0.968	0	0
-0.968	-0.967	0	0
-0.967	-0.966	0	0
-0.966	-0.965	0	0
-0.965	-0.964	0	0
-0.964	-0.963	0	0
-0.963	-0.962	0	0
-0.962	-0.961	0	0
-0.961	-0.960	0	0
-0.960	-0.959	0	0
-0.959	-0.958	0	0
-0.958	-0.957	0	0
-0.957	-0.956	0	0
-0.956	-0.955	0	0
-0.955	-0.954	0	0
-0.954	-0.953	0	0
-0.953	-0.952	0	0
-0.952	-0.951	0	0
-0.951	-0.950	0	0
-0.950	-0.949	0	0
-0.949	-0.948	0	0
-0.948	-0.947	0	0
-0.947	-0.946	0	0
-0.946	-0.945	0	0
-0.945	-0.944	0	0
-0.944	-0.943	0	0
-0.943	-0.942	0	0
-0.942	-0.941	0	0
-0.941	-0.940	0	0
-0.940	-0.939	0	0
-0.939	-0.938	0	0
-0.938	-0.937	0	0
-0.937	-0.936	0	0
-0.936	-0.935	0	0
-0.935	-0.934	0	0
-0.934	-0.933	0	0
-0.933	-0.932	0	0
-0.932	-0.931	0	0
-0.931	-0.930	0	0
-0.930	-0.929	0	0
-0.929	-0.928	0	0
-0.928	-0.927	0	0
-0.927	-0.926	0	0
-0.926	-0.925	0	0
-0.925	-0.924	0	0
-0.924	-0.923	0	0
-0.923	-0.922	0	0
-0.922	-0.921	0	0
-0.921	-0.920	0	0
-0.920	-0.919	0	0
-0.919	-0.918	0	0
-0.918	-0.917	0	0
-0.917	-0.916	0	0
-0.916	-0.915	0	0
-0.915	-0.914	0	0
-0.914	-0.913	0	0
-0.913	-0.912	0	0
-0.912	-0.911	0	0
-0.911	-0.910	0	0
-0.910	-0.909	0	0
-0.909	-0.908	0	0
-0.908	-0.907	0	0
-0.907	-0.906	0	0
-0.906	-0.905	0	0
-0.905	-0.904	0	0
-0.904	-0.903	0	0
-0.903	-0.902	0	0
-0.902	-0.901	0	0
-0.901	-0.900	0	0
-0.900	-0.899	0	0
-0.899	-0.898	0	0
-0.898	-0.897	0	0
-0.897	-0.896	0	0
-0.896	-0.895	0	0
-0.895	-0.894	0	0
-0.894	-0.893	0	0
-0.893	-0.892	0	0
-0.892	-0.891	0	0
-0.891	-0.890	0	0
-0.890	-0.889	0	0
-0.889	-0.888	0	0
-0.888	-0.887	0	0
-0.887	-0.886	0	0
-0.886	-0.885	0	0
-0.885	-0.884	0	0
-0.884	-0.883	0	0
-0.883	-0.882	0	0
-0.882	-0.881	0	0
-0.881	-0.880	0	0
-0.880	-0.879	0	0
-0.879	-0.878	0	0
-0.878	-0.877	0	0
-0.877	-0.876	0	0
-0.876	-0.875	0	0
-0.875	-0.874	0	0
-0.874	-0.873	0	0
-0.873	-0.872	0	0
-0.872	-0.871	0	0
-0.871	-0.870	0	0
-0.870	-0.869	0	0
-0.869	-0.868	0	0
-0.868	-0.867	0	0
-0.867	-0.866	0	0
-0.866	-0.865	0	0
-0.865	-0.864	0	0
-0.864	-0.863	0	0
-0.863	-0.862	0	0
-0.862	-0.861	0	0
-0.861	-0.860	0	0
-0.860	-0.859	0	0
-0.859	-0.858	0	0
-0.858	-0.857	0	0
-0.857	-0.856	0	0
-0.856	-0.855	0	0
-0.855	-0.854	0	0
-0.854	-0.853	0	0
-0.853	-0.852	0	0
-0.852	-0.851	0	0
-0.851	-0.850	0	0
-0.850	-0.849	0	0
-0.849	-0.848	0	0
-0.848	-0.847	0	0
-0.847	-0.846	0	0
-0.846	-0.845	0	0
-0.845	-0.844	0	0
-0.844	-0.843	0	0
-0.843	-0.842	0	0
-0.842	-0.841	0	0
-0.841	-0.840	0	0
-0.840	-0.839	0	0
-0.839	-0.838	0	0
-0.838	-0.837	0	0
-0.837	-0.836	0	0
-0.836	-0.835	0	0
-0.835	-0.834	0	0
-0.834	-0.833	0	0
-0.833	-0.832	0	0
-0.832	-0.831	0	0
-0.831	-0.830	0	0
-0.830	-0.829	0	0
-0.829	-0.828	0	0
-0.828	-0.827	0	0
-0.827	-0.826	0	0
-0.826	-0.825	0	0
-0.825	-0.824	0	0
-0.824	-0.823	0	0
-0.823	-0.822	0	0
-0.822	-0.821	0	0
-0.821	-0.820	0	0
-0.820	-0.819	0	0
-0.819	-0.818	0	0
-0.818	-0.817	0	0
-0.817	-0.816	0	0
-0.816	-0.815	0	0
-0.815	-0.814	0	0
-0.814	-0.813	0	0
-0.813	-0.812	0	0
-0.812	-0.811	0	0
-0.811	-0.810	0	0
-0.810	-0.809	0	0
-0.809	-0.808	0	0
-0.808	-0.807	0	0
-0.807	-0.806	0	0
-0.806	-0.805	0	0
-0.805	-0.804	0	0
-0.804	-0.803	0	0
-0.803	-0.802	0	0
-0.802	-0.801	0	0
-0.801	-0.800	0	0
-0.800	-0.799	0	0
-0.799	-0.798	0	0
-0.798	-0.797	0	0
-0.797	-0.796	0	0
-0.796	-0.795	0	0
-0.795	-0.794	0	0
-0.794	-0.793	0	0
-0.793	-0.792	0	0
-0.792	-0.791	0	0
-0.791	-0.790	0	0
-0.790	-0.789	0	0
-0.789	-0.788	0	0
-0.788	-0.787	0	0
-0.787	-0.786	0	0
-0.786	-0.785	0	0
-0.785	-0.784	0	0
-0.784	-0.783	0	0
-0.783	-0.782	0	0
-0.782	-0.781	0	0
-0.781	-0.780	0	0
-0.780	-0.779	0	0
-0.779	-0.778	0	0
-0.778	-0.777	0	0
-0.777	-0.776	0	0
-0.776	-0.775	0	0
-0.775	-0.774	0	0
-0.774	-0.773	0	0
-0.773	-0.772	0	0
-0.772	-0.771	0	0
-0.771	-0.770	0	0
-0.770	-0.769	0	0
-0.769	-0.768	0	0
-0.768	-0.767	0	0
-0.767	-0.766	0	0
-0.766	-0.765	0	0
-0.765	-0.764	0	0
-0.764	-0.763	0	0
-0.763	-0.762	0	0
-0.762	-0.761	0	0
-0.761	-0.760	0	0
-0.760	-0.759	0	0
-0.759	-0.758	0	0
-0.758	-0.757	0	0
-0.757	-0.756	0	0
-0.756	-0.755	0	0
-0.755	-0.754	0	0
-0.754	-0.753	0	0
-0.753	-0.752	0	0
-0.752	-0.751	0	0
-0.751	-0.750	0	0
-0.750	-0.749	0	0
-0.749	-0.748	0	0
-0.748	-0.747	0	0
-0.747	-0.746	0	0
-0.746	-0.745	0	0
-0.745	-0.744	0	0
-0.744	-0.743	0	0
-0.743	-0.742	0	0
-0.742	-0.741	0	0
-0.741	-0.740	0	0
-0.740	-0.739	0	0
-0.739	-0.738	0	0
-0.738	-0.737	0	0
-0.737	-0.736	0	0
-0.736	-0.735	0	0
-0.735	-0.734	0	0
-0.734	-0.733	0	0
-0.733	-0.732	0	0
-0.732	-0.731	0	0
-0.731	-0.730	0	0
-0.730	-0.729	0	0
-0.729	-0.728	0	0
-0.728	-0.727	0	0
-0.727	-0.726	0	0
-0.726	-0.725	0	0
-0.725	-0.724	0	0
-0.724	-0.723	0	0
-0.723	-0.722	0	0
-0.722	-0.721	0	0
-0.721	-0.720	1	1
-0.720	-0.719	0	1
-0.719	-0.718	1	2
-0.718	-0.717	0	2
-0.717	-0.716	0	2
-0.716	-0.715	0	2
-0.715	-0.714	0	2
-0.714	-0.713	0	2
-0.713	-0.712	0	2
-0.712	-0.711	0	2
-0.711	-0.710	0	2
-0.710	-0.709	0	2
-0.709	-0.708	0	2
-0.708	-0.707	0	2
-0.707	-0.706	0	2
-0.706	-0.705	0	2
-0.705	-0.704	0	2
-0.704	-0.703	0	2
-0.703	-0.702	0	2
-0.702	-0.701	0	2
-0.701	-0.700	0	2
-0.700	-0.699	0	2
-0.699	-0.698	0	2
-0.698	-0.697	0	2
-0.697	-0.696	0	2
-0.696	-0.695	0	2
-0.695	-0.694	0	2
-0.694	-0.693	1	3
-0.693	-0.692	0	3
-0.692	-0.691	0	3
-0.691	-0.690	0	3
-0.690	-0.689	0	3
-0.689	-0.688	1	4
-0.688	-0.687	1	5
-0.687	-0.686	0	5
-0.686	-0.685	0	5
-0.685	-0.684	0	5
-0.684	-0.683	0	5
-0.683	-0.682	0	5
-0.682	-0.681	0	5
-0.681	-0.680	0	5
-0.680	-0.679	1	6
-0.679	-0.678	0	6
-0.678	-0.677	1	7
-0.677	-0.676	0	7
-0.676	-0.675	0	7
-0.675	-0.674	0	7
-0.674	-0.673	0	7
-0.673	-0.672	0	7
-0.672	-0.671	0	7
-0.671	-0.670	0	7
-0.670	-0.669	0	7
-0.669	-0.668	0	7
-0.668	-0.667	0	7
-0.667	-0.666	0	7
-0.666	-0.665	0	7
-0.665	-0.664	0	7
-0.664	-0.663	0	7
-0.663	-0.662	0	7
-0.662	-0.661	0	7
-0.661	-0.660	0	7
-0.660	-0.659	0	7
-0.659	-0.658	0	7
-0.658	-0.657	0	7
-0.657	-0.656	0	7
-0.656	-0.655	0	7
-0.655	-0.654	0	7
-0.654	-0.653	0	7
-0.653	-0.652	0	7
-0.652	-0.651	0	7
-0.651	-0.650	0	7
-0.650	-0.649	0	7
-0.649	-0.648	0	7
-0.648	-0.647	0	7
-0.647	-0.646	0	7
-0.646	-0.645	1	8
-0.645	-0.644	0	8
-0.644	-0.643	1	9
-0.643	-0.642	0	9
-0.642	-0.641	0	9
-0.641	-0.640	0	9
-0.640	-0.639	0	9
-0.639	-0.638	0	9
-0.638	-0.637	0	9
-0.637	-0.636	0	9
-0.636	-0.635	1	10
-0.635	-0.634	0	10
-0.634	-0.633	0	10
-0.633	-0.632	0	10
-0.632	-0.631	0	10
-0.631	-0.630	0	10
-0.630	-0.629	1	11
-0.629	-0.628	0	11
-0.628	-0.627	0	11
-0.627	-0.626	0	11
-0.626	-0.625	0	11
-0.625	-0.624	0	11
-0.624	-0.623	1	12
-0.623	-0.622	0	12
-0.622	-0.621	0	12
-0.621	-0.620	0	12
-0.620	-0.619	0	12
-0.619	-0.618	0	12
-0.618	-0.617	0	12
-0.617	-0.616	0	12
-0.616	-0.615	0	12
-0.615	-0.614	0	12
-0.614	-0.613	1	13
-0.613	-0.612	1	14
-0.612	-0.611	0	14
-0.611	-0.610	0	14
-0.610	-0.609	0	14
-0.609	-0.608	0	14
-0.608	-0.607	0	14
-0.607	-0.606	0	14
-0.606	-0.605	0	14
-0.605	-0.604	0	14
-0.604	-0.603	0	14
-0.603	-0.602	0	14
-0.602	-0.601	0	14
-0.601	-0.600	0	14
-0.600	-0.599	0	14
-0.599	-0.598	0	14
-0.598	-0.597	0	14
-0.597	-0.596	0	14
-0.596	-0.595	0	14
-0.595	-0.594	0	14
-0.594	-0.593	1	15
-0.593	-0.592	0	15
-0.592	-0.591	0	15
-0.591	-0.590	0	15
-0.590	-0.589	0	15
-0.589	-0.588	0	15
-0.588	-0.587	2	17
-0.587	-0.586	0	17
-0.586	-0.585	0	17
-0.585	-0.584	0	17
-0.584	-0.583	0	17
-0.583	-0.582	0	17
-0.582	-0.581	0	17
-0.581	-0.580	0	17
-0.580	-0.579	0	17
-0.579	-0.578	0	17
-0.578	-0.577	0	17
-0.577	-0.576	0	17
-0.576	-0.575	1	18
-0.575	-0.574	0	18
-0.574	-0.573	0	18
-0.573	-0.572	0	18
-0.572	-0.571	0	18
-0.571	-0.570	0	18
-0.570	-0.569	0	18
-0.569	-0.568	0	18
-0.568	-0.567	0	18
-0.567	-0.566	1	19
-0.566	-0.565	0	19
-0.565	-0.564	0	19
-0.564	-0.563	0	19
-0.563	-0.562	0	19
-0.562	-0.561	0	19
-0.561	-0.560	0	19
-0.560	-0.559	1	20
-0.559	-0.558	0	20
-0.558	-0.557	0	20
-0.557	-0.556	0	20
-0.556	-0.555	0	20
-0.555	-0.554	0	20
-0.554	-0.553	0	20
-0.553	-0.552	0	20
-0.552	-0.551	0	20
-0.551	-0.550	0	20
-0.550	-0.549	0	20
-0.549	-0.548	0	20
-0.548	-0.547	1	21
-0.547	-0.546	0	21
-0.546	-0.545	1	22
-0.545	-0.544	1	23
-0.544	-0.543	0	23
-0.543	-0.542	0	23
-0.542	-0.541	0	23
-0.541	-0.540	0	23
-0.540	-0.539	0	23
-0.539	-0.538	0	23
-0.538	-0.537	1	24
-0.537	-0.536	0	24
-0.536	-0.535	3	27
-0.535	-0.534	0	27
-0.534	-0.533	0	27
-0.533	-0.532	0	27
-0.532	-0.531	0	27
-0.531	-0.530	0	27
-0.530	-0.529	0	27
-0.529	-0.528	1	28
-0.528	-0.527	1	29
-0.527	-0.526	1	30
-0.526	-0.525	1	31
-0.525	-0.524	0	31
-0.524	-0.523	0	31
-0.523	-0.522	0	31
-0.522	-0.521	1	32
-0.521	-0.520	0	32
-0.520	-0.519	0	32
-0.519	-0.518	1	33
-0.518	-0.517	0	33
-0.517	-0.516	1	34
-0.516	-0.515	0	34
-0.515	-0.514	0	34
-0.514	-0.513	0	34
-0.513	-0.512	0	34
-0.512	-0.511	0	34
-0.511	-0.510	0	34
-0.510	-0.509	0	34
-0.509	-0.508	0	34
-0.508	-0.507	1	35
-0.507	-0.506	0	35
-0.506	-0.505	0	35
-0.505	-0.504	0	35
-0.504	-0.503	1	36
-0.503	-0.502	0	36
-0.502	-0.501	0	36
-0.501	-0.500	0	36
-0.500	-0.499	0	36
-0.499	-0.498	0	36
-0.498	-0.497	0	36
-0.497	-0.496	0	36
-0.496	-0.495	0	36
-0.495	-0.494	0	36
-0.494	-0.493	0	36
-0.493	-0.492	1	37
-0.492	-0.491	0	37
-0.491	-0.490	0	37
-0.490	-0.489	0	37
-0.489	-0.488	0	37
-0.488	-0.487	0	37
-0.487	-0.486	0	37
-0.486	-0.485	0	37
-0.485	-0.484	0	37
-0.484	-0.483	1	38
-0.483	-0.482	0	38
-0.482	-0.481	0	38
-0.481	-0.480	0	38
-0.480	-0.479	1	39
-0.479	-0.478	1	40
-0.478	-0.477	0	40
-0.477	-0.476	0	40
-0.476	-0.475	1	41
-0.475	-0.474	1	42
-0.474	-0.473	0	42
-0.473	-0.472	1	43
-0.472	-0.471	0	43
-0.471	-0.470	1	44
-0.470	-0.469	1	45
-0.469	-0.468	0	45
-0.468	-0.467	0	45
-0.467	-0.466	0	45
-0.466	-0.465	1	46
-0.465	-0.464	1	47
-0.464	-0.463	1	48
-0.463	-0.462	0	48
-0.462	-0.461	0	48
-0.461	-0.460	1	49
-0.460	-0.459	0	49
-0.459	-0.458	1	50
-0.458	-0.457	0	50
-0.457	-0.456	0	50
-0.456	-0.455	3	53
-0.455	-0.454	0	53
-0.454	-0.453	0	53
-0.453	-0.452	0	53
-0.452	-0.451	0	53
-0.451	-0.450	0	53
-0.450	-0.449	2	55
-0.449	-0.448	0	55
-0.448	-0.447	1	56
-0.447	-0.446	1	57
-0.446	-0.445	5	62
-0.445	-0.444	0	62
-0.444	-0.443	0	62
-0.443	-0.442	1	63
-0.442	-0.441	1	64
-0.441	-0.440	0	64
-0.440	-0.439	1	65
-0.439	-0.438	0	65
-0.438	-0.437	2	67
-0.437	-0.436	2	69
-0.436	-0.435	0	69
-0.435	-0.434	0	69
-0.434	-0.433	2	71
-0.433	-0.432	1	72
-0.432	-0.431	0	72
-0.431	-0.430	0	72
-0.430	-0.429	1	73
-0.429	-0.428	0	73
-0.428	-0.427	0	73
-0.427	-0.426	0	73
-0.426	-0.425	1	74
-0.425	-0.424	0	74
-0.424	-0.423	3	77
-0.423	-0.422	1	78
-0.422	-0.421	1	79
-0.421	-0.420	1	80
-0.420	-0.419	0	80
-0.419	-0.418	1	81
-0.418	-0.417	2	83
-0.417	-0.416	1	84
-0.416	-0.415	0	84
-0.415	-0.414	1	85
-0.414	-0.413	1	86
-0.413	-0.412	0	86
-0.412	-0.411	1	87
-0.411	-0.410	1	88
-0.410	-0.409	0	88
-0.409	-0.408	3	91
-0.408	-0.407	1	92
-0.407	-0.406	1	93
-0.406	-0.405	2	95
-0.405	-0.404	0	95
-0.404	-0.403	1	96
-0.403	-0.402	0	96
-0.402	-0.401	0	96
-0.401	-0.400	1	97
-0.400	-0.399	1	98
-0.399	-0.398	0	98
-0.398	-0.397	1	99
-0.397	-0.396	5	104
-0.396	-0.395	2	106
-0.395	-0.394	0	106
-0.394	-0.393	0	106
-0.393	-0.392	0	106
-0.392	-0.391	1	107
-0.391	-0.390	1	108
-0.390	-0.389	1	109
-0.389	-0.388	2	111
-0.388	-0.387	1	112
-0.387	-0.386	0	112
-0.386	-0.385	3	115
-0.385	-0.384	3	118
-0.384	-0.383	2	120
-0.383	-0.382	2	122
-0.382	-0.381	1	123
-0.381	-0.380	2	125
-0.380	-0.379	1	126
-0.379	-0.378	2	128
-0.378	-0.377	1	129
-0.377	-0.376	2	131
-0.376	-0.375	1	132
-0.375	-0.374	0	132
-0.374	-0.373	1	133
-0.373	-0.372	1	134
-0.372	-0.371	4	138
-0.371	-0.370	0	138
-0.370	-0.369	2	140
-0.369	-0.368	0	140
-0.368	-0.367	3	143
-0.367	-0.366	1	144
-0.366	-0.365	0	144
-0.365	-0.364	1	145
-0.364	-0.363	3	148
-0.363	-0.362	3	151
-0.362	-0.361	0	151
-0.361	-0.360	3	154
-0.360	-0.359	0	154
-0.359	-0.358	3	157
-0.358	-0.357	3	160
-0.357	-0.356	0	160
-0.356	-0.355	0	160
-0.355	-0.354	1	161
-0.354	-0.353	1	162
-0.353	-0.352	1	163
-0.352	-0.351	0	163
-0.351	-0.350	2	165
-0.350	-0.349	1	166
-0.349	-0.348	2	168
-0.348	-0.347	0	168
-0.347	-0.346	2	170
-0.346	-0.345	2	172
-0.345	-0.344	1	173
-0.344	-0.343	1	174
-0.343	-0.342	3	177
-0.342	-0.341	2	179
-0.341	-0.340	0	179
-0.340	-0.339	0	179
-0.339	-0.338	2	181
-0.338	-0.337	2	183
-0.337	-0.336	0	183
-0.336	-0.335	0	183
-0.335	-0.334	1	184
-0.334	-0.333	1	185
-0.333	-0.332	2	187
-0.332	-0.331	2	189
-0.331	-0.330	5	194
-0.330	-0.329	2	196
-0.329	-0.328	1	197
-0.328	-0.327	4	201
-0.327	-0.326	3	204
-0.326	-0.325	2	206
-0.325	-0.324	1	207
-0.324	-0.323	3	210
-0.323	-0.322	3	213
-0.322	-0.321	3	216
-0.321	-0.320	1	217
-0.320	-0.319	1	218
-0.319	-0.318	2	220
-0.318	-0.317	3	223
-0.317	-0.316	2	225
-0.316	-0.315	1	226
-0.315	-0.314	1	227
-0.314	-0.313	2	229
-0.313	-0.312	3	232
-0.312	-0.311	0	232
-0.311	-0.310	5	237
-0.310	-0.309	3	240
-0.309	-0.308	1	241
-0.308	-0.307	1	242
-0.307	-0.306	3	245
-0.306	-0.305	3	248
-0.305	-0.304	2	250
-0.304	-0.303	3	253
-0.303	-0.302	0	253
-0.302	-0.301	1	254
-0.301	-0.300	0	254
-0.300	-0.299	5	259
-0.299	-0.298	7	266
-0.298	-0.297	2	268
-0.297	-0.296	3	271
-0.296	-0.295	3	274
-0.295	-0.294	3	277
-0.294	-0.293	4	281
-0.293	-0.292	1	282
-0.292	-0.291	2	284
-0.291	-0.290	2	286
-0.290	-0.289	2	288
-0.289	-0.288	2	290
-0.288	-0.287	5	295
-0.287	-0.286	7	302
-0.286	-0.285	1	303
-0.285	-0.284	4	307
-0.284	-0.283	3	310
-0.283	-0.282	2	312
-0.282	-0.281	4	316
-0.281	-0.280	4	320
-0.280	-0.279	1	321
-0.279	-0.278	2	323
-0.278	-0.277	3	326
-0.277	-0.276	3	329
-0.276	-0.275	1	330
-0.275	-0.274	2	332
-0.274	-0.273	3	335
-0.273	-0.272	3	338
-0.272	-0.271	5	343
-0.271	-0.270	3	346
-0.270	-0.269	4	350
-0.269	-0.268	3	353
-0.268	-0.267	4	357
-0.267	-0.266	6	363
-0.266	-0.265	4	367
-0.265	-0.264	5	372
-0.264	-0.263	4	376
-0.263	-0.262	6	382
-0.262	-0.261	8	390
-0.261	-0.260	3	393
-0.260	-0.259	2	395
-0.259	-0.258	1	396
-0.258	-0.257	3	399
-0.257	-0.256	1	400
-0.256	-0.255	7	407
-0.255	-0.254	1	408
-0.254	-0.253	2	410
-0.253	-0.252	3	413
-0.252	-0.251	4	417
-0.251	-0.250	6	423
-0.250	-0.249	5	428
-0.249	-0.248	4	432
-0.248	-0.247	2	434
-0.247	-0.246	5	439
-0.246	-0.245	5	444
-0.245	-0.244	5	449
-0.244	-0.243	2	451
-0.243	-0.242	3	454
-0.242	-0.241	5	459
-0.241	-0.240	5	464
-0.240	-0.239	3	467
-0.239	-0.238	1	468
-0.238	-0.237	1	469
-0.237	-0.236	4	473
-0.236	-0.235	7	480
-0.235	-0.234	2	482
-0.234	-0.233	8	490
-0.233	-0.232	5	495
-0.232	-0.231	4	499
-0.231	-0.230	5	504
-0.230	-0.229	5	509
-0.229	-0.228	1	510
-0.228	-0.227	5	515
-0.227	-0.226	6	521
-0.226	-0.225	3	524
-0.225	-0.224	5	529
-0.224	-0.223	2	531
-0.223	-0.222	6	537
-0.222	-0.221	2	539
-0.221	-0.220	4	543
-0.220	-0.219	3	546
-0.219	-0.218	6	552
-0.218	-0.217	3	555
-0.217	-0.216	6	561
-0.216	-0.215	1	562
-0.215	-0.214	5	567
-0.214	-0.213	6	573
-0.213	-0.212	6	579
-0.212	-0.211	5	584
-0.211	-0.210	1	585
-0.210	-0.209	4	589
-0.209	-0.208	4	593
-0.208	-0.207	5	598
-0.207	-0.206	4	602
-0.206	-0.205	6	608
-0.205	-0.204	8	616
-0.204	-0.203	6	622
-0.203	-0.202	5	627
-0.202	-0.201	3	630
-0.201	-0.200	12	642
-0.200	-0.199	5	647
-0.199	-0.198	5	652
-0.198	-0.197	5	657
-0.197	-0.196	5	662
-0.196	-0.195	5	667
-0.195	-0.194	11	678
-0.194	-0.193	7	685
-0.193	-0.192	9	694
-0.192	-0.191	3	697
-0.191	-0.190	7	704
-0.190	-0.189	6	710
-0.189	-0.188	6	716
-0.188	-0.187	8	724
-0.187	-0.186	9	733
-0.186	-0.185	5	738
-0.185	-0.184	2	740
-0.184	-0.183	10	750
-0.183	-0.182	5	755
-0.182	-0.181	10	765
-0.181	-0.180	5	770
-0.180	-0.179	6	776
-0.179	-0.178	3	779
-0.178	-0.177	5	784
-0.177	-0.176	4	788
-0.176	-0.175	3	791
-0.175	-0.174	5	796
-0.174	-0.173	6	802
-0.173	-0.172	3	805
-0.172	-0.171	6	811
-0.171	-0.170	9	820
-0.170	-0.169	8	828
-0.169	-0.168	3	831
-0.168	-0.167	7	838
-0.167	-0.166	8	846
-0.166	-0.165	11	857
-0.165	-0.164	8	865
-0.164	-0.163	9	874
-0.163	-0.162	10	884
-0.162	-0.161	5	889
-0.161	-0.160	10	899
-0.160	-0.159	8	907
-0.159	-0.158	5	912
-0.158	-0.157	4	916
-0.157	-0.156	6	922
-0.156	-0.155	7	929
-0.155	-0.154	9	938
-0.154	-0.153	1	939
-0.153	-0.152	10	949
-0.152	-0.151	7	956
-0.151	-0.150	10	966
-0.150	-0.149	8	974
-0.149	-0.148	8	982
-0.148	-0.147	7	989
-0.147	-0.146	6	995
-0.146	-0.145	13	1008
-0.145	-0.144	7	1015
-0.144	-0.143	13	1028
-0.143	-0.142	6	1034
-0.142	-0.141	13	1047
-0.141	-0.140	5	1052
-0.140	-0.139	7	1059
-0.139	-0.138	5	1064
-0.138	-0.137	6	1070
-0.137	-0.136	18	1088
-0.136	-0.135	11	1099
-0.135	-0.134	12	1111
-0.134	-0.133	6	1117
-0.133	-0.132	4	1121
-0.132	-0.131	7	1128
-0.131	-0.130	10	1138
-0.130	-0.129	14	1152
-0.129	-0.128	8	1160
-0.128	-0.127	10	1170
-0.127	-0.126	15	1185
-0.126	-0.125	6	1191
-0.125	-0.124	7	1198
-0.124	-0.123	11	1209
-0.123	-0.122	8	1217
-0.122	-0.121	8	1225
-0.121	-0.120	8	1233
-0.120	-0.119	10	1243
-0.119	-0.118	10	1253
-0.118	-0.117	7	1260
-0.117	-0.116	10	1270
-0.116	-0.115	9	1279
-0.115	-0.114	6	1285
-0.114	-0.113	11	1296
-0.113	-0.112	6	1302
-0.112	-0.111	7	1309
-0.111	-0.110	8	1317
-0.110	-0.109	8	1325
-0.109	-0.108	13	1338
-0.108	-0.107	11	1349
-0.107	-0.106	10	1359
-0.106	-0.105	8	1367
-0.105	-0.104	5	1372
-0.104	-0.103	10	1382
-0.103	-0.102	9	1391
-0.102	-0.101	15	1406
-0.101	-0.100	7	1413
-0.100	-0.099	10	1423
-0.099	-0.098	9	1432
-0.098	-0.097	16	1448
-0.097	-0.096	12	1460
-0.096	-0.095	5	1465
-0.095	-0.094	12	1477
-0.094	-0.093	8	1485
-0.093	-0.092	10	1495
-0.092	-0.091	6	1501
-0.091	-0.090	5	1506
-0.090	-0.089	3	1509
-0.089	-0.088	15	1524
-0.088	-0.087	4	1528
-0.087	-0.086	13	1541
-0.086	-0.085	5	1546
-0.085	-0.084	7	1553
-0.084	-0.083	9	1562
-0.083	-0.082	6	1568
-0.082	-0.081	7	1575
-0.081	-0.080	9	1584
-0.080	-0.079	9	1593
-0.079	-0.078	10	1603
-0.078	-0.077	7	1610
-0.077	-0.076	11	1621
-0.076	-0.075	11	1632
-0.075	-0.074	13	1645
-0.074	-0.073	12	1657
-0.073	-0.072	5	1662
-0.072	-0.071	11	1673
-0.071	-0.070	15	1688
-0.070	-0.069	10	1698
-0.069	-0.068	15	1713
-0.068	-0.067	12	1725
-0.067	-0.066	12	1737
-0.066	-0.065	10	1747
-0.065	-0.064	11	1758
-0.064	-0.063	14	1772
-0.063	-0.062	7	1779
-0.062	-0.061	6	1785
-0.061	-0.060	13	1798
-0.060	-0.059	14	1812
-0.059	-0.058	8	1820
-0.058	-0.057	11	1831
-0.057	-0.056	8	1839
-0.056	-0.055	13	1852
-0.055	-0.054	11	1863
-0.054	-0.053	10	1873
-0.053	-0.052	12	1885
-0.052	-0.051	12	1897
-0.051	-0.050	9	1906
-0.050	-0.049	7	1913
-0.049	-0.048	7	1920
-0.048	-0.047	12	1932
-0.047	-0.046	18	1950
-0.046	-0.045	12	1962
-0.045	-0.044	11	1973
-0.044	-0.043	8	1981
-0.043	-0.042	14	1995
-0.042	-0.041	12	2007
-0.041	-0.040	7	2014
-0.040	-0.039	4	2018
-0.039	-0.038	11	2029
-0.038	-0.037	10	2039
-0.037	-0.036	11	2050
-0.036	-0.035	15	2065
-0.035	-0.034	13	2078
-0.034	-0.033	4	2082
-0.033	-0.032	10	2092
-0.032	-0.031	12	2104
-0.031	-0.030	12	2116
-0.030	-0.029	9	2125
-0.029	-0.028	11	2136
-0.028	-0.027	9	2145
-0.027	-0.026	17	2162
-0.026	-0.025	14	2176
-0.025	-0.024	14	2190
-0.024	-0.023	8	2198
-0.023	-0.022	18	2216
-0.022	-0.021	11	2227
-0.021	-0.020	7	2234
-0.020	-0.019	9	2243
-0.019	-0.018	5	2248
-0.018	-0.017	6	2254
-0.017	-0.016	10	2264
-0.016	-0.015	8	2272
-0.015	-0.014	11	2283
-0.014	-0.013	11	2294
-0.013	-0.012	14	2308
-0.012	-0.011	12	2320
-0.011	-0.010	11	2331
-0.010	-0.009	11	2342
-0.009	-0.008	11	2353
-0.008	-0.007	10	2363
-0.007	-0.006	5	2368
-0.006	-0.005	6	2374
-0.005	-0.004	11	2385
-0.004	-0.003	12	2397
-0.003	-0.002	6	2403
-0.002	-0.001	6	2409
-0.001	-0.000	8	2417
0.000	0.001	32	2449
0.001	0.002	10	2459
0.002	0.003	9	2468
0.003	0.004	15	2483
0.004	0.005	15	2498
0.005	0.006	13	2511
0.006	0.007	14	2525
0.007	0.008	14	2539
0.008	0.009	11	2550
0.009	0.010	8	2558
0.010	0.011	8	2566
0.011	0.012	13	2579
0.012	0.013	12	2591
0.013	0.014	13	2604
0.014	0.015	13	2617
0.015	0.016	12	2629
0.016	0.017	11	2640
0.017	0.018	11	2651
0.018	0.019	11	2662
0.019	0.020	9	2671
0.020	0.021	8	2679
0.021	0.022	13	2692
0.022	0.023	9	2701
0.023	0.024	8	2709
0.024	0.025	11	2720
0.025	0.026	10	2730
0.026	0.027	20	2750
0.027	0.028	7	2757
0.028	0.029	17	2774
0.029	0.030	7	2781
0.030	0.031	5	2786
0.031	0.032	10	2796
0.032	0.033	13	2809
0.033	0.034	11	2820
0.034	0.035	7	2827
0.035	0.036	15	2842
0.036	0.037	18	2860
0.037	0.038	9	2869
0.038	0.039	15	2884
0.039	0.040	17	2901
0.040	0.041	7	2908
0.041	0.042	8	2916
0.042	0.043	8	2924
0.043	0.044	17	2941
0.044	0.045	14	2955
0.045	0.046	6	2961
0.046	0.047	7	2968
0.047	0.048	14	2982
0.048	0.049	14	2996
0.049	0.050	7	3003
0.050	0.051	13	3016
0.051	0.052	14	3030
0.052	0.053	12	3042
0.053	0.054	9	3051
0.054	0.055	14	3065
0.055	0.056	11	3076
0.056	0.057	14	3090
0.057	0.058	5	3095
0.058	0.059	14	3109
0.059	0.060	13	3122
0.060	0.061	12	3134
0.061	0.062	8	3142
0.062	0.063	14	3156
0.063	0.064	5	3161
0.064	0.065	9	3170
0.065	0.066	14	3184
0.066	0.067	6	3190
0.067	0.068	6	3196
0.068	0.069	10	3206
0.069	0.070	10	3216
0.070	0.071	10	3226
0.071	0.072	14	3240
0.072	0.073	9	3249
0.073	0.074	8	3257
0.074	0.075	17	3274
0.075	0.076	4	3278
0.076	0.077	11	3289
0.077	0.078	12	3301
0.078	0.079	8	3309
0.079	0.080	11	3320
0.080	0.081	9	3329
0.081	0.082	6	3335
0.082	0.083	10	3345
0.083	0.084	11	3356
0.084	0.085	13	3369
0.085	0.086	9	3378
0.086	0.087	12	3390
0.087	0.088	11	3401
0.088	0.089	9	3410
0.089	0.090	7	3417
0.090	0.091	7	3424
0.091	0.092	2	3426
0.092	0.093	7	3433
0.093	0.094	4	3437
0.094	0.095	10	3447
0.095	0.096	8	3455
0.096	0.097	10	3465
0.097	0.098	3	3468
0.098	0.099	9	3477
0.099	0.100	5	3482
0.100	0.101	7	3489
0.101	0.102	6	3495
0.102	0.103	9	3504
0.103	0.104	11	3515
0.104	0.105	6	3521
0.105	0.106	13	3534
0.106	0.107	10	3544
0.107	0.108	7	3551
0.108	0.109	17	3568
0.109	0.110	6	3574
0.110	0.111	9	3583
0.111	0.112	6	3589
0.112	0.113	13	3602
0.113	0.114	11	3613
0.114	0.115	10	3623
0.115	0.116	11	3634
0.116	0.117	7	3641
0.117	0.118	9	3650
0.118	0.119	7	3657
0.119	0.120	6	3663
0.120	0.121	5	3668
0.121	0.122	8	3676
0.122	0.123	6	3682
0.123	0.124	5	3687
0.124	0.125	9	3696
0.125	0.126	10	3706
0.126	0.127	7	3713
0.127	0.128	9	3722
0.128	0.129	2	3724
0.129	0.130	11	3735
0.130	0.131	11	3746
0.131	0.132	5	3751
0.132	0.133	6	3757
0.133	0.134	9	3766
0.134	0.135	9	3775
0.135	0.136	1	3776
0.136	0.137	14	3790
0.137	0.138	3	3793
0.138	0.139	7	3800
0.139	0.140	5	3805
0.140	0.141	8	3813
0.141	0.142	10	3823
0.142	0.143	12	3835
0.143	0.144	5	3840
0.144	0.145	9	3849
0.145	0.146	8	3857
0.146	0.147	8	3865
0.147	0.148	6	3871
0.148	0.149	3	3874
0.149	0.150	8	3882
0.150	0.151	9	3891
0.151	0.152	5	3896
0.152	0.153	4	3900
0.153	0.154	10	3910
0.154	0.155	6	3916
0.155	0.156	9	3925
0.156	0.157	7	3932
0.157	0.158	13	3945
0.158	0.159	6	3951
0.159	0.160	6	3957
0.160	0.161	5	3962
0.161	0.162	10	3972
0.162	0.163	6	3978
0.163	0.164	9	3987
0.164	0.165	6	3993
0.165	0.166	6	3999
0.166	0.167	13	4012
0.167	0.168	9	4021
0.168	0.169	7	4028
0.169	0.170	6	4034
0.170	0.171	5	4039
0.171	0.172	3	4042
0.172	0.173	9	4051
0.173	0.174	8	4059
0.174	0.175	6	4065
0.175	0.176	7	4072
0.176	0.177	4	4076
0.177	0.178	8	4084
0.178	0.179	4	4088
0.179	0.180	2	4090
0.180	0.181	9	4099
0.181	0.182	5	4104
0.182	0.183	4	4108
0.183	0.184	14	4122
0.184	0.185	8	4130
0.185	0.186	4	4134
0.186	0.187	5	4139
0.187	0.188	7	4146
0.188	0.189	3	4149
0.189	0.190	7	4156
0.190	0.191	9	4165
0.191	0.192	5	4170
0.192	0.193	8	4178
0.193	0.194	6	4184
0.194	0.195	2	4186
0.195	0.196	3	4189
0.196	0.197	7	4196
0.197	0.198	7	4203
0.198	0.199	4	4207
0.199	0.200	9	4216
0.200	0.201	4	4220
0.201	0.202	3	4223
0.202	0.203	2	4225
0.203	0.204	5	4230
0.204	0.205	2	4232
0.205	0.206	4	4236
0.206	0.207	6	4242
0.207	0.208	3	4245
0.208	0.209	6	4251
0.209	0.210	3	4254
0.210	0.211	4	4258
0.211	0.212	2	4260
0.212	0.213	0	4260
0.213	0.214	9	4269
0.214	0.215	1	4270
0.215	0.216	3	4273
0.216	0.217	3	4276
0.217	0.218	6	4282
0.218	0.219	3	4285
0.219	0.220	7	4292
0.220	0.221	8	4300
0.221	0.222	4	4304
0.222	0.223	4	4308
0.223	0.224	2	4310
0.224	0.225	7	4317
0.225	0.226	8	4325
0.226	0.227	3	4328
0.227	0.228	5	4333
0.228	0.229	6	4339
0.229	0.230	4	4343
0.230	0.231	5	4348
0.231	0.232	1	4349
0.232	0.233	3	4352
0.233	0.234	3	4355
0.234	0.235	2	4357
0.235	0.236	2	4359
0.236	0.237	2	4361
0.237	0.238	4	4365
0.238	0.239	5	4370
0.239	0.240	4	4374
0.240	0.241	2	4376
0.241	0.242	2	4378
0.242	0.243	3	4381
0.243	0.244	3	4384
0.244	0.245	7	4391
0.245	0.246	2	4393
0.246	0.247	3	4396
0.247	0.248	7	4403
0.248	0.249	1	4404
0.249	0.250	2	4406
0.250	0.251	4	4410
0.251	0.252	3	4413
0.252	0.253	4	4417
0.253	0.254	3	4420
0.254	0.255	3	4423
0.255	0.256	1	4424
0.256	0.257	4	4428
0.257	0.258	5	4433
0.258	0.259	1	4434
0.259	0.260	7	4441
0.260	0.261	1	4442
0.261	0.262	6	4448
0.262	0.263	4	4452
0.263	0.264	3	4455
0.264	0.265	7	4462
0.265	0.266	1	4463
0.266	0.267	1	4464
0.267	0.268	1	4465
0.268	0.269	3	4468
0.269	0.270	4	4472
0.270	0.271	1	4473
0.271	0.272	3	4476
0.272	0.273	4	4480
0.273	0.274	3	4483
0.274	0.275	1	4484
0.275	0.276	4	4488
0.276	0.277	1	4489
0.277	0.278	5	4494
0.278	0.279	4	4498
0.279	0.280	2	4500
0.280	0.281	3	4503
0.281	0.282	4	4507
0.282	0.283	2	4509
0.283	0.284	3	4512
0.284	0.285	4	4516
0.285	0.286	3	4519
0.286	0.287	6	4525
0.287	0.288	3	4528
0.288	0.289	3	4531
0.289	0.290	9	4540
0.290	0.291	1	4541
0.291	0.292	1	4542
0.292	0.293	3	4545
0.293	0.294	2	4547
0.294	0.295	0	4547
0.295	0.296	3	4550
0.296	0.297	3	4553
0.297	0.298	4	4557
0.298	0.299	4	4561
0.299	0.300	6	4567
0.300	0.301	1	4568
0.301	0.302	1	4569
0.302	0.303	1	4570
0.303	0.304	2	4572
0.304	0.305	4	4576
0.305	0.306	0	4576
0.306	0.307	4	4580
0.307	0.308	2	4582
0.308	0.309	0	4582
0.309	0.310	1	4583
0.310	0.311	5	4588
0.311	0.312	0	4588
0.312	0.313	1	4589
0.313	0.314	0	4589
0.314	0.315	2	4591
0.315	0.316	3	4594
0.316	0.317	4	4598
0.317	0.318	3	4601
0.318	0.319	1	4602
0.319	0.320	2	4604
0.320	0.321	3	4607
0.321	0.322	2	4609
0.322	0.323	2	4611
0.323	0.324	1	4612
0.324	0.325	2	4614
0.325	0.326	2	4616
0.326	0.327	1	4617
0.327	0.328	2	4619
0.328	0.329	6	4625
0.329	0.330	2	4627
0.330	0.331	4	4631
0.331	0.332	3	4634
0.332	0.333	1	4635
0.333	0.334	2	4637
0.334	0.335	2	4639
0.335	0.336	0	4639
0.336	0.337	2	4641
0.337	0.338	2	4643
0.338	0.339	6	4649
0.339	0.340	2	4651
0.340	0.341	3	4654
0.341	0.342	1	4655
0.342	0.343	0	4655
0.343	0.344	3	4658
0.344	0.345	3	4661
0.345	0.346	0	4661
0.346	0.347	1	4662
0.347	0.348	0	4662
0.348	0.349	1	4663
0.349	0.350	1	4664
0.350	0.351	2	4666
0.351	0.352	3	4669
0.352	0.353	1	4670
0.353	0.354	3	4673
0.354	0.355	0	4673
0.355	0.356	0	4673
0.356	0.357	3	4676
0.357	0.358	4	4680
0.358	0.359	3	4683
0.359	0.360	2	4685
0.360	0.361	0	4685
0.361	0.362	2	4687
0.362	0.363	1	4688
0.363	0.364	0	4688
0.364	0.365	4	4692
0.365	0.366	1	4693
0.366	0.367	1	4694
0.367	0.368	2	4696
0.368	0.369	1	4697
0.369	0.370	2	4699
0.370	0.371	2	4701
0.371	0.372	0	4701
0.372	0.373	0	4701
0.373	0.374	4	4705
0.374	0.375	2	4707
0.375	0.376	2	4709
0.376	0.377	4	4713
0.377	0.378	1	4714
0.378	0.379	0	4714
0.379	0.380	0	4714
0.380	0.381	3	4717
0.381	0.382	2	4719
0.382	0.383	0	4719
0.383	0.384	0	4719
0.384	0.385	2	4721
0.385	0.386	0	4721
0.386	0.387	0	4721
0.387	0.388	8	4729
0.388	0.389	1	4730
0.389	0.390	0	4730
0.390	0.391	1	4731
0.391	0.392	0	4731
0.392	0.393	0	4731
0.393	0.394	1	4732
0.394	0.395	2	4734
0.395	0.396	1	4735
0.396	0.397	2	4737
0.397	0.398	2	4739
0.398	0.399	1	4740
0.399	0.400	1	4741
0.400	0.401	1	4742
0.401	0.402	0	4742
0.402	0.403	0	4742
0.403	0.404	0	4742
0.404	0.405	2	4744
0.405	0.406	0	4744
0.406	0.407	0	4744
0.407	0.408	4	4748
0.408	0.409	2	4750
0.409	0.410	2	4752
0.410	0.411	3	4755
0.411	0.412	2	4757
0.412	0.413	1	4758
0.413	0.414	1	4759
0.414	0.415	0	4759
0.415	0.416	4	4763
0.416	0.417	3	4766
0.417	0.418	0	4766
0.418	0.419	1	4767
0.419	0.420	3	4770
0.420	0.421	1	4771
0.421	0.422	1	4772
0.422	0.423	1	4773
0.423	0.424	2	4775
0.424	0.425	0	4775
0.425	0.426	6	4781
0.426	0.427	2	4783
0.427	0.428	1	4784
0.428	0.429	1	4785
0.429	0.430	3	4788
0.430	0.431	1	4789
0.431	0.432	1	4790
0.432	0.433	1	4791
0.433	0.434	0	4791
0.434	0.435	0	4791
0.435	0.436	2	4793
0.436	0.437	1	4794
0.437	0.438	1	4795
0.438	0.439	2	4797
0.439	0.440	3	4800
0.440	0.441	0	4800
0.441	0.442	1	4801
0.442	0.443	0	4801
0.443	0.444	2	4803
0.444	0.445	2	4805
0.445	0.446	1	4806
0.446	0.447	0	4806
0.447	0.448	2	4808
0.448	0.449	2	4810
0.449	0.450	0	4810
0.450	0.451	2	4812
0.451	0.452	0	4812
0.452	0.453	2	4814
0.453	0.454	0	4814
0.454	0.455	0	4814
0.455	0.456	2	4816
0.456	0.457	1	4817
0.457	0.458	1	4818
0.458	0.459	2	4820
0.459	0.460	0	4820
0.460	0.461	0	4820
0.461	0.462	2	4822
0.462	0.463	2	4824
0.463	0.464	0	4824
0.464	0.465	1	4825
0.465	0.466	1	4826
0.466	0.467	1	4827
0.467	0.468	0	4827
0.468	0.469	4	4831
0.469	0.470	0	4831
0.470	0.471	0	4831
0.471	0.472	1	4832
0.472	0.473	2	4834
0.473	0.474	1	4835
0.474	0.475	1	4836
0.475	0.476	0	4836
0.476	0.477	1	4837
0.477	0.478	0	4837
0.478	0.479	1	4838
0.479	0.480	0	4838
0.480	0.481	1	4839
0.481	0.482	1	4840
0.482	0.483	1	4841
0.483	0.484	0	4841
0.484	0.485	0	4841
0.485	0.486	3	4844
0.486	0.487	1	4845
0.487	0.488	2	4847
0.488	0.489	0	4847
0.489	0.490	0	4847
0.490	0.491	0	4847
0.491	0.492	1	4848
0.492	0.493	0	4848
0.493	0.494	2	4850
0.494	0.495	0	4850
0.495	0.496	0	4850
0.496	0.497	0	4850
0.497	0.498	1	4851
0.498	0.499	0	4851
0.499	0.500	0	4851
0.500	0.501	0	4851
0.501	0.502	0	4851
0.502	0.503	1	4852
0.503	0.504	1	4853
0.504	0.505	0	4853
0.505	0.506	2	4855
0.506	0.507	0	4855
0.507	0.508	0	4855
0.508	0.509	0	4855
0.509	0.510	1	4856
0.510	0.511	0	4856
0.511	0.512	0	4856
0.512	0.513	0	4856
0.513	0.514	1	4857
0.514	0.515	1	4858
0.515	0.516	0	4858
0.516	0.517	0	4858
0.517	0.518	1	4859
0.518	0.519	1	4860
0.519	0.520	1	4861
0.520	0.521	1	4862
0.521	0.522	4	4866
0.522	0.523	0	4866
0.523	0.524	1	4867
0.524	0.525	0	4867
0.525	0.526	1	4868
0.526	0.527	1	4869
0.527	0.528	1	4870
0.528	0.529	0	4870
0.529	0.530	0	4870
0.530	0.531	1	4871
0.531	0.532	0	4871
0.532	0.533	2	4873
0.533	0.534	1	4874
0.534	0.535	1	4875
0.535	0.536	1	4876
0.536	0.537	0	4876
0.537	0.538	2	4878
0.538	0.539	2	4880
0.539	0.540	0	4880
0.540	0.541	0	4880
0.541	0.542	0	4880
0.542	0.543	1	4881
0.543	0.544	0	4881
0.544	0.545	0	4881
0.545	0.546	1	4882
0.546	0.547	0	4882
0.547	0.548	0	4882
0.548	0.549	1	4883
0.549	0.550	0	4883
0.550	0.551	2	4885
0.551	0.552	0	4885
0.552	0.553	0	4885
0.553	0.554	1	4886
0.554	0.555	0	4886
0.555	0.556	0	4886
0.556	0.557	0	4886
0.557	0.558	1	4887
0.558	0.559	2	4889
0.559	0.560	0	4889
0.560	0.561	1	4890
0.561	0.562	2	4892
0.562	0.563	0	4892
0.563	0.564	0	4892
0.564	0.565	0	4892
0.565	0.566	0	4892
0.566	0.567	0	4892
0.567	0.568	0	4892
0.568	0.569	0	4892
0.569	0.570	0	4892
0.570	0.571	1	4893
0.571	0.572	1	4894
0.572	0.573	0	4894
0.573	0.574	0	4894
0.574	0.575	0	4894
0.575	0.576	0	4894
0.576	0.577	0	4894
0.577	0.578	0	4894
0.578	0.579	0	4894
0.579	0.580	0	4894
0.580	0.581	0	4894
0.581	0.582	2	4896
0.582	0.583	0	4896
0.583	0.584	0	4896
0.584	0.585	0	4896
0.585	0.586	1	4897
0.586	0.587	0	4897
0.587	0.588	0	4897
0.588	0.589	1	4898
0.589	0.590	1	4899
0.590	0.591	1	4900
0.591	0.592	1	4901
0.592	0.593	0	4901
0.593	0.594	0	4901
0.594	0.595	0	4901
0.595	0.596	0	4901
0.596	0.597	1	4902
0.597	0.598	1	4903
0.598	0.599	0	4903
0.599	0.600	2	4905
0.600	0.601	0	4905
0.601	0.602	0	4905
0.602	0.603	1	4906
0.603	0.604	0	4906
0.604	0.605	1	4907
0.605	0.606	0	4907
0.606	0.607	0	4907
0.607	0.608	0	4907
0.608	0.609	1	4908
0.609	0.610	0	4908
0.610	0.611	0	4908
0.611	0.612	0	4908
0.612	0.613	1	4909
0.613	0.614	1	4910
0.614	0.615	0	4910
0.615	0.616	0	4910
0.616	0.617	0	4910
0.617	0.618	1	4911
0.618	0.619	1	4912
0.619	0.620	1	4913
0.620	0.621	0	4913
0.621	0.622	0	4913
0.622	0.623	3	4916
0.623	0.624	0	4916
0.624	0.625	0	4916
0.625	0.626	0	4916
0.626	0.627	0	4916
0.627	0.628	0	4916
0.628	0.629	0	4916
0.629	0.630	0	4916
0.630	0.631	0	4916
0.631	0.632	1	4917
0.632	0.633	0	4917
0.633	0.634	1	4918
0.634	0.635	0	4918
0.635	0.636	0	4918
0.636	0.637	0	4918
0.637	0.638	1	4919
0.638	0.639	0	4919
0.639	0.640	0	4919
0.640	0.641	0	4919
0.641	0.642	0	4919
0.642	0.643	1	4920
0.643	0.644	0	4920
0.644	0.645	1	4921
0.645	0.646	1	4922
0.646	0.647	0	4922
0.647	0.648	1	4923
0.648	0.649	0	4923
0.649	0.650	0	4923
0.650	0.651	1	4924
0.651	0.652	0	4924
0.652	0.653	0	4924
0.653	0.654	0	4924
0.654	0.655	0	4924
0.655	0.656	0	4924
0.656	0.657	0	4924
0.657	0.658	1	4925
0.658	0.659	0	4925
0.659	0.660	0	4925
0.660	0.661	0	4925
0.661	0.662	1	4926
0.662	0.663	0	4926
0.663	0.664	0	4926
0.664	0.665	0	4926
0.665	0.666	0	4926
0.666	0.667	0	4926
0.667	0.668	2	4928
0.668	0.669	0	4928
0.669	0.670	0	4928
0.670	0.671	0	4928
0.671	0.672	0	4928
0.672	0.673	1	4929
0.673	0.674	0	4929
0.674	0.675	1	4930
0.675	0.676	0	4930
0.676	0.677	0	4930
0.677	0.678	0	4930
0.678	0.679	0	4930
0.679	0.680	0	4930
0.680	0.681	0	4930
0.681	0.682	1	4931
0.682	0.683	0	4931
0.683	0.684	1	4932
0.684	0.685	0	4932
0.685	0.686	1	4933
0.686	0.687	0	4933
0.687	0.688	0	4933
0.688	0.689	1	4934
0.689	0.690	0	4934
0.690	0.691	0	4934
0.691	0.692	0	4934
0.692	0.693	0	4934
0.693	0.694	0	4934
0.694	0.695	1	4935
0.695	0.696	0	4935
0.696	0.697	0	4935
0.697	0.698	0	4935
0.698	0.699	1	4936
0.699	0.700	1	4937
0.700	0.701	1	4938
0.701	0.702	0	4938
0.702	0.703	0	4938
0.703	0.704	0	4938
0.704	0.705	0	4938
0.705	0.706	0	4938
0.706	0.707	1	4939
0.707	0.708	0	4939
0.708	0.709	0	4939
0.709	0.710	0	4939
0.710	0.711	0	4939
0.711	0.712	0	4939
0.712	0.713	0	4939
0.713	0.714	0	4939
0.714	0.715	0	4939
0.715	0.716	1	4940
0.716	0.717	0	4940
0.717	0.718	0	4940
0.718	0.719	0	4940
0.719	0.720	0	4940
0.720	0.721	0	4940
0.721	0.722	1	4941
0.722	0.723	0	4941
0.723	0.724	0	4941
0.724	0.725	0	4941
0.725	0.726	0	4941
0.726	0.727	0	4941
0.727	0.728	0	4941
0.728	0.729	1	4942
0.729	0.730	0	4942
0.730	0.731	0	4942
0.731	0.732	0	4942
0.732	0.733	0	4942
0.733	0.734	0	4942
0.734	0.735	0	4942
0.735	0.736	0	4942
0.736	0.737	0	4942
0.737	0.738	0	4942
0.738	0.739	0	4942
0.739	0.740	0	4942
0.740	0.741	0	4942
0.741	0.742	0	4942
0.742	0.743	0	4942
0.743	0.744	0	4942
0.744	0.745	0	4942
0.745	0.746	0	4942
0.746	0.747	0	4942
0.747	0.748	0	4942
0.748	0.749	0	4942
0.749	0.750	0	4942
0.750	0.751	0	4942
0.751	0.752	0	4942
0.752	0.753	0	4942
0.753	0.754	1	4943
0.754	0.755	0	4943
0.755	0.756	1	4944
0.756	0.757	0	4944
0.757	0.758	0	4944
0.758	0.759	0	4944
0.759	0.760	0	4944
0.760	0.761	0	4944
0.761	0.762	0	4944
0.762	0.763	0	4944
0.763	0.764	0	4944
0.764	0.765	0	4944
0.765	0.766	0	4944
0.766	0.767	0	4944
0.767	0.768	1	4945
0.768	0.769	0	4945
0.769	0.770	0	4945
0.770	0.771	0	4945
0.771	0.772	0	4945
0.772	0.773	0	4945
0.773	0.774	0	4945
0.774	0.775	0	4945
0.775	0.776	0	4945
0.776	0.777	0	4945
0.777	0.778	0	4945
0.778	0.779	0	4945
0.779	0.780	1	4946
0.780	0.781	1	4947
0.781	0.782	1	4948
0.782	0.783	0	4948
0.783	0.784	0	4948
0.784	0.785	0	4948
0.785	0.786	0	4948
0.786	0.787	0	4948
0.787	0.788	0	4948
0.788	0.789	0	4948
0.789	0.790	0	4948
0.790	0.791	0	4948
0.791	0.792	0	4948
0.792	0.793	0	4948
0.793	0.794	0	4948
0.794	0.795	0	4948
0.795	0.796	1	4949
0.796	0.797	1	4950
0.797	0.798	0	4950
0.798	0.799	0	4950
0.799	0.800	0	4950
0.800	0.801	0	4950
0.801	0.802	0	4950
0.802	0.803	0	4950
0.803	0.804	0	4950
0.804	0.805	0	4950
0.805	0.806	0	4950
0.806	0.807	0	4950
0.807	0.808	0	4950
0.808	0.809	0	4950
0.809	0.810	0	4950
0.810	0.811	0	4950
0.811	0.812	0	4950
0.812	0.813	0	4950
0.813	0.814	0	4950
0.814	0.815	0	4950
0.815	0.816	0	4950
0.816	0.817	0	4950
0.817	0.818	0	4950
0.818	0.819	0	4950
0.819	0.820	0	4950
0.820	0.821	0	4950
0.821	0.822	0	4950
0.822	0.823	0	4950
0.823	0.824	0	4950
0.824	0.825	0	4950
0.825	0.826	0	4950
0.826	0.827	0	4950
0.827	0.828	0	4950
0.828	0.829	0	4950
0.829	0.830	0	4950
0.830	0.831	0	4950
0.831	0.832	0	4950
0.832	0.833	0	4950
0.833	0.834	0	4950
0.834	0.835	0	4950
0.835	0.836	0	4950
0.836	0.837	0	4950
0.837	0.838	0	4950
0.838	0.839	0	4950
0.839	0.840	0	4950
0.840	0.841	0	4950
0.841	0.842	0	4950
0.842	0.843	0	4950
0.843	0.844	0	4950
0.844	0.845	0	4950
0.845	0.846	0	4950
0.846	0.847	0	4950
0.847	0.848	0	4950
0.848	0.849	0	4950
0.849	0.850	0	4950
0.850	0.851	0	4950
0.851	0.852	0	4950
0.852	0.853	0	4950
0.853	0.854	0	4950
0.854	0.855	0	4950
0.855	0.856	0	4950
0.856	0.857	0	4950
0.857	0.858	0	4950
0.858	0.859	0	4950
0.859	0.860	0	4950
0.860	0.861	0	4950
0.861	0.862	0	4950
0.862	0.863	0	4950
0.863	0.864	0	4950
0.864	0.865	0	4950
0.865	0.866	0	4950
0.866	0.867	0	4950
0.867	0.868	0	4950
0.868	0.869	0	4950
0.869	0.870	0	4950
0.870	0.871	0	4950
0.871	0.872	0	4950
0.872	0.873	0	4950
0.873	0.874	0	4950
0.874	0.875	0	4950
0.875	0.876	0	4950
0.876	0.877	0	4950
0.877	0.878	0	4950
0.878	0.879	0	4950
0.879	0.880	0	4950
0.880	0.881	0	4950
0.881	0.882	0	4950
0.882	0.883	0	4950
0.883	0.884	0	4950
0.884	0.885	0	4950
0.885	0.886	0	4950
0.886	0.887	0	4950
0.887	0.888	0	4950
0.888	0.889	0	4950
0.889	0.890	0	4950
0.890	0.891	0	4950
0.891	0.892	0	4950
0.892	0.893	0	4950
0.893	0.894	0	4950
0.894	0.895	0	4950
0.895	0.896	0	4950
0.896	0.897	0	4950
0.897	0.898	0	4950
0.898	0.899	0	4950
0.899	0.900	0	4950
0.900	0.901	0	4950
0.901	0.902	0	4950
0.902	0.903	0	4950
0.903	0.904	0	4950
0.904	0.905	0	4950
0.905	0.906	0	4950
0.906	0.907	0	4950
0.907	0.908	0	4950
0.908	0.909	0	4950
0.909	0.910	0	4950
0.910	0.911	0	4950
0.911	0.912	0	4950
0.912	0.913	0	4950
0.913	0.914	0	4950
0.914	0.915	0	4950
0.915	0.916	0	4950
0.916	0.917	0	4950
0.917	0.918	0	4950
0.918	0.919	0	4950
0.919	0.920	0	4950
0.920	0.921	0	4950
0.921	0.922	0	4950
0.922	0.923	0	4950
0.923	0.924	0	4950
0.924	0.925	0	4950
0.925	0.926	0	4950
0.926	0.927	0	4950
0.927	0.928	0	4950
0.928	0.929	0	4950
0.929	0.930	0	4950
0.930	0.931	0	4950
0.931	0.932	0	4950
0.932	0.933	0	4950
0.933	0.934	0	4950
0.934	0.935	0	4950
0.935	0.936	0	4950
0.936	0.937	0	4950
0.937	0.938	0	4950
0.938	0.939	0	4950
0.939	0.940	0	4950
0.940	0.941	0	4950
0.941	0.942	0	4950
0.942	0.943	0	4950
0.943	0.944	0	4950
0.944	0.945	0	4950
0.945	0.946	0	4950
0.946	0.947	0	4950
0.947	0.948	0	4950
0.948	0.949	0	4950
0.949	0.950	0	4950
0.950	0.951	0	4950
0.951	0.952	0	4950
0.952	0.953	0	4950
0.953	0.954	0	4950
0.954	0.955	0	4950
0.955	0.956	0	4950
0.956	0.957	0	4950
0.957	0.958	0	4950
0.958	0.959	0	4950
0.959	0.960	0	4950
0.960	0.961	0	4950
0.961	0.962	0	4950
0.962	0.963	0	4950
0.963	0.964	0	4950
0.964	0.965	0	4950
0.965	0.966	0	4950
0.966	0.967	0	4950
0.967	0.968	0	4950
0.968	0.969	0	4950
0.969	0.970	0	4950
0.970	0.971	0	4950
0.971	0.972	0	4950
0.972	0.973	0	4950
0.973	0.974	0	4950
0.974	0.975	0	4950
0.975	0.976	0	4950
0.976	0.977	0	4950
0.977	0.978	0	4950
0.978	0.979	0	4950
0.979	0.980	0	4950
0.980	0.981	0	4950
0.981	0.982	0	4950
0.982	0.983	0	4950
0.983	0.984	0	4950
0.984	0.985	0	4950
0.985	0.986	0	4950
0.986	0.987	0	4950
0.987	0.988	0	4950
0.988	0.989	0	4950
0.989	0.990	0	4950
0.990	0.991	0	4950
0.991	0.992	0	4950
0.992	0.993	0	4950
0.993	0.994	0	4950
0.994	0.995	0	4950
0.995	0.996	0	4950
0.996	0.997	0	4950
0.997	0.998	0	4950
0.998	0.999	0	4950
0.999	1.000	0	4950
1.000	1.001	0	4950
mean value = 0.010173
variance = 0.042042
standard deviation = 0.205042
skewness = 0.002735
kurtosis = 0.006918
lower quartile = -0.119550
median_value = 0.003467
upper quartile = 0.126929
interquartile range = 0.246479
