5.531742858	5.238111989	5.704730246	5.33714125	5.508387868	5.29910628	5.33398959	5.688046034	5.741851083	5.805404177	5.559785796	5.435298749	5.560189884	5.755732183	5.523925942	5.909850403	5.238070281	5.531876268	5.788094136	5.293278832	5.424392977	5.824448494	5.748537906	6.164748772	5.489934283	5.853799861	5.737535917	5.729477526	5.449308225	5.558898225	5.449355566	5.983570145	5.345008464	5.186865489	5.998898602	5.75930707	5.842061739	5.776755344	5.718042219	5.568092886	6.187971555	5.298842019	5.373141909	5.300036728	5.490513326	5.898712154	5.428577337	6.058906701	5.660104414	5.59965445
4.89350919	5.084392329	5.352955004	5.062162014	5.372403752	5.776410051	5.002675576	5.165795238	4.715928393	5.584571012	5.048457678	5.310992263	5.492699165	4.996632478	5.061949369	4.82190224	5.112989556	5.124219618	5.080863273	4.690133339	5.040043979	4.955792201	4.649852417	4.884511266	4.881181316	4.850839744	5.308902016	5.491790192	4.693220265	5.05280598	4.856240883	4.977596676	5.052022161	5.4068927	4.737921937	5.120728981	5.001705577	4.496589915	4.644059578	4.80247122	5.15487817	5.073783738	5.006714097	4.37209382	4.761268433	5.08535687	4.917713151	5.02084615	5.2723894	4.577962307
3.277384044	3.547444621	3.242008321	3.489609203	3.141877536	3.679888808	3.467646419	3.318957566	3.261092664	3.140202275	3.461233854	3.737570759	3.664269287	3.577689037	2.946798376	3.470828657	3.546607561	3.275743777	3.350443381	3.292708798	3.356175228	3.616504777	3.534193581	3.296980354	3.039957295	3.61045729	3.475368734	3.270695126	3.752362419	3.389800724	3.23414418	3.391774778	3.191007866	3.626000965	3.23152821	3.446289673	2.917242122	3.771748385	3.272162937	3.108782136	3.496370933	3.657224929	3.235364092	3.808615077	3.595154949	3.247416297	3.329581899	3.628069478	3.531036945	3.132939584
4.372265669	4.857342718	4.204938504	4.360889875	3.552346521	4.070815374	4.221903369	3.657700783	4.339848342	4.245505426	4.217598106	4.779335108	4.081754099	3.874110925	3.466417538	3.860226388	3.915962229	4.171967248	4.112531317	4.257620811	3.969494088	4.053278032	4.088858465	4.118122372	4.149825644	4.006186421	4.382954044	3.947635567	4.313282899	3.960066092	4.015661094	3.807591631	3.93220405	3.772477319	3.717060048	3.73456593	3.789635493	3.626866203	4.067216551	3.733721276	3.789845542	3.977966801	4.068616166	4.064124097	3.701101106	3.594309561	4.083955938	4.211099641	3.948160795	3.904668086
7.929720232	8.880162823	8.578224846	8.410608982	7.773256691	7.001709291	7.76370489	8.552362204	6.734004624	8.4951149	8.515258818	7.602941588	6.904688015	8.366517629	6.395861575	7.742348561	8.158341706	6.987930149	8.982452392	8.167693408	8.091634508	7.698870286	7.9137507	8.077262777	8.520735434	7.67949119	8.358833274	9.110538127	7.596299584	8.071387559	7.034923573	6.33428209	6.96892081	6.717504997	7.212491017	8.127716055	7.43044575	7.177670662	6.203027594	7.067070197	6.960958158	7.863563799	8.170046171	7.736763183	6.396918755	7.406014673	6.453924316	6.53062959	7.990861764	6.621603224
2.804396745	3.180628204	3.294170636	2.856059808	2.897705244	3.231559562	2.970938289	2.710793188	2.936950462	2.796982448	2.926299824	2.894609814	3.122643969	2.729506045	3.172733541	3.213584092	2.684331709	2.744230148	2.918176844	2.924757681	2.85960936	3.079148099	3.36340161	2.760918	2.959164629	2.894785229	2.782404943	3.155002473	3.493746775	2.770020136	2.760738252	2.688129155	2.979265133	2.863817242	2.730727131	2.919851905	2.738567428	2.739079486	2.82746783	2.815291873	2.521632067	3.256207471	3.104818399	2.968364315	3.182872031	2.828273711	2.68188903	2.7242062	2.75947909	2.891537695
4.398191575	4.15215323	4.331189345	4.43977612	4.050236936	4.179784387	4.424894196	4.75991394	4.990509403	4.677787017	4.513679205	4.087147709	4.649325162	4.244612313	4.551711499	4.042215762	4.533841963	3.853651389	3.511923402	4.034958366	4.958580821	3.597110824	4.710333597	4.152904262	4.339598964	5.03872843	4.01034643	4.390505704	4.952157979	4.314298127	3.98160918	4.193981643	4.756342824	4.442702359	4.504950988	4.1824745	4.243144542	4.588258066	3.955974582	4.390329977	3.872676643	4.21581707	4.574354018	4.893143076	4.085094684	4.303505549	4.19234832	4.28356754	4.029944491	3.543098601
4.946412979	4.920132457	4.640719513	5.032917278	5.211623478	4.718027079	4.928360722	4.790008501	5.018940683	4.971534658	4.599721832	4.994797048	4.870433528	5.189468615	5.160058374	5.036633781	4.81115887	4.783321056	4.783370791	5.389821078	4.903254904	4.466756399	4.999440007	4.71919351	4.887933732	4.884406399	4.778193634	4.921380848	5.111895268	4.867725895	4.670042097	5.008227794	5.054082988	5.28338296	4.602982944	4.850522194	4.914449674	5.08736543	4.699149969	4.910925249	5.254885202	5.134981892	5.083676566	5.118306719	4.912099369	4.950012907	4.76105642	4.577053914	4.838976173	5.04795447
4.709162042	4.43539502	4.06730885	4.988466425	4.85518021	4.023313008	4.918252088	4.794842081	4.167135953	4.572726735	4.10086597	4.6344145	4.238760993	4.428384956	4.392981492	4.568949421	4.535679761	4.709809312	4.528805	4.600093306	4.462184516	4.656013155	4.855791387	4.70838686	4.189713491	4.94506762	4.766464544	4.725320654	4.665159579	4.65233119	4.013339071	4.505902959	4.147615484	4.228096725	4.458463377	3.931686988	4.731311045	4.410425074	4.243102782	4.584176421	4.271170812	4.868071034	4.845918945	3.948386437	4.618754687	4.468756386	4.783724998	4.466129392	4.6476846	4.72371749
4.518577308	4.42919134	4.28507096	4.53803492	4.725761262	4.099592912	4.294881498	4.117298349	4.871820676	4.451904257	4.462260233	4.507195349	3.799602925	4.019773994	4.31436366	4.203623506	3.836925656	4.481549607	4.377280916	4.382507789	4.780434116	3.864748286	5.292538767	4.343663535	4.639845896	4.413426713	4.31360942	4.371885958	4.625957464	4.353710866	3.998533479	3.623578459	4.60318211	4.358730109	4.192982393	4.305267205	4.213317321	4.124545299	4.263105683	4.391325378	4.555090198	4.924998915	4.735772617	4.743491737	4.755427654	4.137997471	4.305698042	4.648213241	4.753281065	4.084398944
5.889105873	6.1810984	5.88752543	5.857191276	5.858737979	5.997794814	5.776873313	5.485405683	5.741143465	6.273504094	5.71580916	5.363922015	5.854330439	5.45495344	6.152178136	5.78502984	5.86633319	6.001987571	6.15192441	5.339695386	5.894031924	6.249579184	5.837006917	5.835131959	5.97478857	5.03260565	6.26520611	6.175543989	5.899458176	5.566129493	5.837006917	5.868753509	6.314834347	6.002123164	5.784896973	5.867251635	5.448752417	5.152286785	5.207661101	6.37355613	5.616461965	5.844479656	5.987147914	6.168114445	5.639844863	5.822966394	5.85146329	5.23310658	5.454974734	5.398347201
6.530687115	6.661202514	6.648953414	6.884751971	6.76754742	6.374739146	6.423935343	6.951768999	6.481050045	6.825770604	6.269480988	6.443547025	6.403206642	6.693396208	6.661682071	6.504993465	6.502476007	6.442703481	6.787460244	6.939454461	6.645305973	6.750730226	6.53609423	7.003302593	6.549112245	6.676807774	6.742007691	6.806992402	6.593853621	6.738946397	6.386249314	6.629062962	6.437730744	6.474335857	6.45603627	6.238537215	6.174058924	6.412961351	6.544784291	6.264945069	6.386517233	6.835740692	6.621455986	6.221439486	6.479496691	6.819559188	6.512986884	6.490850873	6.470948671	6.276508859
2.788676475	3.33272943	2.911821774	3.379087511	3.130462966	3.477477999	4.197533573	3.75827253	3.210732131	3.371885408	3.118006101	2.988987275	3.995387051	3.134966442	3.165504392	2.938103086	2.99801838	3.477861321	3.338773999	3.099705573	3.196283807	3.708174001	2.956904607	2.766111272	3.074650218	3.556740304	3.525408871	2.610752566	3.663324109	3.093218753	3.181765136	3.316427749	2.937791214	3.071578231	2.921537283	3.15777857	3.473256629	3.00412512	2.607286211	3.205834919	3.18088972	3.156467602	3.178369685	3.156953585	2.906944755	3.314226302	3.241193015	2.860024187	2.962218308	3.225810945
3.435895261	3.741463365	3.738004818	3.649286009	3.611269724	2.985144984	3.180926575	3.196608977	3.461480144	3.683484899	3.400833612	3.149704726	3.848586093	3.653042037	3.088977198	3.407015332	3.687224264	3.433276771	4.171321859	3.445712471	3.569979615	3.434467067	3.92177287	3.645042288	3.583890466	3.716719361	3.186409231	3.513394881	3.428976947	3.619226008	3.81944561	3.509868575	3.09823167	3.822156988	3.461176959	3.373985591	3.324770923	3.365974816	3.181479423	3.539221263	3.410556888	3.876992541	3.367340905	3.597223071	3.412989803	3.353867406	3.309902556	3.518919195	3.447354972	3.179805406
2.311138765	2.473100816	2.006598016	2.167484103	1.913259161	2.085846831	1.945883887	1.829771404	2.071966556	1.743000159	2.296835443	2.960309826	1.930392359	1.990426604	2.129399017	1.325260748	1.900149184	1.916960048	2.218181024	1.690679703	1.898155774	2.374140728	2.098491544	2.290233375	1.591329239	2.13782135	2.091796843	1.99303904	2.220235286	2.084178408	2.050640234	1.789428138	2.158052233	1.874669864	2.480878141	2.08033838	2.125907307	2.465035854	2.039539785	2.476126041	1.698290073	1.81068895	2.375216022	1.719414	2.186925119	1.928065886	2.199739337	1.658173102	1.92039957	1.794206561
2.163532026	2.327802227	2.401258985	2.388708105	2.488352679	1.920401217	2.837281272	2.926639893	2.42325068	2.112445752	3.262073709	2.21464028	2.374140899	3.145393703	2.660803874	1.955027901	1.572169686	2.411322359	1.909525276	2.507625727	2.290138457	2.473046315	2.898026678	2.082186784	1.973631277	2.434988229	2.053171769	2.357976482	2.546425444	2.098327335	2.064750833	1.883259668	1.964882081	1.791358023	1.985861175	3.137609112	2.361552306	2.406762846	2.23970753	2.114987179	2.460166195	1.960860136	2.74410951	2.678901344	2.820627679	2.045964857	2.86911438	2.065251893	2.295093977	2.032325253
3.80884468	3.594358262	3.157868442	3.154815374	3.433708308	3.988451562	3.405484481	3.712706971	3.743504843	3.119762427	3.334206314	3.232078896	3.353189382	2.98053372	3.144642511	3.005645597	2.835936796	3.191272272	3.148003784	3.344282427	2.659207188	3.558812652	3.02578956	2.362098697	2.992897633	3.324458614	3.038446787	3.067879045	3.352162063	3.104752402	3.235331005	2.970960018	2.77480253	3.351509878	2.934601967	3.837335532	3.025110292	3.118262387	3.465930441	3.525832923	3.274299708	3.191272272	2.955002107	3.140352539	3.221377319	3.336642525	3.043579052	3.119595319	3.109504143	3.215937124
6.568226948	6.524000873	6.851613122	6.89043722	6.483682388	6.236099843	6.175962626	6.448816251	6.760080489	6.423147742	6.474408952	6.406534932	6.101303906	6.391862297	6.922879166	6.246049166	6.431408184	6.483779135	6.415613403	6.53683508	6.438537097	6.513154765	6.809360751	6.889565908	6.718346496	6.730250257	6.549125423	6.015208768	5.733850065	6.087451204	6.601032647	6.757350693	6.505657442	6.056814943	6.779637227	7.032070325	7.385150299	6.820238542	6.991504607	6.97113921	6.933203841	6.256876501	6.408236649	6.882952412	6.379135322	6.964461684	6.846377875	7.184218245	6.432802198	6.711541417
4.776525713	4.545019712	5.264869928	5.41972978	4.934316395	5.106093335	4.814963579	5.387186087	4.944469034	5.17881907	5.41856353	4.897221976	4.779841677	5.013039443	4.966360439	5.39011857	5.297573394	4.634404034	4.910955422	5.209289212	4.674615222	5.18620671	4.768700826	4.751012316	4.976449844	5.049600972	5.150325255	5.406086709	5.455585456	5.1790905	5.34314844	5.008650848	5.443543743	5.441154167	5.23632146	5.14835388	5.242407187	5.012165619	5.170568656	5.030286395	5.037902155	5.206818734	5.23643169	5.38319756	5.463969959	5.368993994	5.225143308	5.433643072	4.998767649	5.370332626
5.884104211	5.721795805	5.829322152	5.84590695	5.82075108	5.721079901	5.28484358	5.505347212	5.311096369	6.188617631	5.894020877	5.532071824	5.458177684	5.850444256	5.378255339	5.469112975	6.211364272	5.775041233	5.646373711	5.66373621	5.988687092	5.25225992	5.759974692	5.837546475	5.70566368	5.218084056	5.956321389	5.826025272	5.713916434	5.260156235	5.343641185	5.116876348	4.92940456	5.141066849	5.360048558	5.465337109	5.293143404	4.475042032	5.514905244	4.595535221	4.466303388	5.666584823	5.385216455	4.928174891	4.981066609	4.852404507	5.255029465	5.164117702	4.993225146	5.28985465
5.120709762	4.472149263	4.463170005	5.104288194	4.758871309	4.000215779	4.894011206	4.758959072	4.893550764	4.556097249	5.086016097	4.162335518	4.99051049	4.849267832	4.583268111	5.16130181	4.351306031	5.030639226	4.982483566	4.978143206	4.586034869	4.640547172	4.91395567	4.487317028	5.125557158	4.797956295	5.168581995	4.78428044	5.291626961	4.941207681	4.991449045	5.253935251	4.831888904	4.964261073	4.95124644	4.560486882	5.105595263	5.245978379	4.608989644	5.149755579	4.819092473	4.774185251	5.185528349	4.61762178	5.179716358	4.869947696	4.915695633	5.029277701	4.58660672	4.89720078
7.884913337	7.9873413	7.905979882	8.039403513	8.103087071	7.743947508	7.588969611	8.004558836	8.010015775	7.911520474	7.782550617	7.822364149	7.651160307	7.777460532	7.863598367	7.708437004	7.699579814	7.69391831	8.175910118	8.066349299	7.758787123	8.206482331	7.954899004	8.03754672	8.068469786	7.977017281	7.97145902	7.845092274	7.970658876	8.270619965	7.628056412	7.747085947	7.89309131	7.940024883	7.668870264	7.901814239	7.911555592	7.83958072	7.785322124	7.637863117	7.614768115	7.948324672	7.749801452	7.813404231	7.905368333	7.779666008	7.812442082	7.973842473	7.897773603	7.744577475
2.508081897	2.918751397	2.698090393	2.680101516	2.30436558	3.326995534	2.781032443	2.707346071	2.906352492	2.369989677	3.76252206	2.936319901	2.900040399	2.71848213	3.403536911	3.113250348	2.694297958	2.614977234	3.175170096	2.756856593	2.459672907	2.169289514	3.044842712	2.821951842	3.206969748	2.447863678	2.867383799	2.5797559	3.079572217	2.455878775	2.662901549	2.898009719	2.610286372	2.954134867	2.456995623	2.452306763	2.448129548	3.073690072	3.103663598	2.749514891	2.537000048	2.899904735	2.689676347	2.402956867	2.655868138	2.875256478	2.512680081	2.560100809	3.413566292	2.704109819
7.279894894	7.297305504	7.210152414	7.378584507	7.203248498	7.106469021	7.390107362	7.204769194	7.480770903	7.145795895	7.074375976	7.17421574	7.214235731	7.446215084	6.960094558	7.441482391	7.30247817	7.26596507	7.160748162	7.122351613	7.178802033	7.094555272	7.229884799	7.306569947	7.40626728	6.968319221	7.481041595	7.258280672	7.265350132	7.444538412	7.139445112	7.131500569	7.370524147	7.016945886	7.013390341	7.176457818	7.257686166	7.028031605	7.025513241	6.933924167	7.086867789	7.375063991	7.247457485	7.030593127	7.046659738	7.334623898	7.042037494	7.458251335	7.307180087	7.122348518
7.911055497	7.915500154	7.888669919	8.12981101	8.126799896	7.695441661	7.95463719	8.014210243	7.93109431	8.133789555	7.900254605	7.998270555	7.764222044	7.847187225	7.744376803	7.930806415	8.212108899	7.671826627	8.13294719	8.257854002	7.897225976	8.175887236	7.827818962	8.057600042	7.81752707	7.630207661	8.040133891	8.129776988	7.903757846	7.625779752	7.433105371	7.814267213	7.771232497	7.607348383	7.419766359	7.616563686	7.455323125	7.503843141	7.479845342	7.557532137	7.616289114	7.906712846	7.872178896	7.941734524	7.616455145	7.706382856	7.540997341	7.635887823	7.938470155	7.80606941
6.567405397	6.301004158	6.470228239	6.638857123	6.583970566	6.655036134	6.504795903	6.719235334	6.520659936	6.57635175	6.58103553	6.338109877	6.535003317	6.625601111	6.185982203	6.633920582	6.730853934	6.449439483	6.647697139	6.653941717	6.365746286	6.63771588	6.455619706	6.655372085	6.651089138	6.345391427	6.670801445	6.588393759	6.628487573	6.423629467	6.304559746	6.373797956	6.474043407	6.058669362	6.041349486	6.466653616	6.108038093	6.258089131	6.014319171	6.020481878	5.900376351	6.613663422	6.528662383	6.06972886	6.044768697	6.173966487	6.153082618	6.544627726	6.548051219	6.363710803
6.014135013	5.97478857	6.267722647	6.132861318	6.305637629	5.820712449	5.931799891	6.13387132	6.243323571	6.206670333	6.152286669	5.928739869	5.605220387	6.174360219	5.981052362	6.04058675	6.554012522	5.757995301	6.183258424	6.153165576	5.952187016	6.172242859	5.873332031	6.143853526	5.871844918	5.996339738	6.486618911	6.259543954	6.336183353	6.218821869	5.791049788	6.174918529	5.949629253	5.892191306	6.09738041	6.234151518	5.946366401	6.021039599	6.012634459	5.889008321	5.817145739	6.440475226	5.88562036	6.319434595	5.911845764	6.136720324	6.130527002	6.629551157	6.588468843	6.147769365
6.753570631	6.843922727	6.907643475	6.702162588	6.516030816	6.478476273	6.052997201	6.456475463	6.709522651	6.69179341	6.610134878	6.316054708	6.757590823	6.775076538	6.957963288	6.464254149	6.912948297	6.660976708	6.68252792	6.755063437	6.765889664	6.787883674	7.108178869	6.823782672	6.677062492	6.573063422	6.573798763	6.494549432	6.453614353	6.480938863	6.536010648	7.29491165	6.901142902	6.395932737	6.999682514	6.896711373	6.86397996	6.840492677	7.036689817	6.962714604	6.802631626	6.535279182	6.860795403	6.773867373	6.820432415	7.102457877	7.076922958	7.29583164	7.024109094	6.774942499
7.99732124	7.798946717	8.31531644	7.753384605	7.859695573	7.624304676	7.646734109	7.6871486	7.747364891	7.870252757	7.553627263	7.756082436	7.845853771	7.605423177	7.493569985	7.71161738	8.108756017	7.619782164	7.702487925	8.052122698	7.61843085	7.714056947	7.369741376	7.8675481	7.44978449	7.780646041	7.545684946	7.5853031	7.372083506	7.79046362	8.117880764	7.559230876	7.447555125	7.650185675	7.464179041	7.899019698	8.060925166	7.472661395	7.60287123	7.673881479	7.763232496	6.978383175	7.525090065	7.414706704	7.872427589	7.739021939	7.493916434	7.916690115	7.370949694	7.763355535
2.781842404	2.923443465	2.460932075	2.65924458	2.634594009	1.988641894	2.942484205	3.105330451	2.800419314	2.862023345	2.649179593	2.881898063	2.582497062	3.034299566	2.18130167	2.874154036	3.209771822	2.929069987	2.766724747	2.595988414	2.895666791	2.490928597	2.646817449	2.809814645	2.765110098	2.351062346	2.599914804	2.540388584	2.437909168	2.710382677	2.362415548	3.152491831	2.612553855	2.923860448	2.705806925	2.96258361	2.2896768	2.523218605	2.603964443	2.935480375	2.532029246	2.715381267	3.30884383	2.60233763	2.575120601	2.491153961	2.732925742	3.627654643	2.2913517	2.96003364
8.654337597	8.825807525	8.86854409	9.011861741	8.713128841	8.662173701	8.627534746	8.600240486	9.051809463	8.864495635	8.66845281	8.859663312	8.784251775	8.92930158	8.486446172	8.914004525	8.820023763	8.507966578	8.973059351	8.912237329	8.703210824	9.057306373	8.734497797	9.069830418	8.978578935	8.822718843	9.091954574	8.828047937	8.845556905	8.985537844	8.758104073	8.630931395	8.865630933	8.88361835	8.457118356	8.653407478	8.545957415	8.462404558	8.656685706	8.340839179	8.419594077	9.226168078	8.588244059	8.543109355	8.785279252	8.690778065	8.765679716	8.398849474	8.735548034	8.87830842
8.083891237	8.345361186	7.478970556	8.285977525	8.170898701	8.30138901	8.062822012	8.216028642	7.975845898	8.235096309	8.451188451	7.513062874	8.378142096	8.268990512	8.165099786	8.187967115	8.298481439	8.284828682	8.305310888	8.212988827	7.96947491	7.771230256	8.210460743	8.163753163	8.197099469	8.317166237	7.92302388	8.02508144	8.251690368	8.352181208	8.300103513	7.901898227	8.410827669	8.856225737	8.019964204	8.439063179	8.237233871	8.456276033	8.154493965	8.295001099	8.516984874	8.188563119	8.146839609	8.239608249	8.444434823	8.566271796	8.1984112	7.618252528	7.839727282	7.775909127
6.608155167	6.057012467	7.131187867	7.192373282	6.130954191	6.694685804	5.805965041	6.821226606	6.21342704	7.139309807	6.392577853	7.370914532	6.686068711	6.317815948	6.715866569	6.667803245	6.618081808	6.99557935	7.412692543	7.888085716	6.300128862	7.413575638	5.709293453	6.93680279	7.144085123	6.921229635	7.492195137	5.651884409	6.506502553	6.959519173	6.031764937	7.356607078	6.598069325	5.694571569	5.7536329	6.628402114	5.01869673	6.699788726	6.98302233	6.531052194	5.823165311	7.105147455	6.083570338	6.819890977	6.575893851	7.468644891	6.184515623	6.841436213	6.796438788	7.177792221
5.978583333	6.190551161	5.906726775	6.061595798	6.212186366	5.712802784	6.046918767	6.08463714	6.283068541	6.121399014	6.301780277	5.778654211	5.901111923	5.880555869	5.960917279	5.965218547	6.130126132	5.819683378	6.192372394	5.956368684	5.952187016	6.101564233	5.969102258	6.213269741	6.120934955	5.980859217	6.064276981	6.427085535	6.024263808	6.331647719	5.850121869	5.789026287	5.922934407	5.916150484	5.834418781	5.797684157	5.743651561	5.609938007	5.720834087	5.149169017	5.57402912	6.148075791	5.949187566	5.735656462	5.79690581	5.682345751	5.840379609	5.914048129	6.085006491	5.958377952
8.223570353	8.497441039	7.703256679	8.445989001	8.139523438	8.627327402	8.245923233	8.127939758	8.051160145	8.335100795	7.926691923	7.497708295	8.411704389	8.879929838	8.532663821	8.255123293	8.25879715	7.886772336	8.113448358	8.686063093	8.879652718	8.453021351	8.231199819	8.409684672	8.107532411	7.269048187	8.022103258	7.404694925	7.901876732	8.547895472	8.517477702	8.621342585	8.904945364	8.920390141	8.353619265	8.268006622	7.920978856	8.0358797	8.5433206	8.186093922	7.813050066	8.061120379	7.550643404	8.20901096	8.951770547	8.284987845	8.706060539	7.155712762	7.448506361	8.134025728
4.614303279	4.707354835	4.991863848	5.140252755	6.064185689	5.451069057	5.668278953	5.229134407	5.202053284	4.805192788	5.21806116	5.123604131	5.35079114	5.44382164	5.242451732	4.87369432	4.817619925	6.059421146	5.598923613	5.360934161	5.180352785	5.168915222	5.758673219	4.92111503	5.544741292	5.377811475	5.011294576	5.646511954	5.496744719	5.708534818	5.733710424	5.626392859	5.898671694	6.622807701	5.447512464	5.544239465	5.82863121	5.459345385	5.876396749	5.636714935	6.145103838	5.547286995	5.160119196	4.892313722	5.12175485	5.542309575	6.209664259	5.400744606	5.67240163	5.774404111
4.013898138	4.856803284	4.2124836	3.757793432	4.22855535	3.517439561	4.059912861	3.964970203	4.02930923	4.168995222	4.743615524	4.062346443	4.017965303	4.364662914	4.760088999	3.98223799	4.10307914	4.419492238	4.381243251	4.763316304	4.424709056	3.874207505	3.983957674	3.974574651	4.166676427	4.121506472	3.855167723	3.584179635	4.243931167	4.447072408	4.009904386	4.371676982	3.915666968	4.01063742	4.776976241	4.138912685	3.673646453	4.142240291	4.570027138	4.580400805	4.414609441	4.152808405	4.18690764	4.063740286	3.683659647	4.518169427	4.54867914	4.500914347	3.347718005	4.562983613
1.867619573	2.238850673	2.146869574	2.179227244	1.810907184	2.336289551	2.124565495	2.175663583	2.45806006	1.827100207	2.875913064	1.921595342	1.849870144	1.812440988	1.727317198	1.626735995	1.654802048	2.036742444	1.690547767	1.942664616	1.798007611	1.792547332	1.929062546	1.886479263	2.346785254	2.005419288	2.196031732	1.743681037	1.717084204	1.73756186	1.782025631	1.450900493	2.476610041	1.919772734	1.875254772	1.856416575	1.732036252	2.070724048	1.558838849	2.137927575	1.644323166	1.804535735	1.940693792	2.518056981	2.285192885	1.901133937	1.748637794	1.91828744	2.001915289	2.00497637
1.697067793	1.906068506	1.80123336	1.429502393	1.657430482	1.724841362	1.68220563	1.899633712	1.86530328	1.743235849	2.018150995	2.051954438	2.122185568	1.59537103	2.1363782	1.854547686	1.698693702	1.708808536	1.758649248	1.857536185	1.508102365	1.585006665	2.504347382	1.743847058	1.466989374	2.243564588	1.667085826	1.665879351	1.497995906	2.012274076	1.63780557	1.88145382	1.597226941	1.546423324	1.829191462	1.742549359	1.937133337	1.589105154	2.316124022	1.664515467	1.636620183	1.681124137	1.627963206	1.946971378	2.071960787	1.994859541	1.791539569	1.526989387	1.66347568	1.904826908
3.518698879	3.569138248	4.113189971	3.630044127	3.784695504	3.934719677	3.263730193	3.790256054	3.512079677	3.750616042	3.684570866	3.700880932	3.554248922	4.287037771	2.776499357	3.128714784	4.307053462	3.677616265	3.552062751	4.321089429	3.806576213	3.597110824	4.156464395	3.45243801	2.923155557	3.214911617	3.302716915	3.773324907	3.666037738	3.299209188	3.800837086	3.867748985	3.762837011	3.079728454	4.224145824	4.216752282	3.051042636	3.577397381	3.164547549	2.79061703	3.214488955	3.433008363	3.222941265	3.738184564	3.668429715	3.378421837	4.120978587	3.373806855	3.399964073	3.881118164
4.588229623	4.958734579	5.090513213	5.235638482	4.589317081	4.965466123	4.816861445	5.085620122	5.005236071	4.764083134	4.940123025	4.896744078	4.502033217	4.666955684	4.868495012	4.600698419	5.144421127	4.832593692	4.655774522	4.75576917	4.712334583	4.778188524	5.114516868	4.298079507	5.071673019	5.21491516	4.997180165	5.300404444	4.899456011	5.159381382	4.865750562	5.09149753	5.119299095	5.012659182	4.963706697	5.125201458	4.899710996	5.207783343	4.663240561	4.813836646	5.117692365	5.00965664	5.010516351	5.221901937	4.589244064	4.903143013	4.884228189	4.570526118	4.771856641	4.925699833
5.564024671	5.774891485	5.745282387	5.762252552	5.777536637	5.644436503	5.849211484	5.733237137	5.775969299	5.479235597	5.653512425	5.482810088	5.584884524	5.644529543	5.732294484	5.521437268	5.763158186	5.14573703	6.022740864	5.577263138	5.82538503	5.631857419	5.765374053	5.9076205	5.859248723	5.308627234	5.887283332	5.323544273	5.674280476	5.363432262	5.15249289	5.499579077	5.212905522	5.07744446	5.566341425	5.540520334	5.246023041	5.54067158	5.099195688	5.472952892	5.455262007	5.641496885	5.740321891	5.643064266	5.558970793	5.447307024	5.442390654	5.633810189	5.346948911	5.261495696
3.494168422	3.448116384	3.134612688	3.625102898	3.261154739	3.153851051	3.54789452	3.250405236	3.126274447	3.60883393	3.501467047	3.544114965	3.41105836	3.87005333	3.262909234	3.445500843	3.226341648	3.368063033	3.741539435	3.430260298	3.36034514	3.51459088	3.504904787	2.98819046	3.726706946	3.240301764	3.369671073	3.157024217	3.491724811	3.403017752	2.997808592	3.259686756	3.268942519	3.21325435	3.612177538	3.472254933	3.70645976	3.462595954	3.275370816	3.625342087	3.279777521	3.559845405	3.480161895	4.036309625	3.308215829	3.378979276	3.60180885	3.33079576	3.429934804	3.464272414
4.736269904	4.984981324	4.819489377	4.671542873	4.858096517	4.750484828	4.722099254	4.809415837	4.851742153	4.93560108	4.914983459	4.657787908	4.805488186	4.927204093	4.620419299	4.520321875	4.330025847	4.863495968	4.851474471	4.669104526	4.921754262	4.577769047	4.527390326	5.211383644	4.934959768	4.513743477	4.141925057	4.390602704	4.463420131	4.933415391	4.356532138	4.90343753	4.611234879	4.967868816	4.876202178	5.005257452	4.636853391	5.525361688	5.080723734	4.670913564	4.78004875	4.170859746	4.739757553	4.929309875	4.941278837	4.901836684	4.977766011	5.253232988	4.435193142	4.410640944
2.647729125	2.602580717	2.252954149	2.199867898	2.457787021	2.74795602	2.579911504	2.721668878	2.791819907	2.560774321	2.119159175	2.171256227	2.29827485	2.518446394	1.784831209	2.537049565	2.007602335	2.121461529	2.483476532	2.438110287	1.985116423	2.337075192	1.949587267	1.897546767	2.161859039	2.477915932	2.625619421	2.721347384	2.939343193	2.572352926	2.162826965	2.435483577	1.975474062	2.385997823	2.421492403	2.993807272	2.568935259	2.443403171	2.862039465	2.203176578	2.459268776	2.126060796	2.253819944	2.434996785	2.024430538	1.969512789	2.136646867	2.787052365	2.531400856	2.289427805
8.078643714	8.211148458	7.914853912	8.455780545	8.147999625	8.603055479	8.75400839	8.149821316	8.412494964	8.642527049	8.525049437	8.148251258	8.121736523	8.440542776	8.146261595	8.834175769	8.538955198	8.083958189	8.439289659	8.55476379	8.438041066	8.602537617	8.562357136	8.420898348	8.833551832	8.45387642	8.636506972	8.702281005	8.705894947	8.587472163	8.291193414	8.497906979	8.384132977	8.607912553	8.368530634	8.593895285	8.243915393	8.910130241	8.755765539	8.372157919	8.398022039	8.850828606	8.410281946	8.271133673	8.626963651	8.607499701	8.484444475	8.25731746	8.420217674	8.332645812
2.700193402	2.743693292	2.924146792	2.628534481	2.317507023	2.837867602	3.265383242	2.662187577	2.935244625	2.832869279	2.543194922	2.825547253	2.621453235	2.865343554	2.547519715	2.931631849	2.606607788	2.713223488	2.577014775	2.839182339	2.681169172	3.048769802	2.684508935	2.800101839	2.871398356	3.118552247	2.944965711	2.808837166	3.069248863	2.680223286	2.87257553	2.762771467	2.722777638	3.180446889	2.517723429	2.354884516	2.783683816	2.880003753	2.524552454	3.255322947	2.460166195	2.796876269	2.633672668	2.690449867	3.191151954	2.73929251	2.60145104	2.85811156	2.660121091	3.036402516
2.268554825	2.258357443	2.003755428	2.532606047	2.484516777	2.002491929	2.376200221	2.754361124	1.919807894	2.284276601	2.110513375	2.029364786	1.816230676	2.065929369	2.119475614	2.247060114	2.123283201	1.898951848	2.199387198	1.790324162	1.986034403	2.125359605	1.965995146	2.78909721	2.380561923	1.842192334	2.228292154	2.547929461	2.527112848	1.892821448	2.133980571	2.100377185	2.122441211	2.326089712	2.43535928	2.120212447	1.765917101	2.178493492	2.153042952	2.631489368	1.964344902	2.161058119	2.014357359	2.471419524	1.855925269	1.89002963	2.183769521	2.450642334	2.097180039	2.001877009
5.038403721	5.397842993	5.431787814	5.333827278	5.605769519	5.295830827	4.766161994	5.549998811	5.278480308	4.914867852	5.046048355	5.543601485	4.871866435	5.124768412	5.608850611	5.273287697	5.594352109	4.798515772	6.033680984	5.950548454	5.698411833	5.655191406	4.755081618	5.554114145	5.098336354	5.44990794	5.603760525	5.284814326	5.194303404	5.398016427	4.691265855	4.646317931	5.016118912	5.060740866	5.272133046	5.329451002	4.093892719	5.433123889	4.792651266	5.059498468	4.897162246	5.488269669	4.625287634	5.173587716	5.1865001	5.227493541	4.901746555	4.802672583	4.105635969	5.516925457
6.607599037	6.289406536	6.920233862	6.214399912	7.142918678	6.471037758	6.287215775	6.562982431	6.78511059	6.192263338	6.424425754	6.449102076	6.03165673	6.36552526	7.29117487	5.967633565	6.056110221	7.875159408	6.112605126	6.187601662	6.257018757	6.443070648	6.401348709	6.683881604	6.386842659	6.471676888	6.183899743	5.918492288	5.958073273	6.117788982	6.931631958	7.061567903	6.600082465	6.349418909	7.657968706	6.992795648	7.215629251	7.437751717	6.755017619	7.512763223	7.841665884	5.084943671	5.649728644	7.205362626	6.735584594	7.258525384	7.040022217	7.762523483	5.782718314	7.131512063
3.249968418	3.076105865	2.900537679	3.652635433	3.161234601	3.213584605	3.42761241	3.265506236	3.244649704	3.104855951	2.981118184	3.564557297	3.638305455	3.249741545	3.648381317	3.170799924	3.415037154	3.073760093	2.891962119	3.041275127	3.246790455	3.10930252	3.308092778	3.357936615	3.368646446	3.041011989	3.19674517	3.16462842	3.337017787	2.801840192	3.472571967	3.146127584	3.161299122	3.202963527	3.151958373	3.460400843	3.459154991	3.379735459	3.274792959	3.313022241	3.53594884	3.404043581	3.355467964	3.303444332	3.215270048	3.081369344	3.194077989	3.243424898	3.226890598	3.197376424
5.132687222	5.537480985	5.268708008	4.539636153	4.961447504	5.009302824	5.816957672	4.186033835	5.12045011	4.776417484	4.512311187	4.818341951	4.955442465	4.241234094	5.0987611	4.978091173	4.910898957	5.141477097	4.778529088	4.687344144	5.09543978	6.424714071	4.506389483	5.059228536	4.73427893	4.811958236	5.232696639	4.287077265	4.855630952	4.751677998	5.078051484	5.746921187	4.659014919	4.454806178	4.083887914	5.014517274	4.553651847	5.170185911	4.990248592	5.126014291	4.70043293	4.199523416	5.52116746	5.055414305	5.072180723	5.160878312	5.361504532	5.419825847	5.92267556	5.52087728
2.791701892	2.807124249	2.84023008	2.669185008	2.915365321	2.913687492	2.901833874	2.876200094	3.123793953	2.85761251	2.876972345	2.751144166	2.638193739	2.575583698	3.027479277	2.805020678	2.490570405	2.547816336	2.722343875	2.479424811	2.910471316	2.534064995	2.884422875	2.769383332	2.908033199	2.9117496	2.684785544	3.150809449	3.133698284	3.084169892	2.744897792	2.641115122	2.850747839	2.841178909	2.732668865	2.703296565	3.089208681	2.902494218	2.520327624	2.719212673	2.885504548	2.825655183	2.779265674	2.611448792	2.548640371	2.817367016	2.738225079	2.873654694	2.713089336	2.682168876
4.961235779	4.172603293	4.512621781	4.641306319	4.555375611	4.339109393	4.480327504	4.468072906	4.798294075	4.638000707	4.459656757	4.071597216	4.159111238	4.874621359	5.136390812	4.892656082	4.368998716	4.584740171	4.835806836	4.92404508	4.981348768	4.832923421	4.871649866	4.618285167	4.717976342	4.951989733	5.037172582	4.861000311	4.766736866	4.300834928	4.525378372	4.569927017	4.537133007	4.732730215	4.747425223	4.733197304	4.628637479	4.719504405	4.715669579	4.740937393	5.13280733	4.748268166	5.057016152	4.861541893	4.936572469	4.579005572	4.590566958	4.612970403	4.967878588	4.474368786
7.418944679	7.365266211	7.583675401	7.338072351	7.593796156	7.246405754	7.298216117	7.794766956	7.544909193	7.295599615	7.388443805	7.594278021	7.21562335	7.308916289	7.733317489	7.359255937	7.903643272	7.361898175	7.036791831	7.351112841	7.053425719	7.618379986	7.656429403	7.438747763	7.220720521	7.280973869	7.551867093	7.122139421	7.14098977	7.440398662	7.615859424	7.514603379	7.292189275	6.915372065	7.606399362	7.463745942	7.620688887	7.37944678	7.464222809	7.441660672	7.34349428	7.571303942	7.425704655	7.264930894	7.490201394	7.585884598	7.513996789	7.848453963	7.518449772	7.723564516
4.613410524	4.48360697	4.12669451	4.291466432	4.383913531	4.530154015	4.199245826	4.817086577	4.227077548	4.795331173	4.839696101	4.815757194	4.292531016	4.371918617	3.86728648	4.196671865	3.8544359	4.506978284	4.637205979	4.153877688	4.296291123	4.395485211	4.334116518	4.707650238	4.200381343	4.461908236	4.590597429	4.240209895	4.560508441	4.400216256	3.981371806	4.646317931	4.585403615	4.765923975	4.40694633	4.45959854	4.220087791	4.034247364	4.251088182	4.755207482	4.097681767	4.468806961	3.997367826	4.797293188	4.157980684	4.14424504	4.460765754	4.590896407	4.858324036	4.175823179
4.798430541	4.925456065	4.557077958	4.688355102	5.000058122	4.884094065	4.875265054	5.164152084	4.822363582	4.556076637	4.922025035	4.916106505	4.714762501	4.4647806	4.589677684	4.82470035	5.029218822	4.843194928	4.8642773	4.651166598	5.038226929	4.855384924	5.15628749	4.473952238	5.054845741	4.780076331	4.709431776	4.842810834	5.046436639	4.731089595	4.533725658	4.535945769	4.998660541	4.816669133	4.863687109	4.433389966	4.290344512	4.424800118	4.421242638	4.629429431	4.3838928	4.832634484	4.581941712	4.677411965	4.682893385	4.804775015	4.271436457	4.459234094	4.860246025	4.481920646
6.320725908	6.570360383	6.393401975	6.584232045	6.56996406	6.558423637	6.596486405	6.471343811	6.88799682	6.622591977	6.509028768	6.787230789	6.425711339	6.503864776	6.602472626	6.496274183	6.662947581	6.328656289	6.452857201	6.684432137	6.769495306	6.617283464	6.248423508	6.866893694	6.76905083	6.628722468	6.292836892	6.446670969	6.660611926	6.56676478	6.38721357	6.591664675	6.494691607	6.275000932	6.380205319	6.546562761	6.812446606	6.948798375	6.474944001	6.29825754	6.355301348	6.543534319	6.418283299	6.479261183	6.777481034	6.341848668	6.424353224	6.43314022	6.340570608	6.459980993
6.441416348	6.367901589	6.917361178	6.548811789	6.999996856	6.496886138	6.908295429	6.679704803	6.838978825	6.864538813	6.91521741	6.74466874	6.716300445	6.587246362	6.343806263	7.041485129	6.714262401	6.392319033	7.06359253	7.163601461	7.095290365	6.932707288	6.783862532	7.018351732	6.775023879	6.761345964	7.208446302	6.859981475	6.668900707	6.984645432	6.51271353	6.651612683	6.838287653	6.45811954	6.601427916	6.556860103	6.549703106	6.279546438	6.421373786	6.708264785	6.621893943	6.841555292	6.60139984	6.763663245	6.593096766	6.686988845	6.287081264	6.77548654	6.674645013	6.873744474
3.834965946	3.578268918	3.227435557	3.651225618	3.593417569	3.429537541	4.093578293	3.026321497	3.844267407	3.883811333	3.43602672	3.700648444	3.395825784	3.801959526	3.625971178	3.293686272	3.306407318	3.76616069	3.530747442	3.577693153	3.669146607	3.456611317	3.519440554	3.190317656	3.918280876	3.440752379	3.388511067	3.394948187	3.889202802	3.705515372	3.58596594	3.276739359	3.535345292	3.730443895	3.536491504	3.439349829	3.422289684	3.648122937	3.632673159	3.56888595	3.638756684	3.803904528	3.608169272	3.349927939	3.633097678	3.435250055	3.325433345	2.658979668	3.461933955	3.425798389
2.66204177	2.730057568	2.713059528	2.896051023	2.257253475	2.621769641	2.779285618	2.843235788	2.840915079	2.85533591	2.888849095	2.46305568	2.843612513	2.664431085	2.8568976	2.72633638	2.577728157	3.054450091	2.860889742	2.570820644	2.791607624	2.399236164	3.185767701	2.92433941	2.816758867	3.139493368	2.92355644	2.880221537	2.189473068	2.436481135	2.594309619	2.370117944	2.869311543	2.800023532	3.093115622	2.640798424	2.936372455	2.401411036	2.736379913	2.74734468	2.809034859	2.77050879	2.654240256	2.608522064	2.818607303	2.528826209	2.310928562	2.869582994	2.622907546	2.572178601
4.321889597	5.263084181	4.901686524	4.535856735	3.936388045	4.41471828	4.549867974	4.275166006	4.019508042	4.226559037	5.186684207	4.432404296	4.265991638	4.303199139	4.771271066	5.448618033	4.707420288	4.82487414	4.412520405	4.507155989	5.023112862	4.594564786	4.307545009	4.338443488	3.876376633	4.301556307	4.052448578	5.068369694	4.961351083	3.64977306	4.33882383	4.299168019	4.4980246	3.809049766	4.277118679	4.201706738	4.310085418	4.314696481	4.056602252	4.345733808	5.391645473	4.648512523	4.444683839	6.102098918	4.419629696	5.141906577	4.421144167	4.97694091	5.339213729	4.930733715
3.682623004	4.505234622	4.52796859	4.552713738	4.580157753	3.965777682	3.75522117	4.209663205	4.505328735	4.392635677	4.713073816	3.130046683	4.190486525	4.326061729	4.32058264	4.335823197	4.212518342	4.640986811	4.477772101	3.969727736	4.385042087	4.427251398	4.240698648	4.337900907	4.098756177	4.384272371	3.726518079	4.41942497	4.333711315	4.666919164	4.386354121	4.572186318	4.296037435	4.728119853	4.476248399	4.642680893	4.185415059	4.293063229	4.342877511	4.893933875	4.506918326	3.985445492	4.604064153	4.246822639	4.665111642	4.274293539	4.884171253	4.578069348	4.525440594	4.087025595
6.0696524	5.935941986	5.87454625	6.176529505	5.634580133	5.633025913	5.657590532	5.322646493	5.814538636	5.978248501	5.724184898	5.891877075	5.72976025	5.643806889	5.703731417	5.941238373	6.163223798	5.98951296	5.591048868	5.751761873	5.79928004	6.053008019	5.739655068	5.734455048	5.725648186	5.721935977	6.124531918	6.14185079	6.149814862	5.836742994	5.595018786	5.575285209	5.863738145	6.044917288	5.472005182	5.729008635	5.454962017	5.328082168	5.244776774	6.047539895	5.579506627	5.926643942	5.665285347	5.922206227	5.95362949	5.978497389	5.913768992	5.504938031	5.947229646	5.725208426
4.885185034	5.562884765	4.079186692	4.376723373	4.712997492	4.679710967	4.271734736	4.514371185	4.954546088	4.540606518	5.645709077	4.062792365	4.55387129	4.727625308	5.034469378	4.679521143	5.025786254	5.669115799	4.198715839	5.055782532	5.145090246	4.871883915	4.232153021	5.137919029	4.590564431	4.061662203	4.692047415	4.916010681	5.151414346	4.428097856	4.826972097	4.688693237	4.310943689	4.263817055	4.315264191	4.925482889	5.03516866	4.7969228	4.315829117	5.407169953	5.982395057	4.250244183	4.73810129	4.653296984	4.290229479	4.703732007	4.28216979	5.33336625	5.205179557	5.194940581
6.496798487	6.90752996	6.028745489	6.087325282	5.696476266	6.236099843	6.505923789	6.259330162	6.797718864	6.481945531	6.658148656	5.799748797	6.477695399	6.6769639	6.37618378	6.414475669	6.643676554	6.986378902	6.172120308	6.650661936	6.745547444	6.331711358	6.261376875	6.400284825	6.905427627	6.456060354	5.992512034	6.25891187	6.392851979	6.607915354	6.919238952	6.713263172	6.89595219	6.71792538	7.044053711	6.610772733	6.077010188	7.114034789	6.174650589	7.152428242	7.029289315	6.193630134	6.783173093	6.647429132	6.618112298	6.707549699	7.195298191	6.520864343	5.993975934	6.490854042
4.251995525	4.749892562	4.540851645	4.555680398	4.638585755	4.800431862	4.293927599	4.823907716	4.376979119	5.008020278	4.777602748	4.666172632	4.427462856	4.911905201	4.511739967	4.531549689	4.615833758	4.269850349	4.980964205	4.624902993	4.247350169	4.187290833	4.641273587	4.430034004	4.652954269	4.529468808	4.531477696	4.206995757	4.690440878	4.398221015	4.68937699	4.251583599	4.666493247	4.627107165	4.718212	4.77071499	4.810463001	4.368909123	4.544514589	4.450247134	4.526438055	4.536367533	4.588320612	4.30307854	4.609786386	4.00974989	4.277517427	4.0704024	4.211809823	4.265412274
3.859006038	3.656623	3.755507718	3.738396866	3.651392791	3.794644853	3.358325825	3.691207614	3.409383277	3.60114159	3.700169745	3.835347543	3.557708332	3.601587525	3.425572842	3.695344568	3.219584846	3.492345287	3.957019033	3.241963379	3.143425068	3.37098397	4.081109244	3.416882546	3.737065341	3.614232677	3.451618424	3.215898328	3.605707587	3.531666598	3.823634062	3.622954423	3.694224568	3.726160905	3.7273599	3.62742264	3.930834075	3.314183839	3.544695669	3.729495094	3.439028402	3.474010658	3.584132937	3.870697271	3.650560014	3.196874437	3.544284608	3.834727743	3.411977264	3.877756387
4.76204553	4.874844822	4.678788338	4.479381913	5.172271426	5.253745505	4.365838053	4.823907716	4.808673256	5.17639049	5.067287866	5.037264002	5.093712774	4.982101631	4.511739967	5.105699497	4.163198716	4.827657197	5.518514971	4.691174091	4.174385655	4.283904257	5.566955882	4.625359645	5.078607588	4.486490028	4.742403501	4.206995757	4.690440878	5.041504393	5.17009343	5.292638513	5.186221007	5.094035336	5.299029571	5.128834878	5.394686484	4.523155647	5.115129768	5.296919895	4.889645177	4.772002026	4.788080018	5.166031611	4.886364677	4.670352301	4.981742879	4.697563591	4.640584806	5.587878827
4.718176718	4.978143631	4.528843301	4.540568239	4.587534966	4.969364643	4.470938049	4.640215343	4.457715332	4.652871971	4.842993685	4.497445079	4.734585874	4.551984875	4.985024293	4.68824315	4.569687912	4.658399329	4.59856013	4.920856656	4.837009068	4.607878298	4.902472498	4.953640527	4.759026236	4.86031012	4.57762225	4.598211694	5.084469312	4.69654936	4.710596479	4.773607884	4.719650166	4.761582175	4.908561826	5.046366763	5.107974334	4.895225029	4.551874824	4.904509329	4.44197316	5.077614284	4.998500718	4.894913966	5.088259363	4.700197717	4.716340568	4.696090717	4.494921309	4.6036181
2.876859923	3.342746967	2.592012565	2.871794386	2.794314249	2.770855908	2.956625958	3.493261893	3.295216775	3.017847831	3.202207845	3.378710125	2.993776404	3.014224975	2.976667706	2.985309414	3.03923363	2.924158179	3.079876464	3.621720013	2.857014637	2.97710508	3.355518506	3.18644608	3.264060664	3.035677734	3.492118988	3.235232623	3.043101256	2.866121203	3.001184449	2.592415002	3.131227001	2.986571198	2.940816486	2.662062934	3.205361348	2.773327153	3.230501834	3.243575518	3.262445728	3.059392105	3.367340905	3.477361289	3.286809495	3.173998495	3.142956938	2.813485355	3.353800778	3.044874135
5.69896431	5.885370342	5.503853476	5.641805139	5.301529086	5.392621115	5.436998996	6.435979096	5.778597712	5.346432186	5.398754973	6.113010158	5.513405563	5.504951291	5.614307093	5.53919823	6.016561435	6.117125978	5.68543338	5.832332054	5.856461098	6.06564475	6.135883062	5.034851597	5.74199685	5.920698295	5.882918238	6.033592148	5.718952831	5.919996253	5.785154751	5.410574306	5.685774553	5.899462409	5.647652897	5.927776569	5.648209088	5.653938025	5.894103417	5.700045354	5.342801377	6.046003198	5.755607477	5.834344275	6.343780013	5.552332868	5.669854137	5.79191622	5.976193452	5.808450882
3.027218043	3.508984622	3.046936263	3.055021165	3.243857575	3.482649779	3.202832626	3.69881978	3.323174796	3.190761109	3.441611123	3.603961719	3.524473353	3.380880587	3.115904719	3.292732218	3.454134484	3.123157898	2.969827704	3.533813337	3.41647852	3.042960079	3.757087234	3.276960608	3.013816276	3.56431228	3.592642799	3.449934104	3.150777544	3.210147351	3.692344289	3.066438435	3.464761848	3.447348177	3.260176771	3.185361463	3.323290557	3.337201272	3.406781284	3.270955451	3.34456975	3.976684462	3.236241604	2.991645875	3.45445392	3.433151876	3.616392505	3.31758135	3.770405349	3.130678552
3.164971252	2.921503913	3.157868442	2.966549236	3.069656568	3.215242068	2.628365323	3.115542813	2.843431232	2.745481547	2.712109781	2.397340121	2.515827178	2.84911536	3.381493689	2.468218154	2.766946798	2.751029898	2.877633251	2.917639374	2.654047957	2.970047886	2.490286027	2.971150797	2.598266025	2.437799574	3.094737748	2.239279787	2.377915489	2.969530198	3.238187612	3.592502438	2.707525218	2.148089165	2.969174358	3.192622039	2.711423926	2.806371729	2.428950263	3.623216383	3.697239574	2.577900017	2.669778543	3.323122253	2.451071181	3.528136899	2.212610271	3.971569676	2.764223391	3.481025794
6.035216269	5.967568201	5.956541034	5.697125388	5.59993626	5.729744201	5.348734256	5.874004478	5.684085577	4.991020711	5.393729718	5.583128015	5.636548643	5.95397044	5.52583759	5.590242589	5.533532729	5.912142084	6.259616182	5.985620103	5.584413803	5.641460692	5.605702147	6.121739993	5.995908824	5.71125007	5.52258689	5.292835938	5.47658793	5.50075419	5.866397119	6.152688377	5.475092472	5.500900631	5.930009129	5.882665035	5.658107577	5.69129028	5.410622481	5.767989598	5.791816835	5.246367448	5.629325252	5.731118286	5.685414667	6.332713155	5.882829298	5.997904472	5.86969896	5.647191642
5.878366621	5.599695264	5.883481577	6.028392644	5.869276649	5.941254629	5.62715763	5.658921053	5.746966865	5.691511428	5.76861964	5.527354971	5.639626527	5.860037002	5.58895943	5.872898037	5.616109777	5.501320373	5.4785402	5.648303749	5.787459565	5.851035269	5.933063865	5.996480495	5.608994568	5.822110085	5.795726762	5.889281608	5.617921622	5.807078038	5.535024118	5.656861604	5.67255598	5.435039703	5.746878469	5.574059174	5.774326341	5.439424338	5.856223019	5.673341434	5.487746618	5.668002994	5.606029938	5.730003564	5.575391703	5.714949285	5.621503245	6.094022013	5.72297	5.623934897
7.169640973	6.896318288	7.023612853	6.117300422	6.841583542	6.619738313	6.647498164	6.586850698	6.794237177	6.538887098	6.849071734	6.457925266	6.465975933	6.510847508	7.201125384	6.352286659	6.620606897	6.744987068	6.335447135	6.629865326	6.534436784	6.600191733	6.564639614	6.761904067	6.324379826	6.550860322	6.273685813	6.259074961	6.074544389	6.257171809	6.84173775	7.307010635	6.459130645	6.113064334	7.138382175	6.991067134	7.254883067	7.02181279	6.901684705	6.865296234	7.118687866	5.666799891	6.51758889	6.740187385	6.465623528	7.196431377	6.890327966	7.545313698	6.740944262	6.993106412
8.073678595	8.150320417	8.18784554	8.0664852	8.324937187	8.111306703	8.071863665	8.374954543	8.240947998	8.080255548	7.98877319	8.171404801	8.087397497	8.073342842	7.858010819	8.221173661	8.194281175	7.839816306	8.102405129	8.402153827	7.98539892	8.110779168	8.130178359	8.298874677	8.005006705	7.964797055	8.486896349	8.206111828	8.092739489	8.100357063	7.716926317	7.732424586	7.769877222	7.72824293	7.628940385	7.673709526	7.733151255	7.351815868	7.60153922	7.438154479	7.354215043	8.11512066	7.818184103	7.830090452	7.595033424	7.899405079	7.502963362	8.014596979	8.108152766	7.979233162
6.071007809	6.127274114	5.760067357	5.687731226	5.874551483	5.639137609	5.179640702	5.588376735	6.205392955	6.112267585	5.636993367	5.521862859	5.653569651	5.662248619	5.463109636	5.967555269	6.179386552	5.933280458	5.970367462	6.042945046	5.84076844	6.440347719	5.868299106	6.168801856	5.854558341	5.631996234	5.986617091	6.024244215	5.84542811	6.032627627	5.703195824	6.096238871	5.455867969	5.898770548	5.525238882	5.701783836	5.725052645	5.201271469	5.725038864	5.620392629	5.312347319	5.861028061	6.0149116	5.471679428	5.209683064	5.227493541	5.512808943	5.97014838	5.822939134	6.010411871
6.587165774	6.787443124	7.04849822	6.709694796	6.93150305	6.97506693	6.834339442	6.676644811	7.005573948	6.79983618	6.838803174	6.883860004	6.819330647	6.991044235	6.39625272	6.849385753	6.695794059	6.825260452	7.050372791	6.96802887	6.885563273	6.991825013	6.960827383	6.966091525	6.916985197	6.635410033	7.197353203	7.107751303	6.979195147	6.990376476	6.691435329	6.580903215	6.625630956	6.764267566	6.570006472	6.686781288	6.701078951	6.628491487	6.827681444	6.597407713	6.413016272	7.086165033	6.945959157	6.441101567	6.660694426	6.740076396	6.664995525	6.819048469	6.880197916	6.796884046
6.471329887	6.074619084	6.159993677	6.309195056	6.839626345	6.372867705	6.537027465	6.109584436	5.880009249	6.451182794	6.205372919	5.463112845	6.63965678	6.606073568	5.860131225	6.306580511	5.978100145	6.885066006	6.451630997	6.863363419	6.820788391	6.156192567	6.588984809	6.318392285	6.691636706	6.617836381	5.795959034	6.629020351	6.651214098	7.389937743	6.97479184	6.172529499	6.766631501	7.077001316	6.353919568	5.956154518	6.612701301	6.772017597	6.754848868	6.439567423	6.889476913	6.58996382	5.928649896	5.711111731	6.651386636	6.7922242	6.719162838	5.670927792	6.130527065	6.386535874
4.431663359	5.590513881	4.678788338	4.699109066	3.962176925	4.593438818	4.043690343	4.720350031	3.877155798	4.323052631	5.954805873	4.938759996	4.857466298	4.642909933	4.760114465	4.446466784	3.922707415	6.876682347	4.287948183	3.963134337	4.77585741	4.539235202	4.086564852	4.829809972	3.798634911	4.061706336	5.063082288	4.802891396	4.806764163	3.884980605	5.99586055	4.844737102	4.198898825	3.779038838	5.144912679	4.96711691	4.510075802	6.194340067	3.481419552	6.956590857	7.57347781	4.691725619	4.792155315	5.136809982	4.407623075	5.033743856	4.916967717	6.116201715	5.105190689	4.478085647
4.94239283	5.298593419	5.073376233	5.641189747	5.452860234	5.566660876	5.594508749	5.440899147	5.422684035	5.138639886	4.875926489	5.060172743	5.034838483	5.621782259	5.384674251	5.635066207	5.276170826	5.411830589	5.714203524	5.571690173	5.046439552	5.63194251	5.507460987	4.977735912	5.479759298	5.770805806	5.34246164	5.694478087	5.039855799	5.606667243	5.692269346	5.731498135	5.416518892	5.923346112	4.915487759	5.125986874	5.314125198	5.296742029	5.558965901	5.625128774	5.618220235	5.197734265	5.936238769	5.651690948	5.310128604	5.211439068	5.412877734	5.327877594	5.207441698	5.64095456
3.045284964	2.540185565	3.108353777	2.202493001	3.370429546	3.603355648	3.806697128	2.744487801	2.729791045	3.322222629	3.452073441	3.227607236	2.81065344	3.350874628	3.41719743	3.104653642	3.367412355	3.239910215	2.779650799	2.797838807	2.471588422	3.02231841	2.855882351	3.401550124	3.301405962	2.621590197	3.59939745	2.748256197	3.369358032	3.193634929	2.793677681	2.810283299	3.703187957	3.373243939	2.810366521	3.030287325	3.058410101	3.11232512	3.061459205	2.674229479	2.58403337	2.651965526	2.871266986	3.123719792	3.236118018	2.801137376	3.329070602	2.689798592	2.901199721	2.611563833
3.448707517	4.505234622	3.916883257	3.953868574	4.083102088	3.811554952	4.25444777	4.306208149	4.469180943	4.463763024	4.448331629	4.553362717	4.759677369	4.550187847	4.612310523	4.547215513	3.351115682	4.611015937	4.183869374	4.180745093	4.421113275	4.297255357	4.644471594	4.142938253	4.381512554	4.500517982	4.578879803	4.477039367	4.780542229	4.05875231	4.333420474	4.060956246	3.947346523	4.827585116	4.689822602	3.693388427	4.417365328	4.623896193	3.719379541	3.708284512	3.677269548	5.295566209	4.507391353	4.154447224	4.549734603	4.18113256	4.373241575	4.196703052	4.861926017	4.444395163
4.183689823	3.660259899	3.741733442	4.397134049	3.477785556	3.373611545	4.334087323	3.472512252	3.779856032	3.485873513	3.449395953	4.014217193	3.676186172	4.180847056	3.79821196	4.070536588	4.172802534	3.688868499	3.883781406	3.612916727	4.009518782	4.053088971	4.051323942	4.001460779	3.933790855	4.503480496	4.082951592	4.075476177	4.501276641	3.827630422	3.945998614	4.183671909	3.700236862	4.07321617	3.485985471	3.969244922	3.509478131	3.684909091	4.017965188	4.137825765	4.232810816	3.653096837	3.923750645	3.845190921	3.801382775	3.548760601	3.645209376	3.887446749	4.22796067	3.927218248
6.333590697	6.602621873	6.924120802	6.354797172	6.462518401	6.767367643	6.897515241	6.548923948	6.733673435	6.367499781	6.416507266	6.787229138	5.87399644	6.193029837	7.223981477	6.004639818	6.497551049	6.564386199	6.585113997	6.295487445	6.288088996	6.39623536	6.450502935	6.744434808	6.018100518	6.57322965	6.005264812	6.371728453	6.084087377	6.270584608	6.469410365	7.273802034	6.300490639	6.395699636	7.260426936	6.819435737	7.152167095	6.943892666	7.036503485	6.870222375	7.165479469	6.16011715	6.493525781	7.01154873	6.725919393	7.244677207	6.955706786	7.17037819	6.630197608	6.834660507
6.056358887	6.242585048	5.932521848	6.226270288	6.02791467	6.045251033	6.210671767	6.066620136	6.216714947	6.199443854	6.173161404	6.170319159	5.96256919	6.00872206	6.291252101	5.907341724	5.984955176	6.135884587	6.09598379	5.723366703	5.920609798	5.766139054	6.406641629	5.794696423	6.165170568	6.310267194	5.970152928	6.016329717	6.182629152	6.149636659	6.119014747	5.759373211	6.189337528	6.313773424	5.939065861	6.047382608	6.016600605	5.922417528	5.802092891	6.030753409	6.033775309	5.91696431	6.151188133	6.274614938	6.265655346	6.043189105	5.796224481	5.676800661	5.847374715	5.879711512
5.183875576	4.242435269	4.859933351	4.786736887	4.811279368	5.122178314	4.459463835	5.270931991	5.211009734	5.2188852	5.092498752	5.382449827	4.959982082	5.290757559	5.323830364	4.776574727	5.097093353	5.065153278	5.437173084	4.875493331	4.736786146	5.140563227	5.231486587	5.125908059	4.95972074	4.689446947	5.580895891	5.094622462	4.631631511	5.170104017	5.173826799	5.065003218	4.882667837	4.818625933	4.386704383	4.735313675	5.394912457	4.506157512	5.227019594	4.570381376	4.908045552	5.289140153	4.746640677	4.81688197	4.935594833	4.838200755	5.127116262	5.350520721	5.022875789	5.364202891
2.385039754	2.627945276	2.747048035	2.171104443	2.634905782	2.600688028	2.670542332	2.632153889	2.43682592	2.149319018	2.636184301	2.439648997	2.589698494	2.578763997	2.692401362	2.276712918	2.279063722	2.403979141	2.429077134	2.548832043	2.223674878	2.728050977	2.702157587	2.398102372	2.476691164	2.281478287	2.053514851	2.688057767	2.453279622	2.360763622	2.527991625	2.445471891	2.562649072	2.564382238	2.557965787	2.618637516	2.450838463	2.256183632	2.401227126	2.411464231	2.263755742	2.149720944	2.239155784	2.486248958	2.944502537	2.089861864	2.358968748	2.457376696	2.281124995	2.237529762
4.77376714	4.226975702	4.848924771	3.628759012	4.286979029	4.803502278	4.619364011	4.30388333	4.433625572	4.191700745	4.461720649	4.545532691	4.592581847	4.903493407	5.113315906	4.418375116	4.482284052	4.53726784	4.090609622	4.211127825	4.471230737	4.283675652	4.885976023	4.712856797	4.425457965	4.790590269	3.525298306	4.052643699	3.982532554	4.174148813	5.472395182	5.642438746	4.532106532	4.66944649	5.749699198	5.118227283	5.410681074	5.602559735	5.331291512	5.394810833	5.825989669	3.547957013	4.218773431	5.079622439	4.808223707	5.49897702	5.41547085	5.622345287	4.052779092	4.928412488
7.306112294	6.751005425	7.151976022	7.268470917	7.242212371	6.882035034	6.995423041	7.371625608	7.164283465	7.003970089	7.095937504	7.004872052	7.240957409	6.959153927	6.623119868	6.859169532	7.374667947	6.945536634	7.157572077	7.343110986	6.884636177	7.460103895	6.84136522	7.346664922	7.080103256	6.807429626	7.577400288	6.942600919	6.794448545	7.16148226	6.897115977	7.355930898	6.871060634	6.488945551	7.076012163	6.880106232	6.727588788	6.845639552	6.766624969	6.776168066	6.747123553	7.181950446	7.270181297	6.843688624	6.634470754	6.97102317	6.683871487	7.23466776	7.173141287	7.198418412
5.549869131	5.30608486	5.629353004	6.20237196	5.46740014	5.099380322	5.38564451	5.575259897	5.570428071	5.49880504	5.404590246	5.381511214	5.549050758	5.470638321	4.964295422	5.326481935	5.534541605	5.210400682	5.510599309	5.445082889	5.017440876	5.496083016	5.361076845	5.374204031	5.558587034	5.863651281	5.695132486	5.673867938	5.451123004	5.768077312	5.027639945	5.113206655	5.766157319	5.223139505	5.66082119	5.570083764	5.568648797	5.161315699	5.070926333	5.077004816	5.303249477	5.755211753	5.563111668	4.71885645	5.34280576	5.376393108	5.451558269	5.122347609	5.520910183	5.34152347
7.723884086	7.409030613	7.45019831	7.351934586	7.274837949	7.126213198	7.368718696	7.30919077	7.465971934	7.552073907	7.409611054	7.387329563	7.297319435	7.489322604	6.927842888	7.427593082	7.878322249	7.363647678	7.479188117	7.420437654	7.39926668	7.79440022	7.230266689	7.539349182	7.397919714	7.17695447	7.848147583	7.260856142	7.532503403	7.695918169	7.092067642	7.547869147	7.186390211	7.042617255	7.128140744	6.981527845	7.069020101	6.949794724	7.164428039	7.211119474	6.861437789	7.558991769	7.751922559	6.843876064	7.107081492	7.11153769	6.800494948	7.196620094	7.58662354	7.376966107
5.670842351	6.285813267	6.142934637	5.980270472	6.075642448	5.948360776	5.832768201	5.877521124	6.125516095	5.716649349	5.404456179	6.217972859	5.434889262	5.921820625	5.732494724	5.401255767	5.745875166	5.772907862	5.848938068	6.016372714	5.815444505	6.321045801	5.47207748	6.167716717	5.69797334	5.66421884	6.070798675	5.999615129	5.330508001	5.889505365	5.263948161	5.945308194	5.907781207	5.337599174	5.551301032	5.929159828	5.550575238	5.768831741	5.338340774	5.174106444	5.690607054	5.606402877	5.695463858	5.532618916	5.680589597	6.092934878	5.269217849	5.743330399	5.513286912	6.085346923
5.968049385	6.106679834	5.902471123	5.860688594	5.940130442	6.116874027	5.83139137	6.174668548	6.172765312	6.139134197	5.974143131	6.050789685	6.001621605	6.265527134	5.790574488	6.233589841	5.933455862	6.504161284	5.97876288	6.246676012	6.066169063	6.224176327	6.135187048	6.301775639	6.045371242	6.388355285	5.921212808	6.09855517	6.095378836	5.974320412	5.928200932	5.926599451	6.285077029	6.183229321	6.048939788	6.088383896	6.064137962	6.139084118	6.196921959	6.262043902	6.040609954	6.191121457	5.984310453	6.273802041	6.211997573	6.300035588	6.25609502	6.184726173	6.270980405	6.010490026
3.853469895	3.912393818	3.802844398	4.27239745	3.495036152	3.935512986	2.693873619	4.159857357	3.799715378	3.358716053	3.567696671	3.795231359	3.274518881	3.46037477	3.467206847	3.738549668	3.741526218	3.363852162	3.241717178	3.815276748	3.564891901	2.899810678	3.762906445	3.52556698	3.462354218	3.704680289	3.929381086	3.695048518	3.555242613	3.336609695	3.311381033	3.340974054	3.981918205	4.024939065	3.072385968	3.631928395	3.272417886	4.273812517	3.67371893	3.469868961	4.298051606	3.915222104	3.899290205	4.02904702	3.760620548	3.207275772	3.84367884	2.892029276	2.472030702	3.435283553
10.23087095	10.26425261	10.37267557	10.6113871	10.17079727	10.15598683	9.907909306	10.33523203	10.11561553	10.55239574	10.24201036	10.36377931	10.02636687	10.45261816	9.874607418	10.33039895	10.36238902	10.17037585	10.58699105	10.64661597	10.28247456	10.65068255	10.23811427	10.57670967	10.34985416	10.32079915	10.90485186	10.37319365	10.25755972	10.46786354	9.821671449	10.31164482	10.20250238	9.767163584	9.940428639	10.08186317	10.03400051	10.1232668	10.09145702	9.964797674	9.976106915	10.46439651	10.36238902	10.16163898	10.03028678	10.1549138	9.961454011	10.34743446	10.27057947	10.2229877
5.473191104	5.561716135	5.26824652	5.299334253	5.353291055	5.264595973	6.238164002	5.90058279	5.640394664	5.348136707	5.110033814	4.78650375	5.048063217	4.974694674	5.336777883	5.032025267	5.42852551	4.973435476	5.475323781	5.460514004	5.593145218	5.408143384	5.523570665	5.90620572	5.328943496	5.090231464	5.583900944	4.955833725	5.000512944	5.401537344	5.285436058	4.769339622	5.404748483	4.980941919	5.72610113	5.202536254	5.371972275	5.182792478	5.482214438	5.517773339	5.850683335	4.610082863	5.041209527	4.826170167	5.054805482	4.868427032	5.21596985	5.073420002	4.516241613	5.254448569
5.082305166	4.749892562	4.828952614	4.685208691	4.813397323	4.218140433	4.648915695	4.563233724	4.707917383	4.46032629	4.529991463	4.160083334	4.225457957	5.201798538	5.334711962	4.30092039	4.606596065	4.893276423	4.910955422	5.07705561	4.71865451	5.213414049	5.328598311	4.935799046	5.255224666	4.267152671	5.140030799	5.039100598	4.322469791	4.515554924	4.765796285	5.161171146	4.903209341	6.145964788	5.484587559	5.411538469	4.935023261	4.437708629	5.975630775	4.762852026	4.606577619	4.540919693	4.662410472	4.370787392	5.403218547	5.089352728	5.127116262	4.678019384	4.065289033	4.726923335
