lower_interval	upper_interval	frequency	accumulative_frequency
-1.000	-0.999	0	0
-0.999	-0.998	0	0
-0.998	-0.997	0	0
-0.997	-0.996	0	0
-0.996	-0.995	0	0
-0.995	-0.994	0	0
-0.994	-0.993	0	0
-0.993	-0.992	0	0
-0.992	-0.991	0	0
-0.991	-0.990	0	0
-0.990	-0.989	0	0
-0.989	-0.988	0	0
-0.988	-0.987	0	0
-0.987	-0.986	0	0
-0.986	-0.985	0	0
-0.985	-0.984	0	0
-0.984	-0.983	0	0
-0.983	-0.982	0	0
-0.982	-0.981	0	0
-0.981	-0.980	0	0
-0.980	-0.979	0	0
-0.979	-0.978	0	0
-0.978	-0.977	0	0
-0.977	-0.976	0	0
-0.976	-0.975	0	0
-0.975	-0.974	0	0
-0.974	-0.973	0	0
-0.973	-0.972	0	0
-0.972	-0.971	0	0
-0.971	-0.970	0	0
-0.970	-0.969	0	0
-0.969	-0.968	0	0
-0.968	-0.967	0	0
-0.967	-0.966	0	0
-0.966	-0.965	0	0
-0.965	-0.964	0	0
-0.964	-0.963	0	0
-0.963	-0.962	0	0
-0.962	-0.961	0	0
-0.961	-0.960	0	0
-0.960	-0.959	0	0
-0.959	-0.958	0	0
-0.958	-0.957	0	0
-0.957	-0.956	0	0
-0.956	-0.955	0	0
-0.955	-0.954	0	0
-0.954	-0.953	0	0
-0.953	-0.952	0	0
-0.952	-0.951	0	0
-0.951	-0.950	0	0
-0.950	-0.949	0	0
-0.949	-0.948	0	0
-0.948	-0.947	0	0
-0.947	-0.946	0	0
-0.946	-0.945	0	0
-0.945	-0.944	0	0
-0.944	-0.943	0	0
-0.943	-0.942	0	0
-0.942	-0.941	0	0
-0.941	-0.940	0	0
-0.940	-0.939	0	0
-0.939	-0.938	0	0
-0.938	-0.937	0	0
-0.937	-0.936	0	0
-0.936	-0.935	0	0
-0.935	-0.934	0	0
-0.934	-0.933	0	0
-0.933	-0.932	0	0
-0.932	-0.931	0	0
-0.931	-0.930	0	0
-0.930	-0.929	0	0
-0.929	-0.928	0	0
-0.928	-0.927	0	0
-0.927	-0.926	0	0
-0.926	-0.925	0	0
-0.925	-0.924	0	0
-0.924	-0.923	0	0
-0.923	-0.922	0	0
-0.922	-0.921	0	0
-0.921	-0.920	0	0
-0.920	-0.919	0	0
-0.919	-0.918	0	0
-0.918	-0.917	0	0
-0.917	-0.916	0	0
-0.916	-0.915	0	0
-0.915	-0.914	0	0
-0.914	-0.913	0	0
-0.913	-0.912	0	0
-0.912	-0.911	0	0
-0.911	-0.910	0	0
-0.910	-0.909	0	0
-0.909	-0.908	0	0
-0.908	-0.907	0	0
-0.907	-0.906	0	0
-0.906	-0.905	0	0
-0.905	-0.904	0	0
-0.904	-0.903	0	0
-0.903	-0.902	0	0
-0.902	-0.901	0	0
-0.901	-0.900	0	0
-0.900	-0.899	0	0
-0.899	-0.898	0	0
-0.898	-0.897	0	0
-0.897	-0.896	0	0
-0.896	-0.895	0	0
-0.895	-0.894	0	0
-0.894	-0.893	0	0
-0.893	-0.892	0	0
-0.892	-0.891	0	0
-0.891	-0.890	0	0
-0.890	-0.889	0	0
-0.889	-0.888	0	0
-0.888	-0.887	0	0
-0.887	-0.886	0	0
-0.886	-0.885	0	0
-0.885	-0.884	0	0
-0.884	-0.883	0	0
-0.883	-0.882	0	0
-0.882	-0.881	0	0
-0.881	-0.880	0	0
-0.880	-0.879	0	0
-0.879	-0.878	0	0
-0.878	-0.877	0	0
-0.877	-0.876	0	0
-0.876	-0.875	0	0
-0.875	-0.874	0	0
-0.874	-0.873	0	0
-0.873	-0.872	0	0
-0.872	-0.871	0	0
-0.871	-0.870	0	0
-0.870	-0.869	0	0
-0.869	-0.868	0	0
-0.868	-0.867	0	0
-0.867	-0.866	0	0
-0.866	-0.865	0	0
-0.865	-0.864	0	0
-0.864	-0.863	0	0
-0.863	-0.862	0	0
-0.862	-0.861	0	0
-0.861	-0.860	0	0
-0.860	-0.859	0	0
-0.859	-0.858	0	0
-0.858	-0.857	0	0
-0.857	-0.856	0	0
-0.856	-0.855	0	0
-0.855	-0.854	0	0
-0.854	-0.853	0	0
-0.853	-0.852	0	0
-0.852	-0.851	0	0
-0.851	-0.850	0	0
-0.850	-0.849	0	0
-0.849	-0.848	0	0
-0.848	-0.847	0	0
-0.847	-0.846	0	0
-0.846	-0.845	0	0
-0.845	-0.844	0	0
-0.844	-0.843	0	0
-0.843	-0.842	0	0
-0.842	-0.841	0	0
-0.841	-0.840	0	0
-0.840	-0.839	0	0
-0.839	-0.838	0	0
-0.838	-0.837	0	0
-0.837	-0.836	0	0
-0.836	-0.835	0	0
-0.835	-0.834	0	0
-0.834	-0.833	0	0
-0.833	-0.832	0	0
-0.832	-0.831	0	0
-0.831	-0.830	0	0
-0.830	-0.829	0	0
-0.829	-0.828	0	0
-0.828	-0.827	0	0
-0.827	-0.826	0	0
-0.826	-0.825	0	0
-0.825	-0.824	0	0
-0.824	-0.823	0	0
-0.823	-0.822	0	0
-0.822	-0.821	0	0
-0.821	-0.820	0	0
-0.820	-0.819	0	0
-0.819	-0.818	0	0
-0.818	-0.817	0	0
-0.817	-0.816	0	0
-0.816	-0.815	0	0
-0.815	-0.814	0	0
-0.814	-0.813	0	0
-0.813	-0.812	0	0
-0.812	-0.811	0	0
-0.811	-0.810	0	0
-0.810	-0.809	0	0
-0.809	-0.808	0	0
-0.808	-0.807	0	0
-0.807	-0.806	0	0
-0.806	-0.805	0	0
-0.805	-0.804	0	0
-0.804	-0.803	0	0
-0.803	-0.802	0	0
-0.802	-0.801	0	0
-0.801	-0.800	0	0
-0.800	-0.799	0	0
-0.799	-0.798	0	0
-0.798	-0.797	0	0
-0.797	-0.796	0	0
-0.796	-0.795	0	0
-0.795	-0.794	0	0
-0.794	-0.793	0	0
-0.793	-0.792	0	0
-0.792	-0.791	0	0
-0.791	-0.790	0	0
-0.790	-0.789	0	0
-0.789	-0.788	0	0
-0.788	-0.787	0	0
-0.787	-0.786	0	0
-0.786	-0.785	0	0
-0.785	-0.784	0	0
-0.784	-0.783	0	0
-0.783	-0.782	0	0
-0.782	-0.781	0	0
-0.781	-0.780	0	0
-0.780	-0.779	0	0
-0.779	-0.778	0	0
-0.778	-0.777	0	0
-0.777	-0.776	0	0
-0.776	-0.775	0	0
-0.775	-0.774	0	0
-0.774	-0.773	0	0
-0.773	-0.772	0	0
-0.772	-0.771	0	0
-0.771	-0.770	0	0
-0.770	-0.769	0	0
-0.769	-0.768	0	0
-0.768	-0.767	0	0
-0.767	-0.766	0	0
-0.766	-0.765	0	0
-0.765	-0.764	0	0
-0.764	-0.763	0	0
-0.763	-0.762	0	0
-0.762	-0.761	0	0
-0.761	-0.760	0	0
-0.760	-0.759	0	0
-0.759	-0.758	0	0
-0.758	-0.757	0	0
-0.757	-0.756	1	1
-0.756	-0.755	0	1
-0.755	-0.754	0	1
-0.754	-0.753	0	1
-0.753	-0.752	0	1
-0.752	-0.751	0	1
-0.751	-0.750	0	1
-0.750	-0.749	0	1
-0.749	-0.748	0	1
-0.748	-0.747	0	1
-0.747	-0.746	0	1
-0.746	-0.745	0	1
-0.745	-0.744	0	1
-0.744	-0.743	0	1
-0.743	-0.742	0	1
-0.742	-0.741	0	1
-0.741	-0.740	0	1
-0.740	-0.739	0	1
-0.739	-0.738	0	1
-0.738	-0.737	0	1
-0.737	-0.736	0	1
-0.736	-0.735	0	1
-0.735	-0.734	0	1
-0.734	-0.733	0	1
-0.733	-0.732	0	1
-0.732	-0.731	0	1
-0.731	-0.730	0	1
-0.730	-0.729	0	1
-0.729	-0.728	0	1
-0.728	-0.727	0	1
-0.727	-0.726	0	1
-0.726	-0.725	0	1
-0.725	-0.724	0	1
-0.724	-0.723	0	1
-0.723	-0.722	0	1
-0.722	-0.721	0	1
-0.721	-0.720	1	2
-0.720	-0.719	0	2
-0.719	-0.718	0	2
-0.718	-0.717	0	2
-0.717	-0.716	0	2
-0.716	-0.715	0	2
-0.715	-0.714	0	2
-0.714	-0.713	0	2
-0.713	-0.712	0	2
-0.712	-0.711	0	2
-0.711	-0.710	0	2
-0.710	-0.709	0	2
-0.709	-0.708	0	2
-0.708	-0.707	0	2
-0.707	-0.706	0	2
-0.706	-0.705	0	2
-0.705	-0.704	0	2
-0.704	-0.703	0	2
-0.703	-0.702	0	2
-0.702	-0.701	0	2
-0.701	-0.700	0	2
-0.700	-0.699	0	2
-0.699	-0.698	0	2
-0.698	-0.697	0	2
-0.697	-0.696	0	2
-0.696	-0.695	0	2
-0.695	-0.694	0	2
-0.694	-0.693	0	2
-0.693	-0.692	0	2
-0.692	-0.691	0	2
-0.691	-0.690	0	2
-0.690	-0.689	0	2
-0.689	-0.688	0	2
-0.688	-0.687	0	2
-0.687	-0.686	0	2
-0.686	-0.685	0	2
-0.685	-0.684	0	2
-0.684	-0.683	0	2
-0.683	-0.682	0	2
-0.682	-0.681	0	2
-0.681	-0.680	0	2
-0.680	-0.679	0	2
-0.679	-0.678	0	2
-0.678	-0.677	0	2
-0.677	-0.676	0	2
-0.676	-0.675	0	2
-0.675	-0.674	0	2
-0.674	-0.673	0	2
-0.673	-0.672	0	2
-0.672	-0.671	0	2
-0.671	-0.670	0	2
-0.670	-0.669	1	3
-0.669	-0.668	0	3
-0.668	-0.667	0	3
-0.667	-0.666	1	4
-0.666	-0.665	0	4
-0.665	-0.664	0	4
-0.664	-0.663	0	4
-0.663	-0.662	0	4
-0.662	-0.661	0	4
-0.661	-0.660	0	4
-0.660	-0.659	0	4
-0.659	-0.658	0	4
-0.658	-0.657	0	4
-0.657	-0.656	0	4
-0.656	-0.655	1	5
-0.655	-0.654	0	5
-0.654	-0.653	0	5
-0.653	-0.652	0	5
-0.652	-0.651	0	5
-0.651	-0.650	0	5
-0.650	-0.649	0	5
-0.649	-0.648	0	5
-0.648	-0.647	1	6
-0.647	-0.646	0	6
-0.646	-0.645	0	6
-0.645	-0.644	0	6
-0.644	-0.643	0	6
-0.643	-0.642	1	7
-0.642	-0.641	0	7
-0.641	-0.640	0	7
-0.640	-0.639	0	7
-0.639	-0.638	0	7
-0.638	-0.637	0	7
-0.637	-0.636	0	7
-0.636	-0.635	0	7
-0.635	-0.634	1	8
-0.634	-0.633	0	8
-0.633	-0.632	0	8
-0.632	-0.631	0	8
-0.631	-0.630	0	8
-0.630	-0.629	0	8
-0.629	-0.628	0	8
-0.628	-0.627	0	8
-0.627	-0.626	1	9
-0.626	-0.625	1	10
-0.625	-0.624	0	10
-0.624	-0.623	0	10
-0.623	-0.622	0	10
-0.622	-0.621	0	10
-0.621	-0.620	1	11
-0.620	-0.619	0	11
-0.619	-0.618	0	11
-0.618	-0.617	0	11
-0.617	-0.616	0	11
-0.616	-0.615	0	11
-0.615	-0.614	1	12
-0.614	-0.613	0	12
-0.613	-0.612	0	12
-0.612	-0.611	0	12
-0.611	-0.610	0	12
-0.610	-0.609	0	12
-0.609	-0.608	0	12
-0.608	-0.607	0	12
-0.607	-0.606	0	12
-0.606	-0.605	0	12
-0.605	-0.604	0	12
-0.604	-0.603	0	12
-0.603	-0.602	0	12
-0.602	-0.601	0	12
-0.601	-0.600	0	12
-0.600	-0.599	0	12
-0.599	-0.598	0	12
-0.598	-0.597	0	12
-0.597	-0.596	0	12
-0.596	-0.595	0	12
-0.595	-0.594	0	12
-0.594	-0.593	0	12
-0.593	-0.592	2	14
-0.592	-0.591	1	15
-0.591	-0.590	0	15
-0.590	-0.589	0	15
-0.589	-0.588	1	16
-0.588	-0.587	0	16
-0.587	-0.586	1	17
-0.586	-0.585	1	18
-0.585	-0.584	0	18
-0.584	-0.583	0	18
-0.583	-0.582	0	18
-0.582	-0.581	0	18
-0.581	-0.580	0	18
-0.580	-0.579	0	18
-0.579	-0.578	1	19
-0.578	-0.577	0	19
-0.577	-0.576	0	19
-0.576	-0.575	0	19
-0.575	-0.574	0	19
-0.574	-0.573	0	19
-0.573	-0.572	0	19
-0.572	-0.571	0	19
-0.571	-0.570	0	19
-0.570	-0.569	0	19
-0.569	-0.568	0	19
-0.568	-0.567	0	19
-0.567	-0.566	0	19
-0.566	-0.565	0	19
-0.565	-0.564	0	19
-0.564	-0.563	0	19
-0.563	-0.562	0	19
-0.562	-0.561	0	19
-0.561	-0.560	0	19
-0.560	-0.559	0	19
-0.559	-0.558	1	20
-0.558	-0.557	0	20
-0.557	-0.556	0	20
-0.556	-0.555	0	20
-0.555	-0.554	1	21
-0.554	-0.553	0	21
-0.553	-0.552	0	21
-0.552	-0.551	0	21
-0.551	-0.550	1	22
-0.550	-0.549	0	22
-0.549	-0.548	0	22
-0.548	-0.547	0	22
-0.547	-0.546	0	22
-0.546	-0.545	0	22
-0.545	-0.544	0	22
-0.544	-0.543	0	22
-0.543	-0.542	0	22
-0.542	-0.541	0	22
-0.541	-0.540	0	22
-0.540	-0.539	1	23
-0.539	-0.538	0	23
-0.538	-0.537	0	23
-0.537	-0.536	0	23
-0.536	-0.535	0	23
-0.535	-0.534	0	23
-0.534	-0.533	0	23
-0.533	-0.532	0	23
-0.532	-0.531	0	23
-0.531	-0.530	0	23
-0.530	-0.529	0	23
-0.529	-0.528	0	23
-0.528	-0.527	0	23
-0.527	-0.526	0	23
-0.526	-0.525	2	25
-0.525	-0.524	0	25
-0.524	-0.523	0	25
-0.523	-0.522	0	25
-0.522	-0.521	1	26
-0.521	-0.520	0	26
-0.520	-0.519	0	26
-0.519	-0.518	0	26
-0.518	-0.517	0	26
-0.517	-0.516	0	26
-0.516	-0.515	1	27
-0.515	-0.514	0	27
-0.514	-0.513	0	27
-0.513	-0.512	0	27
-0.512	-0.511	1	28
-0.511	-0.510	2	30
-0.510	-0.509	0	30
-0.509	-0.508	0	30
-0.508	-0.507	0	30
-0.507	-0.506	1	31
-0.506	-0.505	1	32
-0.505	-0.504	0	32
-0.504	-0.503	0	32
-0.503	-0.502	1	33
-0.502	-0.501	0	33
-0.501	-0.500	0	33
-0.500	-0.499	0	33
-0.499	-0.498	0	33
-0.498	-0.497	1	34
-0.497	-0.496	0	34
-0.496	-0.495	0	34
-0.495	-0.494	0	34
-0.494	-0.493	0	34
-0.493	-0.492	0	34
-0.492	-0.491	1	35
-0.491	-0.490	1	36
-0.490	-0.489	1	37
-0.489	-0.488	1	38
-0.488	-0.487	0	38
-0.487	-0.486	0	38
-0.486	-0.485	0	38
-0.485	-0.484	0	38
-0.484	-0.483	0	38
-0.483	-0.482	0	38
-0.482	-0.481	0	38
-0.481	-0.480	0	38
-0.480	-0.479	0	38
-0.479	-0.478	0	38
-0.478	-0.477	0	38
-0.477	-0.476	0	38
-0.476	-0.475	0	38
-0.475	-0.474	0	38
-0.474	-0.473	2	40
-0.473	-0.472	0	40
-0.472	-0.471	0	40
-0.471	-0.470	0	40
-0.470	-0.469	0	40
-0.469	-0.468	0	40
-0.468	-0.467	0	40
-0.467	-0.466	1	41
-0.466	-0.465	1	42
-0.465	-0.464	0	42
-0.464	-0.463	0	42
-0.463	-0.462	0	42
-0.462	-0.461	0	42
-0.461	-0.460	0	42
-0.460	-0.459	2	44
-0.459	-0.458	1	45
-0.458	-0.457	0	45
-0.457	-0.456	1	46
-0.456	-0.455	0	46
-0.455	-0.454	0	46
-0.454	-0.453	0	46
-0.453	-0.452	1	47
-0.452	-0.451	0	47
-0.451	-0.450	1	48
-0.450	-0.449	2	50
-0.449	-0.448	1	51
-0.448	-0.447	1	52
-0.447	-0.446	0	52
-0.446	-0.445	0	52
-0.445	-0.444	0	52
-0.444	-0.443	0	52
-0.443	-0.442	1	53
-0.442	-0.441	0	53
-0.441	-0.440	0	53
-0.440	-0.439	1	54
-0.439	-0.438	0	54
-0.438	-0.437	0	54
-0.437	-0.436	0	54
-0.436	-0.435	0	54
-0.435	-0.434	1	55
-0.434	-0.433	0	55
-0.433	-0.432	0	55
-0.432	-0.431	1	56
-0.431	-0.430	2	58
-0.430	-0.429	0	58
-0.429	-0.428	2	60
-0.428	-0.427	2	62
-0.427	-0.426	0	62
-0.426	-0.425	0	62
-0.425	-0.424	0	62
-0.424	-0.423	1	63
-0.423	-0.422	1	64
-0.422	-0.421	1	65
-0.421	-0.420	1	66
-0.420	-0.419	0	66
-0.419	-0.418	1	67
-0.418	-0.417	1	68
-0.417	-0.416	1	69
-0.416	-0.415	2	71
-0.415	-0.414	0	71
-0.414	-0.413	0	71
-0.413	-0.412	0	71
-0.412	-0.411	3	74
-0.411	-0.410	1	75
-0.410	-0.409	1	76
-0.409	-0.408	0	76
-0.408	-0.407	2	78
-0.407	-0.406	1	79
-0.406	-0.405	1	80
-0.405	-0.404	1	81
-0.404	-0.403	2	83
-0.403	-0.402	2	85
-0.402	-0.401	0	85
-0.401	-0.400	0	85
-0.400	-0.399	0	85
-0.399	-0.398	0	85
-0.398	-0.397	3	88
-0.397	-0.396	0	88
-0.396	-0.395	1	89
-0.395	-0.394	2	91
-0.394	-0.393	0	91
-0.393	-0.392	1	92
-0.392	-0.391	0	92
-0.391	-0.390	1	93
-0.390	-0.389	1	94
-0.389	-0.388	2	96
-0.388	-0.387	1	97
-0.387	-0.386	1	98
-0.386	-0.385	3	101
-0.385	-0.384	2	103
-0.384	-0.383	2	105
-0.383	-0.382	0	105
-0.382	-0.381	1	106
-0.381	-0.380	0	106
-0.380	-0.379	3	109
-0.379	-0.378	0	109
-0.378	-0.377	1	110
-0.377	-0.376	0	110
-0.376	-0.375	3	113
-0.375	-0.374	2	115
-0.374	-0.373	3	118
-0.373	-0.372	0	118
-0.372	-0.371	1	119
-0.371	-0.370	2	121
-0.370	-0.369	1	122
-0.369	-0.368	0	122
-0.368	-0.367	2	124
-0.367	-0.366	3	127
-0.366	-0.365	1	128
-0.365	-0.364	3	131
-0.364	-0.363	0	131
-0.363	-0.362	3	134
-0.362	-0.361	1	135
-0.361	-0.360	0	135
-0.360	-0.359	0	135
-0.359	-0.358	0	135
-0.358	-0.357	0	135
-0.357	-0.356	3	138
-0.356	-0.355	4	142
-0.355	-0.354	3	145
-0.354	-0.353	2	147
-0.353	-0.352	1	148
-0.352	-0.351	1	149
-0.351	-0.350	1	150
-0.350	-0.349	0	150
-0.349	-0.348	0	150
-0.348	-0.347	0	150
-0.347	-0.346	1	151
-0.346	-0.345	0	151
-0.345	-0.344	1	152
-0.344	-0.343	0	152
-0.343	-0.342	1	153
-0.342	-0.341	2	155
-0.341	-0.340	1	156
-0.340	-0.339	2	158
-0.339	-0.338	2	160
-0.338	-0.337	2	162
-0.337	-0.336	4	166
-0.336	-0.335	4	170
-0.335	-0.334	1	171
-0.334	-0.333	1	172
-0.333	-0.332	1	173
-0.332	-0.331	1	174
-0.331	-0.330	0	174
-0.330	-0.329	4	178
-0.329	-0.328	1	179
-0.328	-0.327	4	183
-0.327	-0.326	5	188
-0.326	-0.325	3	191
-0.325	-0.324	2	193
-0.324	-0.323	0	193
-0.323	-0.322	2	195
-0.322	-0.321	0	195
-0.321	-0.320	1	196
-0.320	-0.319	0	196
-0.319	-0.318	1	197
-0.318	-0.317	4	201
-0.317	-0.316	3	204
-0.316	-0.315	3	207
-0.315	-0.314	2	209
-0.314	-0.313	2	211
-0.313	-0.312	0	211
-0.312	-0.311	2	213
-0.311	-0.310	1	214
-0.310	-0.309	1	215
-0.309	-0.308	3	218
-0.308	-0.307	3	221
-0.307	-0.306	2	223
-0.306	-0.305	0	223
-0.305	-0.304	1	224
-0.304	-0.303	3	227
-0.303	-0.302	2	229
-0.302	-0.301	2	231
-0.301	-0.300	3	234
-0.300	-0.299	2	236
-0.299	-0.298	3	239
-0.298	-0.297	4	243
-0.297	-0.296	1	244
-0.296	-0.295	4	248
-0.295	-0.294	7	255
-0.294	-0.293	0	255
-0.293	-0.292	4	259
-0.292	-0.291	7	266
-0.291	-0.290	1	267
-0.290	-0.289	4	271
-0.289	-0.288	3	274
-0.288	-0.287	3	277
-0.287	-0.286	2	279
-0.286	-0.285	5	284
-0.285	-0.284	1	285
-0.284	-0.283	7	292
-0.283	-0.282	1	293
-0.282	-0.281	3	296
-0.281	-0.280	1	297
-0.280	-0.279	3	300
-0.279	-0.278	0	300
-0.278	-0.277	1	301
-0.277	-0.276	5	306
-0.276	-0.275	6	312
-0.275	-0.274	4	316
-0.274	-0.273	2	318
-0.273	-0.272	4	322
-0.272	-0.271	5	327
-0.271	-0.270	7	334
-0.270	-0.269	3	337
-0.269	-0.268	2	339
-0.268	-0.267	2	341
-0.267	-0.266	3	344
-0.266	-0.265	3	347
-0.265	-0.264	1	348
-0.264	-0.263	4	352
-0.263	-0.262	2	354
-0.262	-0.261	2	356
-0.261	-0.260	5	361
-0.260	-0.259	4	365
-0.259	-0.258	2	367
-0.258	-0.257	5	372
-0.257	-0.256	2	374
-0.256	-0.255	3	377
-0.255	-0.254	6	383
-0.254	-0.253	3	386
-0.253	-0.252	4	390
-0.252	-0.251	7	397
-0.251	-0.250	2	399
-0.250	-0.249	1	400
-0.249	-0.248	2	402
-0.248	-0.247	7	409
-0.247	-0.246	3	412
-0.246	-0.245	5	417
-0.245	-0.244	4	421
-0.244	-0.243	2	423
-0.243	-0.242	5	428
-0.242	-0.241	2	430
-0.241	-0.240	6	436
-0.240	-0.239	3	439
-0.239	-0.238	4	443
-0.238	-0.237	3	446
-0.237	-0.236	7	453
-0.236	-0.235	3	456
-0.235	-0.234	7	463
-0.234	-0.233	6	469
-0.233	-0.232	3	472
-0.232	-0.231	1	473
-0.231	-0.230	4	477
-0.230	-0.229	6	483
-0.229	-0.228	5	488
-0.228	-0.227	5	493
-0.227	-0.226	3	496
-0.226	-0.225	3	499
-0.225	-0.224	5	504
-0.224	-0.223	4	508
-0.223	-0.222	5	513
-0.222	-0.221	2	515
-0.221	-0.220	4	519
-0.220	-0.219	5	524
-0.219	-0.218	6	530
-0.218	-0.217	0	530
-0.217	-0.216	6	536
-0.216	-0.215	6	542
-0.215	-0.214	5	547
-0.214	-0.213	4	551
-0.213	-0.212	3	554
-0.212	-0.211	4	558
-0.211	-0.210	5	563
-0.210	-0.209	3	566
-0.209	-0.208	10	576
-0.208	-0.207	7	583
-0.207	-0.206	6	589
-0.206	-0.205	3	592
-0.205	-0.204	4	596
-0.204	-0.203	9	605
-0.203	-0.202	4	609
-0.202	-0.201	2	611
-0.201	-0.200	0	611
-0.200	-0.199	7	618
-0.199	-0.198	2	620
-0.198	-0.197	6	626
-0.197	-0.196	6	632
-0.196	-0.195	7	639
-0.195	-0.194	6	645
-0.194	-0.193	3	648
-0.193	-0.192	4	652
-0.192	-0.191	8	660
-0.191	-0.190	6	666
-0.190	-0.189	8	674
-0.189	-0.188	3	677
-0.188	-0.187	7	684
-0.187	-0.186	10	694
-0.186	-0.185	4	698
-0.185	-0.184	10	708
-0.184	-0.183	7	715
-0.183	-0.182	9	724
-0.182	-0.181	7	731
-0.181	-0.180	8	739
-0.180	-0.179	3	742
-0.179	-0.178	4	746
-0.178	-0.177	14	760
-0.177	-0.176	11	771
-0.176	-0.175	6	777
-0.175	-0.174	7	784
-0.174	-0.173	6	790
-0.173	-0.172	6	796
-0.172	-0.171	7	803
-0.171	-0.170	5	808
-0.170	-0.169	6	814
-0.169	-0.168	7	821
-0.168	-0.167	4	825
-0.167	-0.166	1	826
-0.166	-0.165	7	833
-0.165	-0.164	4	837
-0.164	-0.163	8	845
-0.163	-0.162	10	855
-0.162	-0.161	6	861
-0.161	-0.160	7	868
-0.160	-0.159	9	877
-0.159	-0.158	13	890
-0.158	-0.157	5	895
-0.157	-0.156	5	900
-0.156	-0.155	6	906
-0.155	-0.154	7	913
-0.154	-0.153	4	917
-0.153	-0.152	9	926
-0.152	-0.151	8	934
-0.151	-0.150	11	945
-0.150	-0.149	13	958
-0.149	-0.148	8	966
-0.148	-0.147	2	968
-0.147	-0.146	12	980
-0.146	-0.145	5	985
-0.145	-0.144	3	988
-0.144	-0.143	10	998
-0.143	-0.142	7	1005
-0.142	-0.141	6	1011
-0.141	-0.140	6	1017
-0.140	-0.139	12	1029
-0.139	-0.138	5	1034
-0.138	-0.137	9	1043
-0.137	-0.136	5	1048
-0.136	-0.135	14	1062
-0.135	-0.134	9	1071
-0.134	-0.133	6	1077
-0.133	-0.132	13	1090
-0.132	-0.131	8	1098
-0.131	-0.130	8	1106
-0.130	-0.129	9	1115
-0.129	-0.128	9	1124
-0.128	-0.127	6	1130
-0.127	-0.126	6	1136
-0.126	-0.125	8	1144
-0.125	-0.124	6	1150
-0.124	-0.123	6	1156
-0.123	-0.122	4	1160
-0.122	-0.121	5	1165
-0.121	-0.120	9	1174
-0.120	-0.119	15	1189
-0.119	-0.118	11	1200
-0.118	-0.117	10	1210
-0.117	-0.116	12	1222
-0.116	-0.115	10	1232
-0.115	-0.114	7	1239
-0.114	-0.113	18	1257
-0.113	-0.112	10	1267
-0.112	-0.111	8	1275
-0.111	-0.110	9	1284
-0.110	-0.109	8	1292
-0.109	-0.108	11	1303
-0.108	-0.107	8	1311
-0.107	-0.106	14	1325
-0.106	-0.105	5	1330
-0.105	-0.104	13	1343
-0.104	-0.103	15	1358
-0.103	-0.102	7	1365
-0.102	-0.101	10	1375
-0.101	-0.100	15	1390
-0.100	-0.099	10	1400
-0.099	-0.098	7	1407
-0.098	-0.097	9	1416
-0.097	-0.096	9	1425
-0.096	-0.095	10	1435
-0.095	-0.094	14	1449
-0.094	-0.093	9	1458
-0.093	-0.092	8	1466
-0.092	-0.091	7	1473
-0.091	-0.090	6	1479
-0.090	-0.089	10	1489
-0.089	-0.088	10	1499
-0.088	-0.087	12	1511
-0.087	-0.086	11	1522
-0.086	-0.085	8	1530
-0.085	-0.084	9	1539
-0.084	-0.083	11	1550
-0.083	-0.082	10	1560
-0.082	-0.081	7	1567
-0.081	-0.080	9	1576
-0.080	-0.079	16	1592
-0.079	-0.078	10	1602
-0.078	-0.077	11	1613
-0.077	-0.076	10	1623
-0.076	-0.075	14	1637
-0.075	-0.074	6	1643
-0.074	-0.073	10	1653
-0.073	-0.072	10	1663
-0.072	-0.071	16	1679
-0.071	-0.070	9	1688
-0.070	-0.069	7	1695
-0.069	-0.068	13	1708
-0.068	-0.067	13	1721
-0.067	-0.066	14	1735
-0.066	-0.065	8	1743
-0.065	-0.064	12	1755
-0.064	-0.063	10	1765
-0.063	-0.062	12	1777
-0.062	-0.061	13	1790
-0.061	-0.060	14	1804
-0.060	-0.059	12	1816
-0.059	-0.058	12	1828
-0.058	-0.057	16	1844
-0.057	-0.056	11	1855
-0.056	-0.055	14	1869
-0.055	-0.054	13	1882
-0.054	-0.053	9	1891
-0.053	-0.052	7	1898
-0.052	-0.051	8	1906
-0.051	-0.050	9	1915
-0.050	-0.049	11	1926
-0.049	-0.048	15	1941
-0.048	-0.047	10	1951
-0.047	-0.046	11	1962
-0.046	-0.045	12	1974
-0.045	-0.044	16	1990
-0.044	-0.043	11	2001
-0.043	-0.042	15	2016
-0.042	-0.041	13	2029
-0.041	-0.040	8	2037
-0.040	-0.039	9	2046
-0.039	-0.038	8	2054
-0.038	-0.037	14	2068
-0.037	-0.036	10	2078
-0.036	-0.035	10	2088
-0.035	-0.034	7	2095
-0.034	-0.033	6	2101
-0.033	-0.032	3	2104
-0.032	-0.031	7	2111
-0.031	-0.030	11	2122
-0.030	-0.029	18	2140
-0.029	-0.028	9	2149
-0.028	-0.027	2	2151
-0.027	-0.026	5	2156
-0.026	-0.025	9	2165
-0.025	-0.024	12	2177
-0.024	-0.023	13	2190
-0.023	-0.022	14	2204
-0.022	-0.021	12	2216
-0.021	-0.020	8	2224
-0.020	-0.019	12	2236
-0.019	-0.018	9	2245
-0.018	-0.017	10	2255
-0.017	-0.016	20	2275
-0.016	-0.015	8	2283
-0.015	-0.014	13	2296
-0.014	-0.013	5	2301
-0.013	-0.012	13	2314
-0.012	-0.011	11	2325
-0.011	-0.010	10	2335
-0.010	-0.009	14	2349
-0.009	-0.008	5	2354
-0.008	-0.007	14	2368
-0.007	-0.006	5	2373
-0.006	-0.005	9	2382
-0.005	-0.004	15	2397
-0.004	-0.003	7	2404
-0.003	-0.002	5	2409
-0.002	-0.001	9	2418
-0.001	-0.000	12	2430
0.000	0.001	16	2446
0.001	0.002	11	2457
0.002	0.003	10	2467
0.003	0.004	11	2478
0.004	0.005	11	2489
0.005	0.006	11	2500
0.006	0.007	17	2517
0.007	0.008	9	2526
0.008	0.009	5	2531
0.009	0.010	10	2541
0.010	0.011	9	2550
0.011	0.012	10	2560
0.012	0.013	18	2578
0.013	0.014	6	2584
0.014	0.015	4	2588
0.015	0.016	14	2602
0.016	0.017	20	2622
0.017	0.018	7	2629
0.018	0.019	10	2639
0.019	0.020	10	2649
0.020	0.021	5	2654
0.021	0.022	11	2665
0.022	0.023	12	2677
0.023	0.024	11	2688
0.024	0.025	12	2700
0.025	0.026	13	2713
0.026	0.027	12	2725
0.027	0.028	9	2734
0.028	0.029	6	2740
0.029	0.030	10	2750
0.030	0.031	17	2767
0.031	0.032	16	2783
0.032	0.033	7	2790
0.033	0.034	10	2800
0.034	0.035	6	2806
0.035	0.036	13	2819
0.036	0.037	9	2828
0.037	0.038	9	2837
0.038	0.039	10	2847
0.039	0.040	11	2858
0.040	0.041	11	2869
0.041	0.042	14	2883
0.042	0.043	9	2892
0.043	0.044	8	2900
0.044	0.045	11	2911
0.045	0.046	7	2918
0.046	0.047	7	2925
0.047	0.048	8	2933
0.048	0.049	12	2945
0.049	0.050	12	2957
0.050	0.051	4	2961
0.051	0.052	12	2973
0.052	0.053	15	2988
0.053	0.054	12	3000
0.054	0.055	15	3015
0.055	0.056	15	3030
0.056	0.057	15	3045
0.057	0.058	9	3054
0.058	0.059	11	3065
0.059	0.060	13	3078
0.060	0.061	12	3090
0.061	0.062	12	3102
0.062	0.063	16	3118
0.063	0.064	17	3135
0.064	0.065	12	3147
0.065	0.066	9	3156
0.066	0.067	9	3165
0.067	0.068	11	3176
0.068	0.069	11	3187
0.069	0.070	17	3204
0.070	0.071	12	3216
0.071	0.072	7	3223
0.072	0.073	14	3237
0.073	0.074	5	3242
0.074	0.075	10	3252
0.075	0.076	9	3261
0.076	0.077	7	3268
0.077	0.078	6	3274
0.078	0.079	12	3286
0.079	0.080	12	3298
0.080	0.081	10	3308
0.081	0.082	10	3318
0.082	0.083	12	3330
0.083	0.084	9	3339
0.084	0.085	8	3347
0.085	0.086	12	3359
0.086	0.087	14	3373
0.087	0.088	7	3380
0.088	0.089	12	3392
0.089	0.090	9	3401
0.090	0.091	4	3405
0.091	0.092	13	3418
0.092	0.093	12	3430
0.093	0.094	9	3439
0.094	0.095	13	3452
0.095	0.096	10	3462
0.096	0.097	5	3467
0.097	0.098	5	3472
0.098	0.099	10	3482
0.099	0.100	6	3488
0.100	0.101	10	3498
0.101	0.102	7	3505
0.102	0.103	8	3513
0.103	0.104	7	3520
0.104	0.105	6	3526
0.105	0.106	7	3533
0.106	0.107	8	3541
0.107	0.108	9	3550
0.108	0.109	10	3560
0.109	0.110	6	3566
0.110	0.111	10	3576
0.111	0.112	9	3585
0.112	0.113	12	3597
0.113	0.114	7	3604
0.114	0.115	10	3614
0.115	0.116	12	3626
0.116	0.117	9	3635
0.117	0.118	5	3640
0.118	0.119	14	3654
0.119	0.120	12	3666
0.120	0.121	13	3679
0.121	0.122	3	3682
0.122	0.123	12	3694
0.123	0.124	8	3702
0.124	0.125	2	3704
0.125	0.126	4	3708
0.126	0.127	9	3717
0.127	0.128	11	3728
0.128	0.129	11	3739
0.129	0.130	7	3746
0.130	0.131	5	3751
0.131	0.132	11	3762
0.132	0.133	11	3773
0.133	0.134	7	3780
0.134	0.135	9	3789
0.135	0.136	5	3794
0.136	0.137	10	3804
0.137	0.138	12	3816
0.138	0.139	6	3822
0.139	0.140	7	3829
0.140	0.141	6	3835
0.141	0.142	8	3843
0.142	0.143	4	3847
0.143	0.144	7	3854
0.144	0.145	4	3858
0.145	0.146	6	3864
0.146	0.147	12	3876
0.147	0.148	7	3883
0.148	0.149	4	3887
0.149	0.150	11	3898
0.150	0.151	4	3902
0.151	0.152	6	3908
0.152	0.153	5	3913
0.153	0.154	8	3921
0.154	0.155	9	3930
0.155	0.156	9	3939
0.156	0.157	6	3945
0.157	0.158	8	3953
0.158	0.159	13	3966
0.159	0.160	4	3970
0.160	0.161	8	3978
0.161	0.162	4	3982
0.162	0.163	4	3986
0.163	0.164	8	3994
0.164	0.165	9	4003
0.165	0.166	7	4010
0.166	0.167	6	4016
0.167	0.168	4	4020
0.168	0.169	4	4024
0.169	0.170	11	4035
0.170	0.171	6	4041
0.171	0.172	1	4042
0.172	0.173	5	4047
0.173	0.174	7	4054
0.174	0.175	13	4067
0.175	0.176	10	4077
0.176	0.177	4	4081
0.177	0.178	7	4088
0.178	0.179	5	4093
0.179	0.180	13	4106
0.180	0.181	6	4112
0.181	0.182	14	4126
0.182	0.183	4	4130
0.183	0.184	5	4135
0.184	0.185	1	4136
0.185	0.186	6	4142
0.186	0.187	6	4148
0.187	0.188	5	4153
0.188	0.189	4	4157
0.189	0.190	7	4164
0.190	0.191	6	4170
0.191	0.192	7	4177
0.192	0.193	3	4180
0.193	0.194	2	4182
0.194	0.195	2	4184
0.195	0.196	5	4189
0.196	0.197	3	4192
0.197	0.198	4	4196
0.198	0.199	4	4200
0.199	0.200	4	4204
0.200	0.201	4	4208
0.201	0.202	7	4215
0.202	0.203	6	4221
0.203	0.204	0	4221
0.204	0.205	4	4225
0.205	0.206	6	4231
0.206	0.207	5	4236
0.207	0.208	4	4240
0.208	0.209	11	4251
0.209	0.210	3	4254
0.210	0.211	4	4258
0.211	0.212	6	4264
0.212	0.213	6	4270
0.213	0.214	2	4272
0.214	0.215	7	4279
0.215	0.216	4	4283
0.216	0.217	6	4289
0.217	0.218	4	4293
0.218	0.219	3	4296
0.219	0.220	8	4304
0.220	0.221	2	4306
0.221	0.222	4	4310
0.222	0.223	4	4314
0.223	0.224	5	4319
0.224	0.225	6	4325
0.225	0.226	3	4328
0.226	0.227	4	4332
0.227	0.228	1	4333
0.228	0.229	6	4339
0.229	0.230	6	4345
0.230	0.231	2	4347
0.231	0.232	7	4354
0.232	0.233	3	4357
0.233	0.234	3	4360
0.234	0.235	1	4361
0.235	0.236	3	4364
0.236	0.237	1	4365
0.237	0.238	3	4368
0.238	0.239	6	4374
0.239	0.240	2	4376
0.240	0.241	2	4378
0.241	0.242	4	4382
0.242	0.243	4	4386
0.243	0.244	2	4388
0.244	0.245	4	4392
0.245	0.246	0	4392
0.246	0.247	3	4395
0.247	0.248	7	4402
0.248	0.249	4	4406
0.249	0.250	4	4410
0.250	0.251	4	4414
0.251	0.252	1	4415
0.252	0.253	5	4420
0.253	0.254	3	4423
0.254	0.255	4	4427
0.255	0.256	11	4438
0.256	0.257	2	4440
0.257	0.258	4	4444
0.258	0.259	3	4447
0.259	0.260	1	4448
0.260	0.261	1	4449
0.261	0.262	4	4453
0.262	0.263	3	4456
0.263	0.264	3	4459
0.264	0.265	4	4463
0.265	0.266	2	4465
0.266	0.267	5	4470
0.267	0.268	4	4474
0.268	0.269	2	4476
0.269	0.270	2	4478
0.270	0.271	8	4486
0.271	0.272	1	4487
0.272	0.273	4	4491
0.273	0.274	2	4493
0.274	0.275	3	4496
0.275	0.276	5	4501
0.276	0.277	2	4503
0.277	0.278	5	4508
0.278	0.279	2	4510
0.279	0.280	4	4514
0.280	0.281	1	4515
0.281	0.282	2	4517
0.282	0.283	1	4518
0.283	0.284	4	4522
0.284	0.285	3	4525
0.285	0.286	2	4527
0.286	0.287	3	4530
0.287	0.288	2	4532
0.288	0.289	3	4535
0.289	0.290	3	4538
0.290	0.291	1	4539
0.291	0.292	6	4545
0.292	0.293	4	4549
0.293	0.294	4	4553
0.294	0.295	6	4559
0.295	0.296	3	4562
0.296	0.297	3	4565
0.297	0.298	1	4566
0.298	0.299	4	4570
0.299	0.300	3	4573
0.300	0.301	3	4576
0.301	0.302	3	4579
0.302	0.303	4	4583
0.303	0.304	2	4585
0.304	0.305	1	4586
0.305	0.306	1	4587
0.306	0.307	1	4588
0.307	0.308	1	4589
0.308	0.309	1	4590
0.309	0.310	2	4592
0.310	0.311	2	4594
0.311	0.312	2	4596
0.312	0.313	1	4597
0.313	0.314	2	4599
0.314	0.315	2	4601
0.315	0.316	3	4604
0.316	0.317	0	4604
0.317	0.318	4	4608
0.318	0.319	1	4609
0.319	0.320	4	4613
0.320	0.321	1	4614
0.321	0.322	3	4617
0.322	0.323	2	4619
0.323	0.324	1	4620
0.324	0.325	2	4622
0.325	0.326	1	4623
0.326	0.327	4	4627
0.327	0.328	0	4627
0.328	0.329	2	4629
0.329	0.330	1	4630
0.330	0.331	1	4631
0.331	0.332	3	4634
0.332	0.333	3	4637
0.333	0.334	3	4640
0.334	0.335	3	4643
0.335	0.336	7	4650
0.336	0.337	4	4654
0.337	0.338	1	4655
0.338	0.339	1	4656
0.339	0.340	2	4658
0.340	0.341	0	4658
0.341	0.342	1	4659
0.342	0.343	2	4661
0.343	0.344	2	4663
0.344	0.345	1	4664
0.345	0.346	0	4664
0.346	0.347	1	4665
0.347	0.348	1	4666
0.348	0.349	0	4666
0.349	0.350	2	4668
0.350	0.351	4	4672
0.351	0.352	2	4674
0.352	0.353	1	4675
0.353	0.354	1	4676
0.354	0.355	3	4679
0.355	0.356	3	4682
0.356	0.357	3	4685
0.357	0.358	3	4688
0.358	0.359	3	4691
0.359	0.360	0	4691
0.360	0.361	3	4694
0.361	0.362	1	4695
0.362	0.363	1	4696
0.363	0.364	1	4697
0.364	0.365	1	4698
0.365	0.366	1	4699
0.366	0.367	1	4700
0.367	0.368	3	4703
0.368	0.369	5	4708
0.369	0.370	1	4709
0.370	0.371	1	4710
0.371	0.372	2	4712
0.372	0.373	0	4712
0.373	0.374	2	4714
0.374	0.375	3	4717
0.375	0.376	0	4717
0.376	0.377	3	4720
0.377	0.378	0	4720
0.378	0.379	1	4721
0.379	0.380	1	4722
0.380	0.381	0	4722
0.381	0.382	2	4724
0.382	0.383	0	4724
0.383	0.384	1	4725
0.384	0.385	2	4727
0.385	0.386	2	4729
0.386	0.387	1	4730
0.387	0.388	0	4730
0.388	0.389	2	4732
0.389	0.390	1	4733
0.390	0.391	0	4733
0.391	0.392	2	4735
0.392	0.393	3	4738
0.393	0.394	2	4740
0.394	0.395	0	4740
0.395	0.396	1	4741
0.396	0.397	1	4742
0.397	0.398	2	4744
0.398	0.399	2	4746
0.399	0.400	2	4748
0.400	0.401	0	4748
0.401	0.402	0	4748
0.402	0.403	2	4750
0.403	0.404	2	4752
0.404	0.405	1	4753
0.405	0.406	1	4754
0.406	0.407	3	4757
0.407	0.408	3	4760
0.408	0.409	3	4763
0.409	0.410	3	4766
0.410	0.411	1	4767
0.411	0.412	2	4769
0.412	0.413	3	4772
0.413	0.414	1	4773
0.414	0.415	2	4775
0.415	0.416	1	4776
0.416	0.417	0	4776
0.417	0.418	3	4779
0.418	0.419	3	4782
0.419	0.420	1	4783
0.420	0.421	0	4783
0.421	0.422	2	4785
0.422	0.423	0	4785
0.423	0.424	2	4787
0.424	0.425	1	4788
0.425	0.426	0	4788
0.426	0.427	1	4789
0.427	0.428	3	4792
0.428	0.429	1	4793
0.429	0.430	2	4795
0.430	0.431	0	4795
0.431	0.432	2	4797
0.432	0.433	2	4799
0.433	0.434	1	4800
0.434	0.435	0	4800
0.435	0.436	2	4802
0.436	0.437	1	4803
0.437	0.438	0	4803
0.438	0.439	3	4806
0.439	0.440	0	4806
0.440	0.441	1	4807
0.441	0.442	2	4809
0.442	0.443	0	4809
0.443	0.444	1	4810
0.444	0.445	1	4811
0.445	0.446	1	4812
0.446	0.447	1	4813
0.447	0.448	0	4813
0.448	0.449	0	4813
0.449	0.450	1	4814
0.450	0.451	0	4814
0.451	0.452	0	4814
0.452	0.453	1	4815
0.453	0.454	0	4815
0.454	0.455	0	4815
0.455	0.456	2	4817
0.456	0.457	0	4817
0.457	0.458	2	4819
0.458	0.459	0	4819
0.459	0.460	0	4819
0.460	0.461	1	4820
0.461	0.462	1	4821
0.462	0.463	1	4822
0.463	0.464	2	4824
0.464	0.465	3	4827
0.465	0.466	0	4827
0.466	0.467	1	4828
0.467	0.468	1	4829
0.468	0.469	0	4829
0.469	0.470	0	4829
0.470	0.471	2	4831
0.471	0.472	0	4831
0.472	0.473	1	4832
0.473	0.474	0	4832
0.474	0.475	2	4834
0.475	0.476	0	4834
0.476	0.477	1	4835
0.477	0.478	1	4836
0.478	0.479	1	4837
0.479	0.480	1	4838
0.480	0.481	2	4840
0.481	0.482	1	4841
0.482	0.483	1	4842
0.483	0.484	1	4843
0.484	0.485	1	4844
0.485	0.486	1	4845
0.486	0.487	4	4849
0.487	0.488	0	4849
0.488	0.489	0	4849
0.489	0.490	2	4851
0.490	0.491	3	4854
0.491	0.492	1	4855
0.492	0.493	2	4857
0.493	0.494	1	4858
0.494	0.495	0	4858
0.495	0.496	0	4858
0.496	0.497	0	4858
0.497	0.498	1	4859
0.498	0.499	0	4859
0.499	0.500	1	4860
0.500	0.501	1	4861
0.501	0.502	1	4862
0.502	0.503	0	4862
0.503	0.504	0	4862
0.504	0.505	0	4862
0.505	0.506	2	4864
0.506	0.507	1	4865
0.507	0.508	0	4865
0.508	0.509	0	4865
0.509	0.510	0	4865
0.510	0.511	1	4866
0.511	0.512	0	4866
0.512	0.513	0	4866
0.513	0.514	1	4867
0.514	0.515	0	4867
0.515	0.516	0	4867
0.516	0.517	0	4867
0.517	0.518	0	4867
0.518	0.519	1	4868
0.519	0.520	1	4869
0.520	0.521	1	4870
0.521	0.522	0	4870
0.522	0.523	0	4870
0.523	0.524	1	4871
0.524	0.525	1	4872
0.525	0.526	1	4873
0.526	0.527	2	4875
0.527	0.528	0	4875
0.528	0.529	0	4875
0.529	0.530	0	4875
0.530	0.531	1	4876
0.531	0.532	0	4876
0.532	0.533	1	4877
0.533	0.534	0	4877
0.534	0.535	0	4877
0.535	0.536	2	4879
0.536	0.537	1	4880
0.537	0.538	0	4880
0.538	0.539	0	4880
0.539	0.540	0	4880
0.540	0.541	1	4881
0.541	0.542	3	4884
0.542	0.543	0	4884
0.543	0.544	0	4884
0.544	0.545	0	4884
0.545	0.546	1	4885
0.546	0.547	1	4886
0.547	0.548	1	4887
0.548	0.549	0	4887
0.549	0.550	0	4887
0.550	0.551	0	4887
0.551	0.552	0	4887
0.552	0.553	0	4887
0.553	0.554	1	4888
0.554	0.555	1	4889
0.555	0.556	0	4889
0.556	0.557	0	4889
0.557	0.558	0	4889
0.558	0.559	1	4890
0.559	0.560	0	4890
0.560	0.561	0	4890
0.561	0.562	1	4891
0.562	0.563	1	4892
0.563	0.564	1	4893
0.564	0.565	1	4894
0.565	0.566	1	4895
0.566	0.567	0	4895
0.567	0.568	0	4895
0.568	0.569	0	4895
0.569	0.570	1	4896
0.570	0.571	0	4896
0.571	0.572	0	4896
0.572	0.573	0	4896
0.573	0.574	0	4896
0.574	0.575	1	4897
0.575	0.576	0	4897
0.576	0.577	0	4897
0.577	0.578	2	4899
0.578	0.579	0	4899
0.579	0.580	1	4900
0.580	0.581	0	4900
0.581	0.582	1	4901
0.582	0.583	1	4902
0.583	0.584	2	4904
0.584	0.585	0	4904
0.585	0.586	0	4904
0.586	0.587	0	4904
0.587	0.588	0	4904
0.588	0.589	1	4905
0.589	0.590	0	4905
0.590	0.591	2	4907
0.591	0.592	1	4908
0.592	0.593	0	4908
0.593	0.594	0	4908
0.594	0.595	0	4908
0.595	0.596	0	4908
0.596	0.597	0	4908
0.597	0.598	0	4908
0.598	0.599	0	4908
0.599	0.600	0	4908
0.600	0.601	1	4909
0.601	0.602	0	4909
0.602	0.603	2	4911
0.603	0.604	0	4911
0.604	0.605	1	4912
0.605	0.606	0	4912
0.606	0.607	0	4912
0.607	0.608	0	4912
0.608	0.609	0	4912
0.609	0.610	0	4912
0.610	0.611	1	4913
0.611	0.612	1	4914
0.612	0.613	0	4914
0.613	0.614	0	4914
0.614	0.615	1	4915
0.615	0.616	0	4915
0.616	0.617	1	4916
0.617	0.618	0	4916
0.618	0.619	0	4916
0.619	0.620	0	4916
0.620	0.621	0	4916
0.621	0.622	0	4916
0.622	0.623	0	4916
0.623	0.624	1	4917
0.624	0.625	1	4918
0.625	0.626	3	4921
0.626	0.627	0	4921
0.627	0.628	0	4921
0.628	0.629	1	4922
0.629	0.630	0	4922
0.630	0.631	0	4922
0.631	0.632	0	4922
0.632	0.633	0	4922
0.633	0.634	0	4922
0.634	0.635	0	4922
0.635	0.636	0	4922
0.636	0.637	1	4923
0.637	0.638	0	4923
0.638	0.639	0	4923
0.639	0.640	0	4923
0.640	0.641	0	4923
0.641	0.642	0	4923
0.642	0.643	0	4923
0.643	0.644	0	4923
0.644	0.645	0	4923
0.645	0.646	1	4924
0.646	0.647	0	4924
0.647	0.648	1	4925
0.648	0.649	1	4926
0.649	0.650	0	4926
0.650	0.651	0	4926
0.651	0.652	0	4926
0.652	0.653	0	4926
0.653	0.654	0	4926
0.654	0.655	0	4926
0.655	0.656	0	4926
0.656	0.657	0	4926
0.657	0.658	0	4926
0.658	0.659	1	4927
0.659	0.660	0	4927
0.660	0.661	0	4927
0.661	0.662	0	4927
0.662	0.663	0	4927
0.663	0.664	0	4927
0.664	0.665	0	4927
0.665	0.666	1	4928
0.666	0.667	1	4929
0.667	0.668	0	4929
0.668	0.669	0	4929
0.669	0.670	0	4929
0.670	0.671	0	4929
0.671	0.672	0	4929
0.672	0.673	0	4929
0.673	0.674	1	4930
0.674	0.675	0	4930
0.675	0.676	0	4930
0.676	0.677	1	4931
0.677	0.678	0	4931
0.678	0.679	0	4931
0.679	0.680	0	4931
0.680	0.681	0	4931
0.681	0.682	1	4932
0.682	0.683	2	4934
0.683	0.684	0	4934
0.684	0.685	0	4934
0.685	0.686	0	4934
0.686	0.687	0	4934
0.687	0.688	0	4934
0.688	0.689	0	4934
0.689	0.690	0	4934
0.690	0.691	0	4934
0.691	0.692	0	4934
0.692	0.693	0	4934
0.693	0.694	0	4934
0.694	0.695	0	4934
0.695	0.696	0	4934
0.696	0.697	0	4934
0.697	0.698	0	4934
0.698	0.699	0	4934
0.699	0.700	0	4934
0.700	0.701	0	4934
0.701	0.702	1	4935
0.702	0.703	0	4935
0.703	0.704	1	4936
0.704	0.705	2	4938
0.705	0.706	0	4938
0.706	0.707	0	4938
0.707	0.708	0	4938
0.708	0.709	0	4938
0.709	0.710	0	4938
0.710	0.711	0	4938
0.711	0.712	0	4938
0.712	0.713	0	4938
0.713	0.714	0	4938
0.714	0.715	0	4938
0.715	0.716	0	4938
0.716	0.717	0	4938
0.717	0.718	1	4939
0.718	0.719	0	4939
0.719	0.720	0	4939
0.720	0.721	0	4939
0.721	0.722	0	4939
0.722	0.723	0	4939
0.723	0.724	0	4939
0.724	0.725	1	4940
0.725	0.726	0	4940
0.726	0.727	0	4940
0.727	0.728	0	4940
0.728	0.729	0	4940
0.729	0.730	0	4940
0.730	0.731	0	4940
0.731	0.732	1	4941
0.732	0.733	0	4941
0.733	0.734	1	4942
0.734	0.735	1	4943
0.735	0.736	1	4944
0.736	0.737	0	4944
0.737	0.738	1	4945
0.738	0.739	0	4945
0.739	0.740	0	4945
0.740	0.741	0	4945
0.741	0.742	0	4945
0.742	0.743	0	4945
0.743	0.744	0	4945
0.744	0.745	0	4945
0.745	0.746	0	4945
0.746	0.747	0	4945
0.747	0.748	0	4945
0.748	0.749	0	4945
0.749	0.750	0	4945
0.750	0.751	0	4945
0.751	0.752	0	4945
0.752	0.753	0	4945
0.753	0.754	0	4945
0.754	0.755	0	4945
0.755	0.756	0	4945
0.756	0.757	0	4945
0.757	0.758	1	4946
0.758	0.759	0	4946
0.759	0.760	0	4946
0.760	0.761	0	4946
0.761	0.762	0	4946
0.762	0.763	0	4946
0.763	0.764	0	4946
0.764	0.765	0	4946
0.765	0.766	0	4946
0.766	0.767	0	4946
0.767	0.768	0	4946
0.768	0.769	0	4946
0.769	0.770	1	4947
0.770	0.771	0	4947
0.771	0.772	0	4947
0.772	0.773	0	4947
0.773	0.774	0	4947
0.774	0.775	0	4947
0.775	0.776	0	4947
0.776	0.777	0	4947
0.777	0.778	1	4948
0.778	0.779	0	4948
0.779	0.780	0	4948
0.780	0.781	0	4948
0.781	0.782	0	4948
0.782	0.783	0	4948
0.783	0.784	0	4948
0.784	0.785	0	4948
0.785	0.786	0	4948
0.786	0.787	0	4948
0.787	0.788	0	4948
0.788	0.789	0	4948
0.789	0.790	1	4949
0.790	0.791	0	4949
0.791	0.792	0	4949
0.792	0.793	0	4949
0.793	0.794	0	4949
0.794	0.795	0	4949
0.795	0.796	0	4949
0.796	0.797	0	4949
0.797	0.798	0	4949
0.798	0.799	0	4949
0.799	0.800	0	4949
0.800	0.801	0	4949
0.801	0.802	0	4949
0.802	0.803	0	4949
0.803	0.804	0	4949
0.804	0.805	0	4949
0.805	0.806	0	4949
0.806	0.807	0	4949
0.807	0.808	0	4949
0.808	0.809	0	4949
0.809	0.810	1	4950
0.810	0.811	0	4950
0.811	0.812	0	4950
0.812	0.813	0	4950
0.813	0.814	0	4950
0.814	0.815	0	4950
0.815	0.816	0	4950
0.816	0.817	0	4950
0.817	0.818	0	4950
0.818	0.819	0	4950
0.819	0.820	0	4950
0.820	0.821	0	4950
0.821	0.822	0	4950
0.822	0.823	0	4950
0.823	0.824	0	4950
0.824	0.825	0	4950
0.825	0.826	0	4950
0.826	0.827	0	4950
0.827	0.828	0	4950
0.828	0.829	0	4950
0.829	0.830	0	4950
0.830	0.831	0	4950
0.831	0.832	0	4950
0.832	0.833	0	4950
0.833	0.834	0	4950
0.834	0.835	0	4950
0.835	0.836	0	4950
0.836	0.837	0	4950
0.837	0.838	0	4950
0.838	0.839	0	4950
0.839	0.840	0	4950
0.840	0.841	0	4950
0.841	0.842	0	4950
0.842	0.843	0	4950
0.843	0.844	0	4950
0.844	0.845	0	4950
0.845	0.846	0	4950
0.846	0.847	0	4950
0.847	0.848	0	4950
0.848	0.849	0	4950
0.849	0.850	0	4950
0.850	0.851	0	4950
0.851	0.852	0	4950
0.852	0.853	0	4950
0.853	0.854	0	4950
0.854	0.855	0	4950
0.855	0.856	0	4950
0.856	0.857	0	4950
0.857	0.858	0	4950
0.858	0.859	0	4950
0.859	0.860	0	4950
0.860	0.861	0	4950
0.861	0.862	0	4950
0.862	0.863	0	4950
0.863	0.864	0	4950
0.864	0.865	0	4950
0.865	0.866	0	4950
0.866	0.867	0	4950
0.867	0.868	0	4950
0.868	0.869	0	4950
0.869	0.870	0	4950
0.870	0.871	0	4950
0.871	0.872	0	4950
0.872	0.873	0	4950
0.873	0.874	0	4950
0.874	0.875	0	4950
0.875	0.876	0	4950
0.876	0.877	0	4950
0.877	0.878	0	4950
0.878	0.879	0	4950
0.879	0.880	0	4950
0.880	0.881	0	4950
0.881	0.882	0	4950
0.882	0.883	0	4950
0.883	0.884	0	4950
0.884	0.885	0	4950
0.885	0.886	0	4950
0.886	0.887	0	4950
0.887	0.888	0	4950
0.888	0.889	0	4950
0.889	0.890	0	4950
0.890	0.891	0	4950
0.891	0.892	0	4950
0.892	0.893	0	4950
0.893	0.894	0	4950
0.894	0.895	0	4950
0.895	0.896	0	4950
0.896	0.897	0	4950
0.897	0.898	0	4950
0.898	0.899	0	4950
0.899	0.900	0	4950
0.900	0.901	0	4950
0.901	0.902	0	4950
0.902	0.903	0	4950
0.903	0.904	0	4950
0.904	0.905	0	4950
0.905	0.906	0	4950
0.906	0.907	0	4950
0.907	0.908	0	4950
0.908	0.909	0	4950
0.909	0.910	0	4950
0.910	0.911	0	4950
0.911	0.912	0	4950
0.912	0.913	0	4950
0.913	0.914	0	4950
0.914	0.915	0	4950
0.915	0.916	0	4950
0.916	0.917	0	4950
0.917	0.918	0	4950
0.918	0.919	0	4950
0.919	0.920	0	4950
0.920	0.921	0	4950
0.921	0.922	0	4950
0.922	0.923	0	4950
0.923	0.924	0	4950
0.924	0.925	0	4950
0.925	0.926	0	4950
0.926	0.927	0	4950
0.927	0.928	0	4950
0.928	0.929	0	4950
0.929	0.930	0	4950
0.930	0.931	0	4950
0.931	0.932	0	4950
0.932	0.933	0	4950
0.933	0.934	0	4950
0.934	0.935	0	4950
0.935	0.936	0	4950
0.936	0.937	0	4950
0.937	0.938	0	4950
0.938	0.939	0	4950
0.939	0.940	0	4950
0.940	0.941	0	4950
0.941	0.942	0	4950
0.942	0.943	0	4950
0.943	0.944	0	4950
0.944	0.945	0	4950
0.945	0.946	0	4950
0.946	0.947	0	4950
0.947	0.948	0	4950
0.948	0.949	0	4950
0.949	0.950	0	4950
0.950	0.951	0	4950
0.951	0.952	0	4950
0.952	0.953	0	4950
0.953	0.954	0	4950
0.954	0.955	0	4950
0.955	0.956	0	4950
0.956	0.957	0	4950
0.957	0.958	0	4950
0.958	0.959	0	4950
0.959	0.960	0	4950
0.960	0.961	0	4950
0.961	0.962	0	4950
0.962	0.963	0	4950
0.963	0.964	0	4950
0.964	0.965	0	4950
0.965	0.966	0	4950
0.966	0.967	0	4950
0.967	0.968	0	4950
0.968	0.969	0	4950
0.969	0.970	0	4950
0.970	0.971	0	4950
0.971	0.972	0	4950
0.972	0.973	0	4950
0.973	0.974	0	4950
0.974	0.975	0	4950
0.975	0.976	0	4950
0.976	0.977	0	4950
0.977	0.978	0	4950
0.978	0.979	0	4950
0.979	0.980	0	4950
0.980	0.981	0	4950
0.981	0.982	0	4950
0.982	0.983	0	4950
0.983	0.984	0	4950
0.984	0.985	0	4950
0.985	0.986	0	4950
0.986	0.987	0	4950
0.987	0.988	0	4950
0.988	0.989	0	4950
0.989	0.990	0	4950
0.990	0.991	0	4950
0.991	0.992	0	4950
0.992	0.993	0	4950
0.993	0.994	0	4950
0.994	0.995	0	4950
0.995	0.996	0	4950
0.996	0.997	0	4950
0.997	0.998	0	4950
0.998	0.999	0	4950
0.999	1.000	0	4950
1.000	1.001	0	4950
mean value = 0.011663
variance = 0.040673
standard deviation = 0.201676
skewness = 0.002710
kurtosis = 0.006475
lower quartile = -0.114214
median_value = 0.003727
upper quartile = 0.126500
interquartile range = 0.240714
