lower_interval	upper_interval	frequency	accumulative_frequency
-1.000	-0.999	0	0
-0.999	-0.998	0	0
-0.998	-0.997	0	0
-0.997	-0.996	0	0
-0.996	-0.995	0	0
-0.995	-0.994	0	0
-0.994	-0.993	0	0
-0.993	-0.992	0	0
-0.992	-0.991	0	0
-0.991	-0.990	0	0
-0.990	-0.989	0	0
-0.989	-0.988	0	0
-0.988	-0.987	0	0
-0.987	-0.986	0	0
-0.986	-0.985	0	0
-0.985	-0.984	0	0
-0.984	-0.983	0	0
-0.983	-0.982	0	0
-0.982	-0.981	0	0
-0.981	-0.980	0	0
-0.980	-0.979	0	0
-0.979	-0.978	0	0
-0.978	-0.977	0	0
-0.977	-0.976	0	0
-0.976	-0.975	0	0
-0.975	-0.974	0	0
-0.974	-0.973	0	0
-0.973	-0.972	0	0
-0.972	-0.971	0	0
-0.971	-0.970	0	0
-0.970	-0.969	0	0
-0.969	-0.968	0	0
-0.968	-0.967	0	0
-0.967	-0.966	0	0
-0.966	-0.965	0	0
-0.965	-0.964	0	0
-0.964	-0.963	0	0
-0.963	-0.962	0	0
-0.962	-0.961	0	0
-0.961	-0.960	0	0
-0.960	-0.959	0	0
-0.959	-0.958	0	0
-0.958	-0.957	0	0
-0.957	-0.956	0	0
-0.956	-0.955	0	0
-0.955	-0.954	0	0
-0.954	-0.953	0	0
-0.953	-0.952	0	0
-0.952	-0.951	0	0
-0.951	-0.950	0	0
-0.950	-0.949	0	0
-0.949	-0.948	0	0
-0.948	-0.947	0	0
-0.947	-0.946	0	0
-0.946	-0.945	0	0
-0.945	-0.944	0	0
-0.944	-0.943	0	0
-0.943	-0.942	0	0
-0.942	-0.941	0	0
-0.941	-0.940	0	0
-0.940	-0.939	0	0
-0.939	-0.938	0	0
-0.938	-0.937	0	0
-0.937	-0.936	0	0
-0.936	-0.935	0	0
-0.935	-0.934	0	0
-0.934	-0.933	0	0
-0.933	-0.932	0	0
-0.932	-0.931	0	0
-0.931	-0.930	0	0
-0.930	-0.929	0	0
-0.929	-0.928	0	0
-0.928	-0.927	0	0
-0.927	-0.926	0	0
-0.926	-0.925	0	0
-0.925	-0.924	0	0
-0.924	-0.923	0	0
-0.923	-0.922	0	0
-0.922	-0.921	0	0
-0.921	-0.920	0	0
-0.920	-0.919	0	0
-0.919	-0.918	0	0
-0.918	-0.917	0	0
-0.917	-0.916	0	0
-0.916	-0.915	0	0
-0.915	-0.914	0	0
-0.914	-0.913	0	0
-0.913	-0.912	0	0
-0.912	-0.911	0	0
-0.911	-0.910	0	0
-0.910	-0.909	0	0
-0.909	-0.908	0	0
-0.908	-0.907	0	0
-0.907	-0.906	0	0
-0.906	-0.905	0	0
-0.905	-0.904	0	0
-0.904	-0.903	0	0
-0.903	-0.902	0	0
-0.902	-0.901	0	0
-0.901	-0.900	0	0
-0.900	-0.899	0	0
-0.899	-0.898	0	0
-0.898	-0.897	0	0
-0.897	-0.896	0	0
-0.896	-0.895	0	0
-0.895	-0.894	0	0
-0.894	-0.893	0	0
-0.893	-0.892	0	0
-0.892	-0.891	0	0
-0.891	-0.890	0	0
-0.890	-0.889	0	0
-0.889	-0.888	0	0
-0.888	-0.887	0	0
-0.887	-0.886	0	0
-0.886	-0.885	0	0
-0.885	-0.884	0	0
-0.884	-0.883	0	0
-0.883	-0.882	0	0
-0.882	-0.881	0	0
-0.881	-0.880	0	0
-0.880	-0.879	0	0
-0.879	-0.878	0	0
-0.878	-0.877	0	0
-0.877	-0.876	0	0
-0.876	-0.875	0	0
-0.875	-0.874	0	0
-0.874	-0.873	0	0
-0.873	-0.872	0	0
-0.872	-0.871	0	0
-0.871	-0.870	0	0
-0.870	-0.869	0	0
-0.869	-0.868	0	0
-0.868	-0.867	0	0
-0.867	-0.866	0	0
-0.866	-0.865	0	0
-0.865	-0.864	0	0
-0.864	-0.863	0	0
-0.863	-0.862	0	0
-0.862	-0.861	0	0
-0.861	-0.860	0	0
-0.860	-0.859	0	0
-0.859	-0.858	0	0
-0.858	-0.857	0	0
-0.857	-0.856	0	0
-0.856	-0.855	0	0
-0.855	-0.854	0	0
-0.854	-0.853	0	0
-0.853	-0.852	0	0
-0.852	-0.851	0	0
-0.851	-0.850	0	0
-0.850	-0.849	0	0
-0.849	-0.848	0	0
-0.848	-0.847	0	0
-0.847	-0.846	0	0
-0.846	-0.845	0	0
-0.845	-0.844	0	0
-0.844	-0.843	0	0
-0.843	-0.842	0	0
-0.842	-0.841	0	0
-0.841	-0.840	0	0
-0.840	-0.839	0	0
-0.839	-0.838	0	0
-0.838	-0.837	0	0
-0.837	-0.836	0	0
-0.836	-0.835	0	0
-0.835	-0.834	0	0
-0.834	-0.833	0	0
-0.833	-0.832	0	0
-0.832	-0.831	0	0
-0.831	-0.830	0	0
-0.830	-0.829	0	0
-0.829	-0.828	0	0
-0.828	-0.827	0	0
-0.827	-0.826	0	0
-0.826	-0.825	0	0
-0.825	-0.824	0	0
-0.824	-0.823	0	0
-0.823	-0.822	0	0
-0.822	-0.821	0	0
-0.821	-0.820	0	0
-0.820	-0.819	0	0
-0.819	-0.818	0	0
-0.818	-0.817	0	0
-0.817	-0.816	0	0
-0.816	-0.815	0	0
-0.815	-0.814	0	0
-0.814	-0.813	0	0
-0.813	-0.812	0	0
-0.812	-0.811	0	0
-0.811	-0.810	0	0
-0.810	-0.809	0	0
-0.809	-0.808	0	0
-0.808	-0.807	0	0
-0.807	-0.806	0	0
-0.806	-0.805	0	0
-0.805	-0.804	0	0
-0.804	-0.803	0	0
-0.803	-0.802	0	0
-0.802	-0.801	0	0
-0.801	-0.800	0	0
-0.800	-0.799	0	0
-0.799	-0.798	0	0
-0.798	-0.797	0	0
-0.797	-0.796	0	0
-0.796	-0.795	0	0
-0.795	-0.794	0	0
-0.794	-0.793	0	0
-0.793	-0.792	0	0
-0.792	-0.791	0	0
-0.791	-0.790	0	0
-0.790	-0.789	0	0
-0.789	-0.788	0	0
-0.788	-0.787	0	0
-0.787	-0.786	0	0
-0.786	-0.785	0	0
-0.785	-0.784	0	0
-0.784	-0.783	0	0
-0.783	-0.782	0	0
-0.782	-0.781	0	0
-0.781	-0.780	0	0
-0.780	-0.779	0	0
-0.779	-0.778	0	0
-0.778	-0.777	0	0
-0.777	-0.776	0	0
-0.776	-0.775	0	0
-0.775	-0.774	0	0
-0.774	-0.773	0	0
-0.773	-0.772	1	1
-0.772	-0.771	0	1
-0.771	-0.770	0	1
-0.770	-0.769	0	1
-0.769	-0.768	0	1
-0.768	-0.767	0	1
-0.767	-0.766	0	1
-0.766	-0.765	0	1
-0.765	-0.764	0	1
-0.764	-0.763	0	1
-0.763	-0.762	0	1
-0.762	-0.761	0	1
-0.761	-0.760	0	1
-0.760	-0.759	0	1
-0.759	-0.758	0	1
-0.758	-0.757	0	1
-0.757	-0.756	0	1
-0.756	-0.755	0	1
-0.755	-0.754	0	1
-0.754	-0.753	0	1
-0.753	-0.752	0	1
-0.752	-0.751	0	1
-0.751	-0.750	0	1
-0.750	-0.749	0	1
-0.749	-0.748	0	1
-0.748	-0.747	0	1
-0.747	-0.746	0	1
-0.746	-0.745	0	1
-0.745	-0.744	0	1
-0.744	-0.743	0	1
-0.743	-0.742	1	2
-0.742	-0.741	0	2
-0.741	-0.740	0	2
-0.740	-0.739	0	2
-0.739	-0.738	0	2
-0.738	-0.737	0	2
-0.737	-0.736	0	2
-0.736	-0.735	0	2
-0.735	-0.734	0	2
-0.734	-0.733	0	2
-0.733	-0.732	0	2
-0.732	-0.731	0	2
-0.731	-0.730	0	2
-0.730	-0.729	0	2
-0.729	-0.728	0	2
-0.728	-0.727	0	2
-0.727	-0.726	0	2
-0.726	-0.725	0	2
-0.725	-0.724	0	2
-0.724	-0.723	0	2
-0.723	-0.722	0	2
-0.722	-0.721	0	2
-0.721	-0.720	0	2
-0.720	-0.719	0	2
-0.719	-0.718	0	2
-0.718	-0.717	0	2
-0.717	-0.716	0	2
-0.716	-0.715	0	2
-0.715	-0.714	0	2
-0.714	-0.713	0	2
-0.713	-0.712	0	2
-0.712	-0.711	0	2
-0.711	-0.710	0	2
-0.710	-0.709	0	2
-0.709	-0.708	0	2
-0.708	-0.707	0	2
-0.707	-0.706	0	2
-0.706	-0.705	0	2
-0.705	-0.704	0	2
-0.704	-0.703	0	2
-0.703	-0.702	0	2
-0.702	-0.701	0	2
-0.701	-0.700	0	2
-0.700	-0.699	0	2
-0.699	-0.698	0	2
-0.698	-0.697	0	2
-0.697	-0.696	0	2
-0.696	-0.695	0	2
-0.695	-0.694	0	2
-0.694	-0.693	0	2
-0.693	-0.692	0	2
-0.692	-0.691	0	2
-0.691	-0.690	0	2
-0.690	-0.689	0	2
-0.689	-0.688	0	2
-0.688	-0.687	0	2
-0.687	-0.686	0	2
-0.686	-0.685	0	2
-0.685	-0.684	0	2
-0.684	-0.683	0	2
-0.683	-0.682	0	2
-0.682	-0.681	0	2
-0.681	-0.680	0	2
-0.680	-0.679	0	2
-0.679	-0.678	0	2
-0.678	-0.677	0	2
-0.677	-0.676	0	2
-0.676	-0.675	0	2
-0.675	-0.674	0	2
-0.674	-0.673	0	2
-0.673	-0.672	0	2
-0.672	-0.671	0	2
-0.671	-0.670	0	2
-0.670	-0.669	0	2
-0.669	-0.668	0	2
-0.668	-0.667	0	2
-0.667	-0.666	0	2
-0.666	-0.665	0	2
-0.665	-0.664	0	2
-0.664	-0.663	0	2
-0.663	-0.662	0	2
-0.662	-0.661	0	2
-0.661	-0.660	0	2
-0.660	-0.659	0	2
-0.659	-0.658	0	2
-0.658	-0.657	0	2
-0.657	-0.656	0	2
-0.656	-0.655	0	2
-0.655	-0.654	0	2
-0.654	-0.653	1	3
-0.653	-0.652	0	3
-0.652	-0.651	0	3
-0.651	-0.650	0	3
-0.650	-0.649	0	3
-0.649	-0.648	0	3
-0.648	-0.647	0	3
-0.647	-0.646	0	3
-0.646	-0.645	0	3
-0.645	-0.644	0	3
-0.644	-0.643	1	4
-0.643	-0.642	0	4
-0.642	-0.641	0	4
-0.641	-0.640	0	4
-0.640	-0.639	0	4
-0.639	-0.638	0	4
-0.638	-0.637	0	4
-0.637	-0.636	0	4
-0.636	-0.635	0	4
-0.635	-0.634	0	4
-0.634	-0.633	0	4
-0.633	-0.632	0	4
-0.632	-0.631	0	4
-0.631	-0.630	0	4
-0.630	-0.629	1	5
-0.629	-0.628	0	5
-0.628	-0.627	0	5
-0.627	-0.626	0	5
-0.626	-0.625	0	5
-0.625	-0.624	0	5
-0.624	-0.623	0	5
-0.623	-0.622	0	5
-0.622	-0.621	0	5
-0.621	-0.620	0	5
-0.620	-0.619	0	5
-0.619	-0.618	0	5
-0.618	-0.617	0	5
-0.617	-0.616	0	5
-0.616	-0.615	0	5
-0.615	-0.614	0	5
-0.614	-0.613	0	5
-0.613	-0.612	0	5
-0.612	-0.611	0	5
-0.611	-0.610	0	5
-0.610	-0.609	0	5
-0.609	-0.608	1	6
-0.608	-0.607	0	6
-0.607	-0.606	0	6
-0.606	-0.605	1	7
-0.605	-0.604	0	7
-0.604	-0.603	0	7
-0.603	-0.602	1	8
-0.602	-0.601	0	8
-0.601	-0.600	0	8
-0.600	-0.599	1	9
-0.599	-0.598	1	10
-0.598	-0.597	0	10
-0.597	-0.596	0	10
-0.596	-0.595	1	11
-0.595	-0.594	0	11
-0.594	-0.593	0	11
-0.593	-0.592	0	11
-0.592	-0.591	0	11
-0.591	-0.590	0	11
-0.590	-0.589	0	11
-0.589	-0.588	0	11
-0.588	-0.587	0	11
-0.587	-0.586	0	11
-0.586	-0.585	0	11
-0.585	-0.584	0	11
-0.584	-0.583	0	11
-0.583	-0.582	0	11
-0.582	-0.581	0	11
-0.581	-0.580	0	11
-0.580	-0.579	0	11
-0.579	-0.578	0	11
-0.578	-0.577	0	11
-0.577	-0.576	0	11
-0.576	-0.575	0	11
-0.575	-0.574	0	11
-0.574	-0.573	0	11
-0.573	-0.572	0	11
-0.572	-0.571	0	11
-0.571	-0.570	0	11
-0.570	-0.569	1	12
-0.569	-0.568	1	13
-0.568	-0.567	0	13
-0.567	-0.566	0	13
-0.566	-0.565	0	13
-0.565	-0.564	0	13
-0.564	-0.563	0	13
-0.563	-0.562	0	13
-0.562	-0.561	0	13
-0.561	-0.560	0	13
-0.560	-0.559	0	13
-0.559	-0.558	0	13
-0.558	-0.557	0	13
-0.557	-0.556	1	14
-0.556	-0.555	1	15
-0.555	-0.554	0	15
-0.554	-0.553	0	15
-0.553	-0.552	0	15
-0.552	-0.551	0	15
-0.551	-0.550	0	15
-0.550	-0.549	0	15
-0.549	-0.548	0	15
-0.548	-0.547	0	15
-0.547	-0.546	0	15
-0.546	-0.545	0	15
-0.545	-0.544	1	16
-0.544	-0.543	0	16
-0.543	-0.542	0	16
-0.542	-0.541	0	16
-0.541	-0.540	0	16
-0.540	-0.539	0	16
-0.539	-0.538	0	16
-0.538	-0.537	0	16
-0.537	-0.536	0	16
-0.536	-0.535	0	16
-0.535	-0.534	1	17
-0.534	-0.533	0	17
-0.533	-0.532	0	17
-0.532	-0.531	0	17
-0.531	-0.530	0	17
-0.530	-0.529	0	17
-0.529	-0.528	0	17
-0.528	-0.527	1	18
-0.527	-0.526	0	18
-0.526	-0.525	1	19
-0.525	-0.524	0	19
-0.524	-0.523	0	19
-0.523	-0.522	0	19
-0.522	-0.521	0	19
-0.521	-0.520	0	19
-0.520	-0.519	0	19
-0.519	-0.518	1	20
-0.518	-0.517	0	20
-0.517	-0.516	0	20
-0.516	-0.515	0	20
-0.515	-0.514	0	20
-0.514	-0.513	0	20
-0.513	-0.512	0	20
-0.512	-0.511	0	20
-0.511	-0.510	0	20
-0.510	-0.509	0	20
-0.509	-0.508	0	20
-0.508	-0.507	0	20
-0.507	-0.506	0	20
-0.506	-0.505	0	20
-0.505	-0.504	1	21
-0.504	-0.503	0	21
-0.503	-0.502	0	21
-0.502	-0.501	0	21
-0.501	-0.500	0	21
-0.500	-0.499	0	21
-0.499	-0.498	0	21
-0.498	-0.497	0	21
-0.497	-0.496	0	21
-0.496	-0.495	1	22
-0.495	-0.494	0	22
-0.494	-0.493	2	24
-0.493	-0.492	1	25
-0.492	-0.491	0	25
-0.491	-0.490	1	26
-0.490	-0.489	1	27
-0.489	-0.488	1	28
-0.488	-0.487	0	28
-0.487	-0.486	0	28
-0.486	-0.485	1	29
-0.485	-0.484	0	29
-0.484	-0.483	0	29
-0.483	-0.482	1	30
-0.482	-0.481	0	30
-0.481	-0.480	2	32
-0.480	-0.479	1	33
-0.479	-0.478	1	34
-0.478	-0.477	0	34
-0.477	-0.476	0	34
-0.476	-0.475	0	34
-0.475	-0.474	0	34
-0.474	-0.473	0	34
-0.473	-0.472	1	35
-0.472	-0.471	0	35
-0.471	-0.470	0	35
-0.470	-0.469	0	35
-0.469	-0.468	0	35
-0.468	-0.467	2	37
-0.467	-0.466	0	37
-0.466	-0.465	1	38
-0.465	-0.464	0	38
-0.464	-0.463	1	39
-0.463	-0.462	0	39
-0.462	-0.461	1	40
-0.461	-0.460	0	40
-0.460	-0.459	0	40
-0.459	-0.458	0	40
-0.458	-0.457	0	40
-0.457	-0.456	0	40
-0.456	-0.455	0	40
-0.455	-0.454	1	41
-0.454	-0.453	0	41
-0.453	-0.452	1	42
-0.452	-0.451	0	42
-0.451	-0.450	0	42
-0.450	-0.449	0	42
-0.449	-0.448	1	43
-0.448	-0.447	0	43
-0.447	-0.446	0	43
-0.446	-0.445	0	43
-0.445	-0.444	1	44
-0.444	-0.443	0	44
-0.443	-0.442	1	45
-0.442	-0.441	0	45
-0.441	-0.440	1	46
-0.440	-0.439	0	46
-0.439	-0.438	0	46
-0.438	-0.437	2	48
-0.437	-0.436	0	48
-0.436	-0.435	1	49
-0.435	-0.434	0	49
-0.434	-0.433	0	49
-0.433	-0.432	0	49
-0.432	-0.431	1	50
-0.431	-0.430	0	50
-0.430	-0.429	1	51
-0.429	-0.428	0	51
-0.428	-0.427	0	51
-0.427	-0.426	1	52
-0.426	-0.425	0	52
-0.425	-0.424	1	53
-0.424	-0.423	1	54
-0.423	-0.422	1	55
-0.422	-0.421	0	55
-0.421	-0.420	1	56
-0.420	-0.419	0	56
-0.419	-0.418	0	56
-0.418	-0.417	0	56
-0.417	-0.416	1	57
-0.416	-0.415	1	58
-0.415	-0.414	0	58
-0.414	-0.413	1	59
-0.413	-0.412	1	60
-0.412	-0.411	2	62
-0.411	-0.410	1	63
-0.410	-0.409	0	63
-0.409	-0.408	0	63
-0.408	-0.407	2	65
-0.407	-0.406	0	65
-0.406	-0.405	0	65
-0.405	-0.404	0	65
-0.404	-0.403	1	66
-0.403	-0.402	0	66
-0.402	-0.401	0	66
-0.401	-0.400	0	66
-0.400	-0.399	1	67
-0.399	-0.398	0	67
-0.398	-0.397	0	67
-0.397	-0.396	1	68
-0.396	-0.395	0	68
-0.395	-0.394	1	69
-0.394	-0.393	0	69
-0.393	-0.392	0	69
-0.392	-0.391	0	69
-0.391	-0.390	0	69
-0.390	-0.389	0	69
-0.389	-0.388	0	69
-0.388	-0.387	1	70
-0.387	-0.386	1	71
-0.386	-0.385	1	72
-0.385	-0.384	1	73
-0.384	-0.383	1	74
-0.383	-0.382	1	75
-0.382	-0.381	0	75
-0.381	-0.380	0	75
-0.380	-0.379	1	76
-0.379	-0.378	0	76
-0.378	-0.377	0	76
-0.377	-0.376	0	76
-0.376	-0.375	2	78
-0.375	-0.374	0	78
-0.374	-0.373	1	79
-0.373	-0.372	0	79
-0.372	-0.371	0	79
-0.371	-0.370	4	83
-0.370	-0.369	1	84
-0.369	-0.368	0	84
-0.368	-0.367	1	85
-0.367	-0.366	0	85
-0.366	-0.365	0	85
-0.365	-0.364	0	85
-0.364	-0.363	3	88
-0.363	-0.362	0	88
-0.362	-0.361	3	91
-0.361	-0.360	1	92
-0.360	-0.359	2	94
-0.359	-0.358	1	95
-0.358	-0.357	1	96
-0.357	-0.356	0	96
-0.356	-0.355	1	97
-0.355	-0.354	1	98
-0.354	-0.353	0	98
-0.353	-0.352	0	98
-0.352	-0.351	0	98
-0.351	-0.350	0	98
-0.350	-0.349	3	101
-0.349	-0.348	1	102
-0.348	-0.347	0	102
-0.347	-0.346	1	103
-0.346	-0.345	0	103
-0.345	-0.344	1	104
-0.344	-0.343	0	104
-0.343	-0.342	0	104
-0.342	-0.341	1	105
-0.341	-0.340	0	105
-0.340	-0.339	1	106
-0.339	-0.338	0	106
-0.338	-0.337	0	106
-0.337	-0.336	1	107
-0.336	-0.335	1	108
-0.335	-0.334	0	108
-0.334	-0.333	1	109
-0.333	-0.332	0	109
-0.332	-0.331	4	113
-0.331	-0.330	2	115
-0.330	-0.329	1	116
-0.329	-0.328	2	118
-0.328	-0.327	0	118
-0.327	-0.326	2	120
-0.326	-0.325	1	121
-0.325	-0.324	1	122
-0.324	-0.323	0	122
-0.323	-0.322	1	123
-0.322	-0.321	0	123
-0.321	-0.320	0	123
-0.320	-0.319	1	124
-0.319	-0.318	2	126
-0.318	-0.317	1	127
-0.317	-0.316	1	128
-0.316	-0.315	3	131
-0.315	-0.314	2	133
-0.314	-0.313	1	134
-0.313	-0.312	2	136
-0.312	-0.311	0	136
-0.311	-0.310	2	138
-0.310	-0.309	1	139
-0.309	-0.308	0	139
-0.308	-0.307	1	140
-0.307	-0.306	2	142
-0.306	-0.305	0	142
-0.305	-0.304	0	142
-0.304	-0.303	0	142
-0.303	-0.302	0	142
-0.302	-0.301	0	142
-0.301	-0.300	0	142
-0.300	-0.299	1	143
-0.299	-0.298	0	143
-0.298	-0.297	1	144
-0.297	-0.296	0	144
-0.296	-0.295	1	145
-0.295	-0.294	2	147
-0.294	-0.293	0	147
-0.293	-0.292	1	148
-0.292	-0.291	0	148
-0.291	-0.290	0	148
-0.290	-0.289	1	149
-0.289	-0.288	0	149
-0.288	-0.287	0	149
-0.287	-0.286	0	149
-0.286	-0.285	2	151
-0.285	-0.284	0	151
-0.284	-0.283	1	152
-0.283	-0.282	2	154
-0.282	-0.281	1	155
-0.281	-0.280	1	156
-0.280	-0.279	1	157
-0.279	-0.278	1	158
-0.278	-0.277	2	160
-0.277	-0.276	0	160
-0.276	-0.275	0	160
-0.275	-0.274	1	161
-0.274	-0.273	1	162
-0.273	-0.272	2	164
-0.272	-0.271	0	164
-0.271	-0.270	0	164
-0.270	-0.269	1	165
-0.269	-0.268	0	165
-0.268	-0.267	0	165
-0.267	-0.266	0	165
-0.266	-0.265	0	165
-0.265	-0.264	2	167
-0.264	-0.263	0	167
-0.263	-0.262	2	169
-0.262	-0.261	0	169
-0.261	-0.260	3	172
-0.260	-0.259	2	174
-0.259	-0.258	2	176
-0.258	-0.257	0	176
-0.257	-0.256	0	176
-0.256	-0.255	2	178
-0.255	-0.254	1	179
-0.254	-0.253	1	180
-0.253	-0.252	3	183
-0.252	-0.251	0	183
-0.251	-0.250	0	183
-0.250	-0.249	1	184
-0.249	-0.248	1	185
-0.248	-0.247	2	187
-0.247	-0.246	1	188
-0.246	-0.245	2	190
-0.245	-0.244	2	192
-0.244	-0.243	1	193
-0.243	-0.242	2	195
-0.242	-0.241	0	195
-0.241	-0.240	0	195
-0.240	-0.239	3	198
-0.239	-0.238	2	200
-0.238	-0.237	2	202
-0.237	-0.236	0	202
-0.236	-0.235	1	203
-0.235	-0.234	2	205
-0.234	-0.233	0	205
-0.233	-0.232	1	206
-0.232	-0.231	2	208
-0.231	-0.230	0	208
-0.230	-0.229	1	209
-0.229	-0.228	1	210
-0.228	-0.227	0	210
-0.227	-0.226	0	210
-0.226	-0.225	0	210
-0.225	-0.224	1	211
-0.224	-0.223	0	211
-0.223	-0.222	2	213
-0.222	-0.221	1	214
-0.221	-0.220	0	214
-0.220	-0.219	1	215
-0.219	-0.218	2	217
-0.218	-0.217	0	217
-0.217	-0.216	1	218
-0.216	-0.215	0	218
-0.215	-0.214	3	221
-0.214	-0.213	0	221
-0.213	-0.212	3	224
-0.212	-0.211	0	224
-0.211	-0.210	0	224
-0.210	-0.209	1	225
-0.209	-0.208	1	226
-0.208	-0.207	0	226
-0.207	-0.206	2	228
-0.206	-0.205	4	232
-0.205	-0.204	0	232
-0.204	-0.203	0	232
-0.203	-0.202	1	233
-0.202	-0.201	0	233
-0.201	-0.200	1	234
-0.200	-0.199	3	237
-0.199	-0.198	1	238
-0.198	-0.197	1	239
-0.197	-0.196	1	240
-0.196	-0.195	2	242
-0.195	-0.194	1	243
-0.194	-0.193	2	245
-0.193	-0.192	3	248
-0.192	-0.191	1	249
-0.191	-0.190	1	250
-0.190	-0.189	2	252
-0.189	-0.188	1	253
-0.188	-0.187	1	254
-0.187	-0.186	2	256
-0.186	-0.185	3	259
-0.185	-0.184	3	262
-0.184	-0.183	0	262
-0.183	-0.182	2	264
-0.182	-0.181	0	264
-0.181	-0.180	1	265
-0.180	-0.179	1	266
-0.179	-0.178	0	266
-0.178	-0.177	0	266
-0.177	-0.176	1	267
-0.176	-0.175	1	268
-0.175	-0.174	2	270
-0.174	-0.173	1	271
-0.173	-0.172	0	271
-0.172	-0.171	0	271
-0.171	-0.170	2	273
-0.170	-0.169	1	274
-0.169	-0.168	0	274
-0.168	-0.167	0	274
-0.167	-0.166	1	275
-0.166	-0.165	1	276
-0.165	-0.164	1	277
-0.164	-0.163	0	277
-0.163	-0.162	4	281
-0.162	-0.161	0	281
-0.161	-0.160	1	282
-0.160	-0.159	1	283
-0.159	-0.158	2	285
-0.158	-0.157	1	286
-0.157	-0.156	1	287
-0.156	-0.155	0	287
-0.155	-0.154	0	287
-0.154	-0.153	0	287
-0.153	-0.152	2	289
-0.152	-0.151	1	290
-0.151	-0.150	1	291
-0.150	-0.149	0	291
-0.149	-0.148	2	293
-0.148	-0.147	1	294
-0.147	-0.146	1	295
-0.146	-0.145	2	297
-0.145	-0.144	1	298
-0.144	-0.143	2	300
-0.143	-0.142	1	301
-0.142	-0.141	3	304
-0.141	-0.140	1	305
-0.140	-0.139	1	306
-0.139	-0.138	1	307
-0.138	-0.137	0	307
-0.137	-0.136	2	309
-0.136	-0.135	4	313
-0.135	-0.134	1	314
-0.134	-0.133	0	314
-0.133	-0.132	1	315
-0.132	-0.131	1	316
-0.131	-0.130	1	317
-0.130	-0.129	0	317
-0.129	-0.128	1	318
-0.128	-0.127	1	319
-0.127	-0.126	0	319
-0.126	-0.125	0	319
-0.125	-0.124	1	320
-0.124	-0.123	2	322
-0.123	-0.122	0	322
-0.122	-0.121	2	324
-0.121	-0.120	2	326
-0.120	-0.119	2	328
-0.119	-0.118	1	329
-0.118	-0.117	1	330
-0.117	-0.116	1	331
-0.116	-0.115	2	333
-0.115	-0.114	0	333
-0.114	-0.113	1	334
-0.113	-0.112	2	336
-0.112	-0.111	1	337
-0.111	-0.110	0	337
-0.110	-0.109	1	338
-0.109	-0.108	1	339
-0.108	-0.107	3	342
-0.107	-0.106	1	343
-0.106	-0.105	1	344
-0.105	-0.104	1	345
-0.104	-0.103	1	346
-0.103	-0.102	2	348
-0.102	-0.101	3	351
-0.101	-0.100	1	352
-0.100	-0.099	0	352
-0.099	-0.098	1	353
-0.098	-0.097	1	354
-0.097	-0.096	1	355
-0.096	-0.095	1	356
-0.095	-0.094	2	358
-0.094	-0.093	1	359
-0.093	-0.092	3	362
-0.092	-0.091	0	362
-0.091	-0.090	2	364
-0.090	-0.089	3	367
-0.089	-0.088	0	367
-0.088	-0.087	1	368
-0.087	-0.086	1	369
-0.086	-0.085	1	370
-0.085	-0.084	1	371
-0.084	-0.083	1	372
-0.083	-0.082	3	375
-0.082	-0.081	1	376
-0.081	-0.080	2	378
-0.080	-0.079	2	380
-0.079	-0.078	0	380
-0.078	-0.077	4	384
-0.077	-0.076	1	385
-0.076	-0.075	1	386
-0.075	-0.074	1	387
-0.074	-0.073	1	388
-0.073	-0.072	0	388
-0.072	-0.071	0	388
-0.071	-0.070	1	389
-0.070	-0.069	2	391
-0.069	-0.068	1	392
-0.068	-0.067	1	393
-0.067	-0.066	2	395
-0.066	-0.065	1	396
-0.065	-0.064	1	397
-0.064	-0.063	1	398
-0.063	-0.062	0	398
-0.062	-0.061	1	399
-0.061	-0.060	1	400
-0.060	-0.059	2	402
-0.059	-0.058	0	402
-0.058	-0.057	1	403
-0.057	-0.056	0	403
-0.056	-0.055	3	406
-0.055	-0.054	1	407
-0.054	-0.053	1	408
-0.053	-0.052	2	410
-0.052	-0.051	0	410
-0.051	-0.050	1	411
-0.050	-0.049	1	412
-0.049	-0.048	2	414
-0.048	-0.047	2	416
-0.047	-0.046	2	418
-0.046	-0.045	3	421
-0.045	-0.044	1	422
-0.044	-0.043	2	424
-0.043	-0.042	1	425
-0.042	-0.041	2	427
-0.041	-0.040	1	428
-0.040	-0.039	1	429
-0.039	-0.038	1	430
-0.038	-0.037	1	431
-0.037	-0.036	0	431
-0.036	-0.035	0	431
-0.035	-0.034	3	434
-0.034	-0.033	1	435
-0.033	-0.032	1	436
-0.032	-0.031	0	436
-0.031	-0.030	0	436
-0.030	-0.029	2	438
-0.029	-0.028	0	438
-0.028	-0.027	3	441
-0.027	-0.026	1	442
-0.026	-0.025	2	444
-0.025	-0.024	0	444
-0.024	-0.023	1	445
-0.023	-0.022	0	445
-0.022	-0.021	1	446
-0.021	-0.020	2	448
-0.020	-0.019	8	456
-0.019	-0.018	2	458
-0.018	-0.017	1	459
-0.017	-0.016	2	461
-0.016	-0.015	7	468
-0.015	-0.014	0	468
-0.014	-0.013	8	476
-0.013	-0.012	4	480
-0.012	-0.011	2	482
-0.011	-0.010	1	483
-0.010	-0.009	4	487
-0.009	-0.008	1	488
-0.008	-0.007	1	489
-0.007	-0.006	1	490
-0.006	-0.005	2	492
-0.005	-0.004	3	495
-0.004	-0.003	0	495
-0.003	-0.002	6	501
-0.002	-0.001	0	501
-0.001	-0.000	1	502
0.000	0.001	5	507
0.001	0.002	1	508
0.002	0.003	1	509
0.003	0.004	3	512
0.004	0.005	1	513
0.005	0.006	1	514
0.006	0.007	3	517
0.007	0.008	6	523
0.008	0.009	1	524
0.009	0.010	2	526
0.010	0.011	5	531
0.011	0.012	3	534
0.012	0.013	0	534
0.013	0.014	2	536
0.014	0.015	1	537
0.015	0.016	2	539
0.016	0.017	2	541
0.017	0.018	1	542
0.018	0.019	2	544
0.019	0.020	1	545
0.020	0.021	2	547
0.021	0.022	2	549
0.022	0.023	1	550
0.023	0.024	6	556
0.024	0.025	2	558
0.025	0.026	2	560
0.026	0.027	2	562
0.027	0.028	2	564
0.028	0.029	0	564
0.029	0.030	2	566
0.030	0.031	1	567
0.031	0.032	2	569
0.032	0.033	2	571
0.033	0.034	5	576
0.034	0.035	1	577
0.035	0.036	2	579
0.036	0.037	2	581
0.037	0.038	2	583
0.038	0.039	3	586
0.039	0.040	3	589
0.040	0.041	3	592
0.041	0.042	0	592
0.042	0.043	3	595
0.043	0.044	3	598
0.044	0.045	0	598
0.045	0.046	3	601
0.046	0.047	2	603
0.047	0.048	2	605
0.048	0.049	3	608
0.049	0.050	3	611
0.050	0.051	1	612
0.051	0.052	3	615
0.052	0.053	2	617
0.053	0.054	3	620
0.054	0.055	0	620
0.055	0.056	0	620
0.056	0.057	3	623
0.057	0.058	2	625
0.058	0.059	5	630
0.059	0.060	2	632
0.060	0.061	5	637
0.061	0.062	2	639
0.062	0.063	3	642
0.063	0.064	3	645
0.064	0.065	3	648
0.065	0.066	2	650
0.066	0.067	5	655
0.067	0.068	3	658
0.068	0.069	2	660
0.069	0.070	2	662
0.070	0.071	5	667
0.071	0.072	3	670
0.072	0.073	0	670
0.073	0.074	5	675
0.074	0.075	3	678
0.075	0.076	2	680
0.076	0.077	6	686
0.077	0.078	0	686
0.078	0.079	2	688
0.079	0.080	1	689
0.080	0.081	3	692
0.081	0.082	4	696
0.082	0.083	3	699
0.083	0.084	0	699
0.084	0.085	1	700
0.085	0.086	3	703
0.086	0.087	4	707
0.087	0.088	2	709
0.088	0.089	3	712
0.089	0.090	3	715
0.090	0.091	2	717
0.091	0.092	2	719
0.092	0.093	2	721
0.093	0.094	7	728
0.094	0.095	2	730
0.095	0.096	1	731
0.096	0.097	1	732
0.097	0.098	0	732
0.098	0.099	1	733
0.099	0.100	2	735
0.100	0.101	4	739
0.101	0.102	3	742
0.102	0.103	3	745
0.103	0.104	3	748
0.104	0.105	4	752
0.105	0.106	7	759
0.106	0.107	2	761
0.107	0.108	2	763
0.108	0.109	2	765
0.109	0.110	2	767
0.110	0.111	2	769
0.111	0.112	3	772
0.112	0.113	2	774
0.113	0.114	3	777
0.114	0.115	1	778
0.115	0.116	1	779
0.116	0.117	7	786
0.117	0.118	0	786
0.118	0.119	1	787
0.119	0.120	1	788
0.120	0.121	3	791
0.121	0.122	2	793
0.122	0.123	2	795
0.123	0.124	1	796
0.124	0.125	2	798
0.125	0.126	1	799
0.126	0.127	5	804
0.127	0.128	2	806
0.128	0.129	1	807
0.129	0.130	2	809
0.130	0.131	3	812
0.131	0.132	4	816
0.132	0.133	5	821
0.133	0.134	6	827
0.134	0.135	0	827
0.135	0.136	0	827
0.136	0.137	1	828
0.137	0.138	1	829
0.138	0.139	3	832
0.139	0.140	2	834
0.140	0.141	3	837
0.141	0.142	3	840
0.142	0.143	1	841
0.143	0.144	4	845
0.144	0.145	3	848
0.145	0.146	1	849
0.146	0.147	2	851
0.147	0.148	2	853
0.148	0.149	1	854
0.149	0.150	1	855
0.150	0.151	4	859
0.151	0.152	3	862
0.152	0.153	4	866
0.153	0.154	6	872
0.154	0.155	4	876
0.155	0.156	1	877
0.156	0.157	3	880
0.157	0.158	2	882
0.158	0.159	4	886
0.159	0.160	1	887
0.160	0.161	3	890
0.161	0.162	5	895
0.162	0.163	2	897
0.163	0.164	5	902
0.164	0.165	0	902
0.165	0.166	3	905
0.166	0.167	2	907
0.167	0.168	2	909
0.168	0.169	2	911
0.169	0.170	4	915
0.170	0.171	2	917
0.171	0.172	4	921
0.172	0.173	1	922
0.173	0.174	6	928
0.174	0.175	3	931
0.175	0.176	3	934
0.176	0.177	3	937
0.177	0.178	2	939
0.178	0.179	2	941
0.179	0.180	3	944
0.180	0.181	3	947
0.181	0.182	2	949
0.182	0.183	1	950
0.183	0.184	3	953
0.184	0.185	4	957
0.185	0.186	4	961
0.186	0.187	4	965
0.187	0.188	2	967
0.188	0.189	2	969
0.189	0.190	6	975
0.190	0.191	5	980
0.191	0.192	0	980
0.192	0.193	1	981
0.193	0.194	7	988
0.194	0.195	1	989
0.195	0.196	3	992
0.196	0.197	6	998
0.197	0.198	2	1000
0.198	0.199	4	1004
0.199	0.200	1	1005
0.200	0.201	5	1010
0.201	0.202	3	1013
0.202	0.203	1	1014
0.203	0.204	2	1016
0.204	0.205	2	1018
0.205	0.206	3	1021
0.206	0.207	4	1025
0.207	0.208	3	1028
0.208	0.209	0	1028
0.209	0.210	5	1033
0.210	0.211	8	1041
0.211	0.212	2	1043
0.212	0.213	1	1044
0.213	0.214	4	1048
0.214	0.215	2	1050
0.215	0.216	3	1053
0.216	0.217	5	1058
0.217	0.218	6	1064
0.218	0.219	3	1067
0.219	0.220	5	1072
0.220	0.221	3	1075
0.221	0.222	4	1079
0.222	0.223	1	1080
0.223	0.224	4	1084
0.224	0.225	2	1086
0.225	0.226	4	1090
0.226	0.227	7	1097
0.227	0.228	4	1101
0.228	0.229	3	1104
0.229	0.230	1	1105
0.230	0.231	5	1110
0.231	0.232	2	1112
0.232	0.233	7	1119
0.233	0.234	7	1126
0.234	0.235	0	1126
0.235	0.236	1	1127
0.236	0.237	3	1130
0.237	0.238	2	1132
0.238	0.239	4	1136
0.239	0.240	5	1141
0.240	0.241	7	1148
0.241	0.242	4	1152
0.242	0.243	5	1157
0.243	0.244	4	1161
0.244	0.245	2	1163
0.245	0.246	4	1167
0.246	0.247	9	1176
0.247	0.248	3	1179
0.248	0.249	1	1180
0.249	0.250	0	1180
0.250	0.251	7	1187
0.251	0.252	2	1189
0.252	0.253	5	1194
0.253	0.254	5	1199
0.254	0.255	3	1202
0.255	0.256	2	1204
0.256	0.257	4	1208
0.257	0.258	3	1211
0.258	0.259	1	1212
0.259	0.260	1	1213
0.260	0.261	6	1219
0.261	0.262	1	1220
0.262	0.263	1	1221
0.263	0.264	2	1223
0.264	0.265	3	1226
0.265	0.266	2	1228
0.266	0.267	5	1233
0.267	0.268	3	1236
0.268	0.269	2	1238
0.269	0.270	1	1239
0.270	0.271	5	1244
0.271	0.272	3	1247
0.272	0.273	1	1248
0.273	0.274	8	1256
0.274	0.275	2	1258
0.275	0.276	4	1262
0.276	0.277	7	1269
0.277	0.278	3	1272
0.278	0.279	8	1280
0.279	0.280	3	1283
0.280	0.281	5	1288
0.281	0.282	7	1295
0.282	0.283	2	1297
0.283	0.284	10	1307
0.284	0.285	0	1307
0.285	0.286	3	1310
0.286	0.287	4	1314
0.287	0.288	3	1317
0.288	0.289	1	1318
0.289	0.290	3	1321
0.290	0.291	6	1327
0.291	0.292	4	1331
0.292	0.293	3	1334
0.293	0.294	1	1335
0.294	0.295	2	1337
0.295	0.296	3	1340
0.296	0.297	4	1344
0.297	0.298	4	1348
0.298	0.299	2	1350
0.299	0.300	4	1354
0.300	0.301	5	1359
0.301	0.302	1	1360
0.302	0.303	4	1364
0.303	0.304	2	1366
0.304	0.305	0	1366
0.305	0.306	3	1369
0.306	0.307	4	1373
0.307	0.308	6	1379
0.308	0.309	2	1381
0.309	0.310	5	1386
0.310	0.311	4	1390
0.311	0.312	4	1394
0.312	0.313	4	1398
0.313	0.314	3	1401
0.314	0.315	1	1402
0.315	0.316	4	1406
0.316	0.317	5	1411
0.317	0.318	3	1414
0.318	0.319	3	1417
0.319	0.320	7	1424
0.320	0.321	3	1427
0.321	0.322	1	1428
0.322	0.323	3	1431
0.323	0.324	4	1435
0.324	0.325	1	1436
0.325	0.326	1	1437
0.326	0.327	3	1440
0.327	0.328	9	1449
0.328	0.329	8	1457
0.329	0.330	6	1463
0.330	0.331	5	1468
0.331	0.332	6	1474
0.332	0.333	3	1477
0.333	0.334	7	1484
0.334	0.335	4	1488
0.335	0.336	4	1492
0.336	0.337	7	1499
0.337	0.338	2	1501
0.338	0.339	3	1504
0.339	0.340	6	1510
0.340	0.341	11	1521
0.341	0.342	5	1526
0.342	0.343	6	1532
0.343	0.344	3	1535
0.344	0.345	8	1543
0.345	0.346	5	1548
0.346	0.347	5	1553
0.347	0.348	5	1558
0.348	0.349	5	1563
0.349	0.350	2	1565
0.350	0.351	7	1572
0.351	0.352	3	1575
0.352	0.353	5	1580
0.353	0.354	2	1582
0.354	0.355	1	1583
0.355	0.356	2	1585
0.356	0.357	7	1592
0.357	0.358	4	1596
0.358	0.359	8	1604
0.359	0.360	4	1608
0.360	0.361	8	1616
0.361	0.362	4	1620
0.362	0.363	4	1624
0.363	0.364	8	1632
0.364	0.365	7	1639
0.365	0.366	3	1642
0.366	0.367	5	1647
0.367	0.368	3	1650
0.368	0.369	5	1655
0.369	0.370	3	1658
0.370	0.371	5	1663
0.371	0.372	7	1670
0.372	0.373	5	1675
0.373	0.374	7	1682
0.374	0.375	6	1688
0.375	0.376	8	1696
0.376	0.377	8	1704
0.377	0.378	5	1709
0.378	0.379	6	1715
0.379	0.380	9	1724
0.380	0.381	7	1731
0.381	0.382	4	1735
0.382	0.383	3	1738
0.383	0.384	3	1741
0.384	0.385	10	1751
0.385	0.386	2	1753
0.386	0.387	5	1758
0.387	0.388	6	1764
0.388	0.389	2	1766
0.389	0.390	2	1768
0.390	0.391	5	1773
0.391	0.392	3	1776
0.392	0.393	6	1782
0.393	0.394	12	1794
0.394	0.395	2	1796
0.395	0.396	3	1799
0.396	0.397	4	1803
0.397	0.398	3	1806
0.398	0.399	3	1809
0.399	0.400	2	1811
0.400	0.401	6	1817
0.401	0.402	3	1820
0.402	0.403	5	1825
0.403	0.404	6	1831
0.404	0.405	2	1833
0.405	0.406	2	1835
0.406	0.407	6	1841
0.407	0.408	5	1846
0.408	0.409	3	1849
0.409	0.410	1	1850
0.410	0.411	8	1858
0.411	0.412	3	1861
0.412	0.413	5	1866
0.413	0.414	10	1876
0.414	0.415	6	1882
0.415	0.416	5	1887
0.416	0.417	4	1891
0.417	0.418	3	1894
0.418	0.419	3	1897
0.419	0.420	4	1901
0.420	0.421	7	1908
0.421	0.422	0	1908
0.422	0.423	5	1913
0.423	0.424	11	1924
0.424	0.425	8	1932
0.425	0.426	3	1935
0.426	0.427	9	1944
0.427	0.428	6	1950
0.428	0.429	6	1956
0.429	0.430	2	1958
0.430	0.431	9	1967
0.431	0.432	3	1970
0.432	0.433	4	1974
0.433	0.434	7	1981
0.434	0.435	1	1982
0.435	0.436	4	1986
0.436	0.437	12	1998
0.437	0.438	4	2002
0.438	0.439	1	2003
0.439	0.440	1	2004
0.440	0.441	7	2011
0.441	0.442	5	2016
0.442	0.443	6	2022
0.443	0.444	9	2031
0.444	0.445	4	2035
0.445	0.446	3	2038
0.446	0.447	6	2044
0.447	0.448	4	2048
0.448	0.449	11	2059
0.449	0.450	4	2063
0.450	0.451	11	2074
0.451	0.452	2	2076
0.452	0.453	9	2085
0.453	0.454	5	2090
0.454	0.455	8	2098
0.455	0.456	5	2103
0.456	0.457	5	2108
0.457	0.458	8	2116
0.458	0.459	3	2119
0.459	0.460	11	2130
0.460	0.461	11	2141
0.461	0.462	6	2147
0.462	0.463	2	2149
0.463	0.464	6	2155
0.464	0.465	6	2161
0.465	0.466	2	2163
0.466	0.467	3	2166
0.467	0.468	2	2168
0.468	0.469	1	2169
0.469	0.470	3	2172
0.470	0.471	4	2176
0.471	0.472	0	2176
0.472	0.473	5	2181
0.473	0.474	5	2186
0.474	0.475	0	2186
0.475	0.476	3	2189
0.476	0.477	11	2200
0.477	0.478	10	2210
0.478	0.479	5	2215
0.479	0.480	3	2218
0.480	0.481	4	2222
0.481	0.482	3	2225
0.482	0.483	7	2232
0.483	0.484	7	2239
0.484	0.485	2	2241
0.485	0.486	6	2247
0.486	0.487	12	2259
0.487	0.488	2	2261
0.488	0.489	5	2266
0.489	0.490	8	2274
0.490	0.491	12	2286
0.491	0.492	6	2292
0.492	0.493	9	2301
0.493	0.494	11	2312
0.494	0.495	6	2318
0.495	0.496	4	2322
0.496	0.497	5	2327
0.497	0.498	7	2334
0.498	0.499	3	2337
0.499	0.500	4	2341
0.500	0.501	12	2353
0.501	0.502	2	2355
0.502	0.503	6	2361
0.503	0.504	12	2373
0.504	0.505	6	2379
0.505	0.506	12	2391
0.506	0.507	11	2402
0.507	0.508	2	2404
0.508	0.509	5	2409
0.509	0.510	5	2414
0.510	0.511	13	2427
0.511	0.512	7	2434
0.512	0.513	6	2440
0.513	0.514	9	2449
0.514	0.515	4	2453
0.515	0.516	6	2459
0.516	0.517	9	2468
0.517	0.518	6	2474
0.518	0.519	10	2484
0.519	0.520	4	2488
0.520	0.521	9	2497
0.521	0.522	6	2503
0.522	0.523	7	2510
0.523	0.524	11	2521
0.524	0.525	4	2525
0.525	0.526	5	2530
0.526	0.527	10	2540
0.527	0.528	8	2548
0.528	0.529	2	2550
0.529	0.530	7	2557
0.530	0.531	11	2568
0.531	0.532	7	2575
0.532	0.533	9	2584
0.533	0.534	12	2596
0.534	0.535	8	2604
0.535	0.536	10	2614
0.536	0.537	9	2623
0.537	0.538	6	2629
0.538	0.539	9	2638
0.539	0.540	5	2643
0.540	0.541	11	2654
0.541	0.542	6	2660
0.542	0.543	7	2667
0.543	0.544	8	2675
0.544	0.545	5	2680
0.545	0.546	7	2687
0.546	0.547	13	2700
0.547	0.548	5	2705
0.548	0.549	10	2715
0.549	0.550	4	2719
0.550	0.551	10	2729
0.551	0.552	6	2735
0.552	0.553	4	2739
0.553	0.554	7	2746
0.554	0.555	5	2751
0.555	0.556	9	2760
0.556	0.557	13	2773
0.557	0.558	8	2781
0.558	0.559	4	2785
0.559	0.560	5	2790
0.560	0.561	19	2809
0.561	0.562	8	2817
0.562	0.563	8	2825
0.563	0.564	11	2836
0.564	0.565	6	2842
0.565	0.566	3	2845
0.566	0.567	10	2855
0.567	0.568	2	2857
0.568	0.569	11	2868
0.569	0.570	6	2874
0.570	0.571	19	2893
0.571	0.572	5	2898
0.572	0.573	4	2902
0.573	0.574	7	2909
0.574	0.575	3	2912
0.575	0.576	1	2913
0.576	0.577	11	2924
0.577	0.578	9	2933
0.578	0.579	6	2939
0.579	0.580	8	2947
0.580	0.581	15	2962
0.581	0.582	6	2968
0.582	0.583	9	2977
0.583	0.584	7	2984
0.584	0.585	7	2991
0.585	0.586	8	2999
0.586	0.587	11	3010
0.587	0.588	4	3014
0.588	0.589	12	3026
0.589	0.590	2	3028
0.590	0.591	15	3043
0.591	0.592	2	3045
0.592	0.593	10	3055
0.593	0.594	8	3063
0.594	0.595	9	3072
0.595	0.596	4	3076
0.596	0.597	10	3086
0.597	0.598	6	3092
0.598	0.599	3	3095
0.599	0.600	6	3101
0.600	0.601	7	3108
0.601	0.602	4	3112
0.602	0.603	10	3122
0.603	0.604	9	3131
0.604	0.605	6	3137
0.605	0.606	7	3144
0.606	0.607	11	3155
0.607	0.608	8	3163
0.608	0.609	4	3167
0.609	0.610	4	3171
0.610	0.611	11	3182
0.611	0.612	8	3190
0.612	0.613	7	3197
0.613	0.614	14	3211
0.614	0.615	3	3214
0.615	0.616	6	3220
0.616	0.617	10	3230
0.617	0.618	14	3244
0.618	0.619	3	3247
0.619	0.620	9	3256
0.620	0.621	9	3265
0.621	0.622	4	3269
0.622	0.623	3	3272
0.623	0.624	8	3280
0.624	0.625	5	3285
0.625	0.626	4	3289
0.626	0.627	7	3296
0.627	0.628	5	3301
0.628	0.629	7	3308
0.629	0.630	6	3314
0.630	0.631	11	3325
0.631	0.632	10	3335
0.632	0.633	6	3341
0.633	0.634	6	3347
0.634	0.635	8	3355
0.635	0.636	4	3359
0.636	0.637	12	3371
0.637	0.638	10	3381
0.638	0.639	9	3390
0.639	0.640	6	3396
0.640	0.641	7	3403
0.641	0.642	3	3406
0.642	0.643	8	3414
0.643	0.644	13	3427
0.644	0.645	10	3437
0.645	0.646	10	3447
0.646	0.647	6	3453
0.647	0.648	8	3461
0.648	0.649	10	3471
0.649	0.650	4	3475
0.650	0.651	12	3487
0.651	0.652	7	3494
0.652	0.653	6	3500
0.653	0.654	12	3512
0.654	0.655	4	3516
0.655	0.656	4	3520
0.656	0.657	7	3527
0.657	0.658	8	3535
0.658	0.659	11	3546
0.659	0.660	13	3559
0.660	0.661	13	3572
0.661	0.662	12	3584
0.662	0.663	5	3589
0.663	0.664	8	3597
0.664	0.665	6	3603
0.665	0.666	6	3609
0.666	0.667	13	3622
0.667	0.668	8	3630
0.668	0.669	10	3640
0.669	0.670	3	3643
0.670	0.671	12	3655
0.671	0.672	8	3663
0.672	0.673	5	3668
0.673	0.674	8	3676
0.674	0.675	10	3686
0.675	0.676	7	3693
0.676	0.677	11	3704
0.677	0.678	8	3712
0.678	0.679	5	3717
0.679	0.680	3	3720
0.680	0.681	12	3732
0.681	0.682	7	3739
0.682	0.683	7	3746
0.683	0.684	13	3759
0.684	0.685	8	3767
0.685	0.686	7	3774
0.686	0.687	16	3790
0.687	0.688	6	3796
0.688	0.689	7	3803
0.689	0.690	9	3812
0.690	0.691	9	3821
0.691	0.692	4	3825
0.692	0.693	5	3830
0.693	0.694	14	3844
0.694	0.695	10	3854
0.695	0.696	8	3862
0.696	0.697	9	3871
0.697	0.698	4	3875
0.698	0.699	7	3882
0.699	0.700	3	3885
0.700	0.701	9	3894
0.701	0.702	6	3900
0.702	0.703	9	3909
0.703	0.704	6	3915
0.704	0.705	6	3921
0.705	0.706	7	3928
0.706	0.707	11	3939
0.707	0.708	5	3944
0.708	0.709	5	3949
0.709	0.710	2	3951
0.710	0.711	10	3961
0.711	0.712	8	3969
0.712	0.713	11	3980
0.713	0.714	7	3987
0.714	0.715	4	3991
0.715	0.716	10	4001
0.716	0.717	10	4011
0.717	0.718	5	4016
0.718	0.719	6	4022
0.719	0.720	5	4027
0.720	0.721	10	4037
0.721	0.722	7	4044
0.722	0.723	2	4046
0.723	0.724	8	4054
0.724	0.725	2	4056
0.725	0.726	5	4061
0.726	0.727	10	4071
0.727	0.728	7	4078
0.728	0.729	1	4079
0.729	0.730	9	4088
0.730	0.731	11	4099
0.731	0.732	6	4105
0.732	0.733	8	4113
0.733	0.734	7	4120
0.734	0.735	7	4127
0.735	0.736	7	4134
0.736	0.737	11	4145
0.737	0.738	5	4150
0.738	0.739	6	4156
0.739	0.740	4	4160
0.740	0.741	13	4173
0.741	0.742	10	4183
0.742	0.743	3	4186
0.743	0.744	7	4193
0.744	0.745	4	4197
0.745	0.746	3	4200
0.746	0.747	13	4213
0.747	0.748	11	4224
0.748	0.749	4	4228
0.749	0.750	3	4231
0.750	0.751	9	4240
0.751	0.752	5	4245
0.752	0.753	3	4248
0.753	0.754	13	4261
0.754	0.755	5	4266
0.755	0.756	3	4269
0.756	0.757	10	4279
0.757	0.758	4	4283
0.758	0.759	4	4287
0.759	0.760	3	4290
0.760	0.761	11	4301
0.761	0.762	5	4306
0.762	0.763	3	4309
0.763	0.764	10	4319
0.764	0.765	4	4323
0.765	0.766	6	4329
0.766	0.767	8	4337
0.767	0.768	3	4340
0.768	0.769	2	4342
0.769	0.770	5	4347
0.770	0.771	8	4355
0.771	0.772	4	4359
0.772	0.773	3	4362
0.773	0.774	7	4369
0.774	0.775	3	4372
0.775	0.776	3	4375
0.776	0.777	10	4385
0.777	0.778	5	4390
0.778	0.779	5	4395
0.779	0.780	3	4398
0.780	0.781	11	4409
0.781	0.782	6	4415
0.782	0.783	5	4420
0.783	0.784	7	4427
0.784	0.785	4	4431
0.785	0.786	5	4436
0.786	0.787	9	4445
0.787	0.788	2	4447
0.788	0.789	3	4450
0.789	0.790	3	4453
0.790	0.791	7	4460
0.791	0.792	2	4462
0.792	0.793	5	4467
0.793	0.794	10	4477
0.794	0.795	8	4485
0.795	0.796	1	4486
0.796	0.797	9	4495
0.797	0.798	2	4497
0.798	0.799	7	4504
0.799	0.800	4	4508
0.800	0.801	12	4520
0.801	0.802	7	4527
0.802	0.803	6	4533
0.803	0.804	6	4539
0.804	0.805	3	4542
0.805	0.806	8	4550
0.806	0.807	7	4557
0.807	0.808	2	4559
0.808	0.809	5	4564
0.809	0.810	8	4572
0.810	0.811	10	4582
0.811	0.812	9	4591
0.812	0.813	4	4595
0.813	0.814	4	4599
0.814	0.815	5	4604
0.815	0.816	5	4609
0.816	0.817	7	4616
0.817	0.818	2	4618
0.818	0.819	5	4623
0.819	0.820	2	4625
0.820	0.821	6	4631
0.821	0.822	8	4639
0.822	0.823	7	4646
0.823	0.824	5	4651
0.824	0.825	5	4656
0.825	0.826	4	4660
0.826	0.827	4	4664
0.827	0.828	10	4674
0.828	0.829	5	4679
0.829	0.830	7	4686
0.830	0.831	3	4689
0.831	0.832	2	4691
0.832	0.833	3	4694
0.833	0.834	10	4704
0.834	0.835	4	4708
0.835	0.836	3	4711
0.836	0.837	13	4724
0.837	0.838	1	4725
0.838	0.839	4	4729
0.839	0.840	4	4733
0.840	0.841	7	4740
0.841	0.842	1	4741
0.842	0.843	5	4746
0.843	0.844	2	4748
0.844	0.845	3	4751
0.845	0.846	0	4751
0.846	0.847	4	4755
0.847	0.848	6	4761
0.848	0.849	0	4761
0.849	0.850	3	4764
0.850	0.851	5	4769
0.851	0.852	1	4770
0.852	0.853	2	4772
0.853	0.854	2	4774
0.854	0.855	3	4777
0.855	0.856	2	4779
0.856	0.857	4	4783
0.857	0.858	3	4786
0.858	0.859	2	4788
0.859	0.860	6	4794
0.860	0.861	3	4797
0.861	0.862	5	4802
0.862	0.863	4	4806
0.863	0.864	4	4810
0.864	0.865	7	4817
0.865	0.866	1	4818
0.866	0.867	5	4823
0.867	0.868	1	4824
0.868	0.869	5	4829
0.869	0.870	0	4829
0.870	0.871	7	4836
0.871	0.872	4	4840
0.872	0.873	3	4843
0.873	0.874	3	4846
0.874	0.875	4	4850
0.875	0.876	1	4851
0.876	0.877	6	4857
0.877	0.878	1	4858
0.878	0.879	4	4862
0.879	0.880	2	4864
0.880	0.881	4	4868
0.881	0.882	1	4869
0.882	0.883	4	4873
0.883	0.884	1	4874
0.884	0.885	1	4875
0.885	0.886	0	4875
0.886	0.887	4	4879
0.887	0.888	2	4881
0.888	0.889	2	4883
0.889	0.890	1	4884
0.890	0.891	0	4884
0.891	0.892	1	4885
0.892	0.893	4	4889
0.893	0.894	5	4894
0.894	0.895	2	4896
0.895	0.896	0	4896
0.896	0.897	2	4898
0.897	0.898	0	4898
0.898	0.899	2	4900
0.899	0.900	2	4902
0.900	0.901	0	4902
0.901	0.902	1	4903
0.902	0.903	2	4905
0.903	0.904	4	4909
0.904	0.905	3	4912
0.905	0.906	2	4914
0.906	0.907	2	4916
0.907	0.908	0	4916
0.908	0.909	2	4918
0.909	0.910	1	4919
0.910	0.911	0	4919
0.911	0.912	1	4920
0.912	0.913	0	4920
0.913	0.914	3	4923
0.914	0.915	2	4925
0.915	0.916	1	4926
0.916	0.917	2	4928
0.917	0.918	2	4930
0.918	0.919	1	4931
0.919	0.920	1	4932
0.920	0.921	0	4932
0.921	0.922	2	4934
0.922	0.923	0	4934
0.923	0.924	0	4934
0.924	0.925	0	4934
0.925	0.926	2	4936
0.926	0.927	0	4936
0.927	0.928	1	4937
0.928	0.929	0	4937
0.929	0.930	2	4939
0.930	0.931	0	4939
0.931	0.932	0	4939
0.932	0.933	0	4939
0.933	0.934	2	4941
0.934	0.935	0	4941
0.935	0.936	0	4941
0.936	0.937	1	4942
0.937	0.938	1	4943
0.938	0.939	0	4943
0.939	0.940	1	4944
0.940	0.941	0	4944
0.941	0.942	1	4945
0.942	0.943	1	4946
0.943	0.944	2	4948
0.944	0.945	0	4948
0.945	0.946	0	4948
0.946	0.947	0	4948
0.947	0.948	0	4948
0.948	0.949	0	4948
0.949	0.950	0	4948
0.950	0.951	1	4949
0.951	0.952	0	4949
0.952	0.953	0	4949
0.953	0.954	0	4949
0.954	0.955	0	4949
0.955	0.956	0	4949
0.956	0.957	1	4950
0.957	0.958	0	4950
0.958	0.959	0	4950
0.959	0.960	0	4950
0.960	0.961	0	4950
0.961	0.962	0	4950
0.962	0.963	0	4950
0.963	0.964	0	4950
0.964	0.965	0	4950
0.965	0.966	0	4950
0.966	0.967	0	4950
0.967	0.968	0	4950
0.968	0.969	0	4950
0.969	0.970	0	4950
0.970	0.971	0	4950
0.971	0.972	0	4950
0.972	0.973	0	4950
0.973	0.974	0	4950
0.974	0.975	0	4950
0.975	0.976	0	4950
0.976	0.977	0	4950
0.977	0.978	0	4950
0.978	0.979	0	4950
0.979	0.980	0	4950
0.980	0.981	0	4950
0.981	0.982	0	4950
0.982	0.983	0	4950
0.983	0.984	0	4950
0.984	0.985	0	4950
0.985	0.986	0	4950
0.986	0.987	0	4950
0.987	0.988	0	4950
0.988	0.989	0	4950
0.989	0.990	0	4950
0.990	0.991	0	4950
0.991	0.992	0	4950
0.992	0.993	0	4950
0.993	0.994	0	4950
0.994	0.995	0	4950
0.995	0.996	0	4950
0.996	0.997	0	4950
0.997	0.998	0	4950
0.998	0.999	0	4950
0.999	1.000	0	4950
1.000	1.001	0	4950
mean value_group1 = 0.445037
variance_group1 = 0.096835
standard deviation_group1 = 0.311184
skewness_group1 = -0.027676
kurtosis_group1 = 0.031825
lower quartile_group1 = 0.268750
median_value_group1 = 0.518100
upper quartile_group1 = 0.678100
interquartile range_group1 = 0.409350
