5.865192094	5.828059399	5.821788506	6.201999698	5.747557102	5.748119168	6.952798228	5.85272457	7.253557904	6.787325291	5.883386919	5.929050923	5.863858454	8.203437774	7.152102104	8.092872814	6.124963872	5.761240753	7.010163775	8.173941535	5.744798935	8.399876749	5.825098866	8.04614162	6.909362629
5.84692093	5.785788774	5.822448862	6.181435645	6.072299363	6.030469002	6.952798228	5.85272457	7.253557904	6.426921072	5.862064448	5.745667724	5.770220157	8.203437774	7.152102104	8.092872814	5.886769944	6.239141234	7.010163775	8.173941535	6.073884468	8.399876749	5.823872462	8.04614162	6.093283171
5.874866578	5.846917975	5.806479919	5.991203536	5.762774409	5.784857404	6.330721258	5.804575406	6.517572003	5.823358643	5.806028984	5.90240933	5.860523322	7.118346143	6.573895464	6.995626892	5.820406155	5.714060095	6.42905556	7.016886148	5.764804166	7.033624941	5.792418728	6.963874515	5.861440105
6.629898631	6.673005579	6.921393781	6.708908328	5.755123816	5.746418919	6.831207916	7.338914677	7.415323418	5.753351764	5.902855992	6.66437772	6.599684743	10.27111404	7.262412737	10.88933997	6.53222069	5.858061181	7.372434089	11.17471312	5.740892304	12.92598571	7.115122054	13.24108829	5.720533309
6.560587852	6.562878652	7.758724383	7.7151312	5.733637266	5.722680682	5.776558778	8.757306534	5.810960156	5.757137036	5.92052282	5.863262378	6.457657909	5.961521683	5.786477676	5.903457625	6.688483564	5.746170415	5.753286658	5.952063736	5.719049148	5.91764128	8.39041961	5.933447248	5.728141667
5.869173604	5.880363938	5.87141508	6.050111512	5.709013619	5.693275652	5.754226537	6.116231891	5.78366067	5.742235778	5.846490744	5.923137093	6.346806274	5.978196062	5.816429519	5.929076483	5.828412418	5.729012303	5.85229218	5.937366326	5.710151818	5.923888427	5.87141508	5.93991584	5.764514506
6.336099599	6.231660715	8.609661509	5.780716559	5.713388761	5.708031838	6.113321417	8.013810035	5.800063924	5.750117434	7.512058003	6.158891283	6.339210669	7.255747098	5.819578521	7.318853629	6.187945386	5.742613932	6.01967388	7.109328056	5.711101937	7.284564172	7.397815496	7.236742508	5.759692475
5.786689515	5.770189052	10.33598638	5.78451623	5.995658461	5.846637417	7.209783069	10.07881634	7.381835585	5.753351764	10.30964834	5.798657601	5.759815538	8.019086853	7.483416712	8.070976285	5.846508785	6.049669828	7.356382949	7.970543377	6.070211868	7.606042779	10.33101751	7.929708457	5.816525357
5.777026919	6.079026926	5.782716022	6.236791943	5.733724766	5.768257627	8.808000427	5.808481494	9.422573952	5.797698469	5.824829975	6.03470129	5.829029225	8.922314964	9.585495573	8.946153937	5.748724132	5.738027652	9.373482538	9.066742337	5.742343046	9.286155852	5.828082186	8.964440172	5.836179549
5.786689515	5.802349331	5.802168439	5.702685456	6.494936377	6.640408395	9.199346377	5.803169206	9.369671119	13.47302361	5.830176428	5.757510003	5.802349331	8.696362683	9.485394275	8.756532026	5.743357814	6.108203457	9.497919334	8.869571378	6.444071678	8.676372202	5.863663315	8.785428653	12.576592
5.827166099	5.84847737	5.858119603	9.668944036	5.938384526	5.864571102	7.816666857	5.789782112	8.086979175	6.626933746	5.797004651	6.345705649	5.813751552	7.773091168	7.918071088	7.9872226	5.775410426	5.946785139	8.273564812	7.884634852	5.858061181	7.928228472	5.805359662	7.655776724	6.601725593
5.725632273	5.749614652	7.323518686	5.713612572	6.595084976	6.386980602	5.717096831	6.985174849	5.76284395	5.912806296	7.835784365	5.74892786	5.74375128	6.210534405	5.819578521	6.165215758	5.725948013	6.429755246	5.839049962	6.188096332	6.383079408	6.066059013	7.303230732	6.213238174	5.85736757
9.587657654	9.610532813	5.924126314	7.243211696	5.798626466	5.742715335	5.724572759	5.864386604	5.750922423	5.742235778	5.811750659	9.190922092	9.589001114	6.203008983	5.728086709	6.099897679	9.40840677	5.745322563	5.739683973	6.088181974	5.73172478	6.091177638	5.823872462	6.085005194	5.816525357
5.736803014	5.72644272	5.881975406	6.010618071	7.594382306	7.294081928	5.873023991	5.903451229	5.816264027	5.751564111	5.903358445	5.798657601	5.889656447	6.426089391	5.968193209	6.320783019	5.863858454	7.435086805	5.790821678	6.493346932	7.721566838	6.164380415	5.90850106	6.190224946	5.736784533
6.030349311	5.785788774	5.83392346	5.713612572	5.723566167	5.718641438	5.82481916	5.805981606	5.805901049	6.050043664	5.821972672	5.82459848	5.802349331	6.203008983	5.846381363	6.099897679	5.781585443	5.712460138	5.809963689	6.088181974	5.754367346	6.175508341	5.807507184	6.085005194	5.917788343
5.745378411	5.817527539	5.790593164	5.753198366	5.74916975	5.741622889	5.890044502	5.784935178	6.042325135	6.433554132	5.798329951	5.775300314	5.81028865	6.604907144	5.968193209	6.61203762	5.72705211	5.783155986	6.064908415	6.63098881	5.760573333	6.509352184	5.862901151	6.671727469	6.861293033
5.768944084	5.794069053	5.880644044	5.893547626	5.738901981	5.780386245	5.961392912	5.803169206	6.200404218	5.804108331	5.811750659	5.772895522	5.792794482	6.960023976	6.009239183	6.843805045	5.763442453	5.721656189	5.964900386	6.980137442	5.742755212	7.061537881	5.807507184	6.969629003	5.783239791
5.791779963	5.802226627	5.774836033	5.692355197	7.495869041	7.162398109	5.76284395	5.887269555	5.768329184	6.437235363	5.89043524	5.823627225	5.789423139	5.999720228	5.768329184	6.073592207	5.828412418	7.456362674	5.739683973	6.030359144	8.420601398	6.175508341	5.804236829	5.989117452	6.247500381
5.721909286	5.712071456	5.78348145	5.725083523	6.328393908	6.43104053	5.922137818	5.818162934	6.248586015	5.917788343	5.792501057	5.716729139	5.737794815	7.513670095	6.328535233	7.408621723	5.838237595	6.277185592	6.284491054	7.444954542	6.26998288	7.451837929	5.886486033	7.494464012	6.248712574
7.754497885	7.71521849	5.880644044	5.863470929	5.723023538	5.733060653	14.2181369	5.845380861	14.05092142	5.844913319	5.811750659	7.84857083	7.841354726	12.89664638	13.94376177	13.13493313	8.777885441	5.872817826	13.93271001	13.2240634	5.765404695	13.30881199	5.799609404	13.1906338	5.935018135
5.731056822	5.752007249	5.808886169	5.720893678	6.039777183	6.062052807	6.544843297	6.040621677	5.873023991	5.745752732	5.804856473	5.787818393	5.720508815	7.11887301	5.922137818	6.919946181	5.744153887	6.16403457	6.009239183	6.761546656	6.042560827	6.838578087	5.878633858	6.856232651	5.764514506
5.700006715	5.770189052	10.35084451	6.072495911	5.89384761	5.853610341	8.555852503	10.12075171	8.853402776	5.987204609	10.20200393	5.740345717	5.735703021	8.550273832	9.017337553	8.567996328	5.764887976	5.846136794	8.875307795	8.645548638	5.829626379	8.865110386	10.47774393	8.71731057	5.967908025
5.81527431	5.739261161	5.803439351	5.942764058	6.157954137	6.145360146	12.78319276	5.802167886	13.51933326	5.823358643	5.823050074	5.720061321	5.727687021	12.61409465	13.38472649	12.56703336	5.715774091	6.030999843	13.42247443	12.62248872	6.148532585	12.5304452	5.975578129	12.52413178	5.775138542
5.757510003	5.793502676	6.01347003	8.552684313	5.720753766	5.724764065	8.096014903	5.890104382	8.097551948	5.936612019	5.9480824	5.757510003	5.785343603	8.250658689	8.053657097	8.229184365	5.757510003	5.71155958	8.194923404	8.389062177	5.725437998	8.649230005	5.946806427	8.310200966	6.003108999
5.799832797	5.770189052	5.820305898	6.587629577	5.777175006	5.775561623	10.50956108	5.843473961	10.75825139	5.986738502	5.809849014	5.707015558	5.785343603	13.45692026	11.2263322	13.75845671	5.708538211	5.781377418	12.78542532	13.0651484	5.75134618	12.14428415	5.876431228	13.42618735	5.977926595
5.742021238	5.713707537	12.29118748	10.66066801	5.835620218	5.795201767	6.101298602	12.42440032	6.290646952	6.083015813	11.51443461	5.720312736	5.713647779	7.596756655	6.165764306	7.954153938	5.716253444	5.800717684	6.226294038	7.311303861	5.87194759	6.857782623	11.9093212	8.36081512	5.881224824
5.740345717	5.745378411	5.995209307	6.031835527	5.720041002	5.715871264	11.49249607	6.439029956	11.70139332	6.704444951	6.066934638	5.748724132	5.725243538	12.48557594	11.88262413	12.07773126	5.707015558	5.7391782	11.70002082	12.29375692	5.76272302	12.33387541	6.146899133	12.00663034	6.748717863
5.745378411	5.785788774	8.480689084	5.806295335	5.810458103	5.844765833	6.826978394	9.203898451	7.237931663	6.058909338	8.603224367	5.757510003	5.754108942	7.526116162	7.174847406	7.473646632	5.829029225	5.908929916	7.07093124	7.612200487	5.849090404	7.867748541	9.169653539	7.667651251	5.962870882
5.878430574	5.730393946	5.813369478	7.285438843	5.736743501	5.723576324	12.5616043	5.803169206	11.1424212	7.965048097	5.808888761	5.717052601	5.74132033	10.80341895	11.15357345	10.49226319	5.797789041	5.760256368	11.02152402	10.74846631	5.72346418	10.93779755	5.784521424	10.95764093	9.056743719
5.786328921	5.714780946	7.689007221	9.391117813	5.737990692	5.727635367	11.05654774	7.985557832	10.39320326	5.743725447	7.492513365	5.728059904	5.782366123	9.953458364	10.58538557	9.833800981	5.819200621	5.732609358	10.35277047	9.912254725	5.759767277	10.62063319	7.630056087	9.939446079	5.747294426
5.772825045	5.753850893	12.09613819	5.76826358	5.789174213	5.971489594	7.162731964	11.32506177	6.872834834	6.400124758	11.78320101	5.749470284	5.770189052	9.350738964	6.555107925	9.50016345	5.770189052	5.888956811	6.552548607	9.191658176	5.789685737	9.425200619	11.29611727	9.348158744	6.010587092
5.832344664	5.687937549	7.504526971	6.222563751	5.7919512	5.802451292	6.229498721	7.396467459	6.674081512	5.742235778	7.157427665	5.798657601	5.759815538	6.426089391	6.534505113	6.426089391	5.829029225	5.868335307	6.537096613	6.424721349	5.811703046	6.426089391	7.46966071	6.3084161	5.724569424
5.832512445	5.789645725	8.63138915	5.864948611	5.782210898	5.749001324	7.110618957	7.651705241	6.569103593	5.727155805	6.924345858	5.831819036	5.783331405	6.884878388	6.224688822	6.798373596	6.023002274	5.815771928	6.379964563	6.785492445	5.735754591	6.991504708	7.57690166	6.799430909	5.72330064
5.765063123	5.708194635	5.956107219	6.343292977	6.56054993	6.755710157	9.100003392	5.988060961	9.372054095	6.032868683	5.959927539	5.769542296	5.746937639	8.279013512	9.587904765	8.513833427	5.829029225	6.578999355	9.453010549	8.582599736	6.571316167	8.685389221	5.818331464	8.580848965	6.31351421
5.740920282	5.73782126	5.813369478	6.483886265	8.832124009	8.810560816	8.690261662	5.802727061	8.935264743	5.732678337	5.827689752	5.764313379	5.745537202	6.66819846	8.976422334	6.625037366	5.775981781	8.891228298	8.984514806	6.77356351	8.613755813	6.437224068	5.797250539	6.646164305	5.73171391
5.842973563	5.805515107	6.527373938	6.141868508	5.854138908	5.842076879	7.397964014	6.516163747	7.340892998	9.043134292	5.885568826	5.905000802	5.782415404	8.546866363	7.216265624	7.963335683	5.911507152	5.786716952	7.55676527	8.624768836	5.827378728	9.045967246	6.441380728	8.539130563	8.627068576
5.757510003	5.753850893	5.960056405	8.242451918	5.771118576	5.83949251	9.778980668	5.872833647	9.063066446	5.782465036	5.808888761	5.757510003	5.735703021	10.91970591	8.690776626	10.88568958	5.77357768	5.752246977	8.782449648	11.0006394	5.791624249	10.19012678	5.96476666	10.74390346	5.836179549
5.874372652	5.841759531	5.871058826	9.327229089	6.444404624	6.390922945	6.613980855	5.891225864	6.439354307	6.969483884	5.881700208	5.843464963	5.833240782	8.433555048	6.518857592	8.55007741	6.00879554	6.321151436	6.412789904	8.616368908	6.430038453	8.17904346	5.824148971	8.763741478	6.698408413
6.01914933	5.996516267	5.875910979	5.830293923	5.708910483	5.715272925	14.89557609	5.882768711	13.66933429	5.745752732	5.916895443	5.981876106	6.062311385	14.0115158	13.54992395	14.38559233	6.202560043	5.825467592	13.61975943	14.28921286	5.725504512	14.3403979	5.829058842	14.43376113	5.724216316
5.765167524	5.766381918	5.792501057	5.755961594	6.605809883	6.317072357	8.305814008	5.884346365	8.635528061	5.823358643	5.830176428	5.786978957	5.770220157	7.183635445	8.918004782	7.203909838	5.776970869	6.379551749	9.460561566	7.23702875	6.419759679	6.822529537	5.89374645	6.763587013	5.752678419
5.691147779	5.739261161	8.184307645	5.783593942	5.905473368	5.908414002	7.150777701	7.576507469	7.141872887	6.083015813	7.084098211	5.72644272	5.700972354	9.10141049	7.045312557	9.282735596	5.787833357	5.839051829	7.152847666	9.003490277	5.798128179	7.906935926	7.133502605	9.317689898	5.933879611
5.772825045	5.753850893	5.806345411	6.797712883	5.715707669	5.72514434	10.67774943	5.840113691	11.1289559	7.158584049	5.81715142	5.715774091	5.754108942	10.42564538	11.39951853	11.06131002	5.748724132	5.719602761	12.62493642	11.04547031	5.765950017	10.85005088	5.830898585	11.14995414	7.249879471
6.960484772	6.781906188	5.905361847	7.498030768	5.817496892	5.785468978	7.147549164	5.82411966	7.11582911	7.999281071	5.832326839	7.490984609	7.280229538	6.90801927	7.273333988	6.826012062	7.450730198	5.781723161	7.365160247	6.751697655	5.79056732	6.784404428	5.860314083	6.794089361	7.467924437
5.768944084	5.735910565	5.880644044	5.748792797	6.925629382	7.002119886	6.526073866	5.847123425	6.797555921	5.795174399	5.865981951	5.733394218	5.74132033	7.068895672	6.856861976	7.047785433	5.735204962	6.772199892	6.80128717	7.154966431	6.581700081	7.093935282	5.85608245	7.071702784	5.816525357
5.81527431	5.712330927	5.806890428	5.893547626	5.873213513	5.98275201	12.34873751	5.893780408	9.978162961	5.831202464	5.856236348	5.72644272	5.735703021	10.92257899	9.703529578	10.71881201	5.77357768	5.938412369	9.746501154	10.65358499	5.893340505	11.06810158	5.837501043	10.14814951	5.873032961
5.786689515	5.802349331	6.094477876	5.695206155	7.343806296	7.492742766	9.11252476	5.944453655	10.12785715	6.787325291	5.865981951	5.798657601	5.775300314	9.189149006	10.0655506	9.361732105	5.820268161	7.374154679	10.55208209	9.759110678	7.233746325	9.096234652	5.968504266	9.98976861	7.128827406
6.402459647	6.640847562	6.604756473	5.725083523	7.198435995	7.179888621	12.87293784	6.821105077	12.73130853	7.554889082	7.349826799	6.58408578	6.429484444	9.564929484	12.7589936	9.73476784	6.812391361	7.064796036	12.54479153	9.764997696	7.086884798	9.991511524	6.568799714	9.73074079	8.434791366
5.725632273	5.739261161	5.890624622	5.76826358	5.956728951	5.969000933	7.905590543	6.040000691	8.208805763	5.761077864	5.86933378	5.694467422	5.759815538	10.46853178	8.395857526	10.45968029	5.799832797	5.841073488	8.224566869	10.06596723	6.014405463	11.11790888	5.919727469	10.7755357	5.734966575
6.879481241	6.687784019	5.814848882	9.796046036	5.763400753	5.747707051	6.316227568	5.795617923	6.337840653	6.453228851	5.776035759	6.345973983	6.465841454	8.345524523	6.138002797	8.484757922	6.550618907	5.790583983	6.220374924	8.602114998	5.734073364	8.403344335	5.831410838	8.927301369	6.331620871
5.877856712	5.72644272	5.792501057	5.863470929	5.789782884	5.728933675	6.316227568	5.805981606	6.337840653	5.962870882	5.797004651	5.811572896	5.829029225	8.345524523	6.138002797	8.484757922	5.883247156	5.753654227	6.220374924	8.602114998	5.765619057	8.403344335	5.953338806	8.927301369	6.125666079
5.775317184	5.804342827	8.77113165	5.708937821	5.741320764	5.726407618	11.00002383	8.178540178	10.18594973	5.861815798	5.985545352	5.784099948	5.760523312	7.25101938	10.57107363	8.374464482	5.837769005	5.742413698	10.35198878	7.170689459	5.743531353	7.536514419	8.395069777	7.754282131	5.912435484
6.285448155	6.544449691	7.03589777	5.708937821	5.723394849	5.72005242	10.45424839	6.582139455	9.769618299	5.823358643	5.879511995	6.435329327	6.209135388	10.20934295	9.47132058	10.02091197	6.264118096	5.722233094	9.589090237	10.09054391	5.736329132	10.08003054	6.54150969	9.99916765	5.962870882
8.053609211	7.656365327	7.03589777	6.113772937	5.730156841	5.709292522	6.330030279	6.582139455	6.330030279	9.784426214	5.879511995	7.986363572	7.91313879	6.7339333	6.699752796	6.590669613	7.852945635	5.724233602	6.349327218	6.608463824	5.714733599	7.205316104	6.54150969	6.625037366	9.704691814
5.895850349	5.810319331	5.811653243	5.836349595	5.997013912	5.821045981	10.4247267	5.811678705	9.643766908	6.538653937	5.786520205	5.798657601	5.778613145	7.087398662	9.951880362	7.765928403	5.930109956	5.766922849	9.842796326	6.833331354	5.815282289	7.176518481	5.828868054	7.193044557	6.432108106
5.786689515	5.865192094	6.541052755	10.01507205	5.839057265	5.734014021	6.774579375	6.816031453	6.91675682	5.806787107	6.505955644	5.956835042	5.802349331	7.512270864	6.975335088	7.552837536	5.92986303	5.723394849	6.890246085	7.607515291	5.761347326	7.808080597	6.711623218	7.862093035	5.962870882
5.757510003	5.708194635	5.863178722	5.762737124	6.81845293	6.960519656	6.962323364	5.847123425	7.216265624	5.711451415	5.879830001	5.798657601	5.754108942	7.424804968	7.050216817	7.548765789	5.721791627	7.022811277	7.225131842	7.550049375	6.911737737	7.895531153	5.818162934	7.573592025	5.71880901
6.881072785	6.839583986	5.798421098	5.794944639	5.774526616	5.714473481	7.143303208	5.801021182	6.426832116	6.043065368	5.808888761	6.736178372	6.829428849	8.044354315	6.505687086	8.094918944	6.65872267	5.792491834	6.629849482	8.060656575	5.738485806	8.283826338	5.786702604	8.179872854	5.94894583
5.960314853	5.802349331	5.83392346	6.29270417	5.784915635	5.783704666	6.985823997	5.880644044	7.134112568	5.939684454	5.814387817	5.875357029	5.707015558	7.392285803	7.139855992	7.280259598	5.806214903	5.844692469	7.195965594	7.29829528	5.751705626	7.233612147	5.793836576	7.279039921	5.855482149
5.837740372	5.753850893	7.390071217	5.836349595	5.716702129	5.716529767	7.404112214	7.083096706	7.328246363	5.761767995	7.270769104	5.728059904	5.807186414	7.686457886	7.679624125	7.69418387	5.78619352	5.730063807	7.611249828	7.634365626	5.722254327	7.780873548	7.081412851	7.612849183	5.739389486
6.080090789	6.282696247	6.23540607	7.859770419	5.905482335	5.84344181	7.949537813	6.023293541	8.063577506	5.772038294	6.008972956	5.981144919	6.13802263	8.267532909	8.104339247	8.160675102	6.168385916	5.859478834	8.060428405	8.084326787	5.794465649	8.148439548	6.049158208	8.273761647	5.771097783
5.736803014	5.721791627	6.220633027	6.326671041	5.743158139	5.721315673	9.60538783	6.512099969	9.440939384	5.727075414	6.388831993	5.715774091	5.746937639	8.022327396	9.498750485	8.004647731	5.799832797	5.728675998	9.421259408	8.24194844	5.753327819	7.993840668	6.573237431	8.007920833	5.702967826
5.84859685	5.785788774	6.661791721	6.050111512	5.714927358	5.71432918	5.82481916	6.403550356	5.859331284	5.720145016	6.427936655	5.775300314	6.005155962	6.079244099	5.931925325	6.084267594	5.799832797	5.739752751	6.137182466	6.035453509	5.721377026	6.211897519	6.641169014	6.111883974	5.734966575
5.753264883	5.739191844	5.899555529	5.725083523	5.839105733	5.813708651	5.729320381	6.233188786	7.887934383	5.981925994	5.936136046	5.794471283	5.799780738	5.883307878	5.732275052	5.859659042	5.735171377	5.744986286	5.723471722	5.886489861	5.846501957	5.84689884	5.837594543	5.875470096	5.988339258
5.785075335	5.731037416	5.83392346	7.993748646	5.710783744	5.703674764	5.76284395	5.799476569	5.797126788	5.753760363	5.865981951	5.745230944	5.755489905	6.617989276	5.819578521	6.440961707	5.780559948	5.714068387	5.753286658	6.603696823	5.71703562	6.68654501	5.779587062	6.494666562	5.773255431
6.125397261	6.166084647	5.789016161	12.00786087	5.759228803	5.774293974	6.695119138	5.877787435	6.305921039	5.738899011	5.818162934	6.027953255	6.037995891	6.716052311	6.505687086	6.934737486	6.044793671	5.746066963	6.568470363	6.81965752	5.730182656	6.958091393	5.82632527	6.875729644	5.816525357
5.761746265	5.75980711	7.017895765	5.836349595	5.765721462	5.738457078	9.042891878	6.883134025	9.33955422	5.772038294	7.810992303	5.741976361	5.790238851	10.37312911	9.359915326	10.12572692	5.7847094	5.729964949	9.382787184	10.23680277	5.806262808	10.2410807	7.216531175	10.17304336	5.737253819
5.757510003	5.745378411	5.823646469	5.783593942	5.779985507	5.795415265	5.961392912	5.878583499	5.851636616	6.164369502	5.831978993	5.748724132	5.725243538	7.963335683	5.931925325	7.765928403	5.829029225	5.781781488	6.115032864	7.818801891	5.849662585	7.850141298	5.815691142	7.749261946	6.236817221
5.725632273	5.739261161	5.874242185	11.3714228	5.800406786	5.805540723	7.111317691	5.835749432	7.094488409	5.782465036	5.814387817	5.757510003	5.735703021	8.667376764	7.089808938	8.702550916	5.781585443	5.742685582	7.193306648	8.696033226	5.762756962	8.687999529	5.79917595	8.790149203	5.741855155
5.842485647	5.865192094	7.095798926	6.60337474	6.027153968	5.967640309	5.9498478	7.212228482	5.846381363	5.890470598	7.811915509	6.006278609	5.953600658	8.014909716	5.931925325	7.907347675	5.905693338	6.08103024	6.064908415	7.943448922	5.901310665	7.845444362	7.062925012	7.929708457	5.917645904
9.340828619	9.518183848	6.796933741	5.699204034	5.951867146	6.003508763	6.324660702	6.178450401	6.470039497	6.317846735	6.529065521	9.468638463	9.475601779	7.353390604	6.528210404	7.127963619	9.439795596	5.923811589	6.406218356	7.204648917	6.0270943	7.194977222	6.564779647	7.132569426	6.566025991
5.990463994	5.904147971	9.315281584	10.05477925	5.785813646	5.769459895	5.968193209	10.47046395	6.200404218	6.873925475	9.609209454	6.050711088	5.886485929	6.400752719	6.205290279	6.270601105	5.98070967	5.782174297	6.064908415	6.309111832	5.742605811	6.164380415	10.32128922	6.322178413	7.394798163
5.81527431	5.88202454	6.071149094	9.39423556	6.149463955	6.045784085	5.968193209	6.439783644	6.200404218	5.738899011	6.21224379	5.82459848	5.775300314	6.400752719	6.205290279	6.270601105	5.799832797	6.00335499	6.064908415	6.309111832	6.18072683	6.164380415	6.234691626	6.322178413	5.714199294
5.781893557	5.801908084	5.880644044	12.55167918	5.76759141	5.785801041	6.800259194	5.828151258	6.483017536	6.720683424	5.890714807	5.821691802	5.821882694	7.653390045	6.793772273	7.735224629	5.776360666	5.724879254	6.83647744	7.536514419	5.72935491	7.804084004	5.818162934	7.632336443	6.676653021
5.757510003	5.802349331	5.924126314	9.194014386	5.778034053	5.837883669	5.924079761	6.97959979	6.107206492	5.770589305	6.041176449	5.775300314	5.802349331	6.926180235	6.134265518	6.863510444	5.77357768	5.922036398	5.996730862	6.810598952	5.713408235	6.819353643	7.010668576	6.867212887	6.060534065
6.050097265	6.30301037	5.789016161	5.806295335	5.76416706	5.760402624	7.331966349	5.815290146	7.331966349	5.823358643	5.898462608	6.359012787	6.040407231	7.526116162	7.179416434	7.552613127	6.425294099	5.743312419	7.456290012	7.536514419	5.774220361	7.433176881	5.89374645	7.477024657	5.780497976
5.828189128	5.825456439	5.795617923	5.846787979	5.740220185	5.77435701	8.414123522	5.85608245	6.678783123	5.988861733	5.808888761	5.799949397	5.778229136	5.897019849	6.726111326	5.899811292	6.006938512	5.803924719	6.716426141	5.897019849	5.784625275	5.857406983	5.85608245	5.918652628	5.972433739
5.745378411	5.775300314	5.814770691	10.08743075	5.843301977	5.850550003	11.34759396	6.010035688	9.672411481	6.161667695	5.846240266	5.757510003	5.725243538	10.7985334	9.561113831	10.48791644	5.743357814	5.811760335	9.55353425	10.50087611	6.005468064	10.32726376	5.818436468	10.21040881	6.178949732
5.786689515	5.828059399	5.804085639	5.893547626	5.818955324	5.788083942	9.594393461	5.847123425	10.11208864	5.806787107	5.814387817	5.775300314	5.846508785	9.29304503	9.987194724	9.427825606	6.024220341	5.75863338	9.594084329	9.58681599	5.836515483	9.705797287	5.87141508	9.763181453	6.58680168
6.050515206	6.023648267	5.847123425	5.826541657	5.975257143	5.936815661	8.881089972	5.839824497	7.899057738	7.311725258	5.846490744	6.020613135	6.122095918	8.634784614	7.878258344	8.377178926	6.096198353	5.928452988	7.878002833	8.528751213	5.899089113	8.665606129	5.793836576	8.298792934	8.001862997
5.787114561	5.775710982	5.915909557	6.308642227	5.705525542	5.697897449	10.70566161	5.862064448	11.19097724	5.795174399	5.985545352	5.794471283	5.830344056	11.72507907	10.96731069	11.8144961	5.796958601	5.702851578	11.31983231	11.62711253	5.723775779	11.19285337	5.879023171	11.78693026	5.873032961
5.772825045	5.817527539	5.953338806	10.57471552	5.794727748	5.802275579	8.854454398	6.340281991	9.256878158	5.823358643	5.904709391	5.775300314	5.759815538	9.425725145	9.017134556	9.451024339	5.787833357	5.775593908	9.168130101	9.373755607	5.835315524	9.409198669	5.844161871	9.331647113	5.782465036
5.859930138	6.055726002	6.660803475	5.762737124	6.371077827	6.116405212	9.808013045	6.631848041	10.13836844	5.788205741	6.564657037	6.006278609	5.900872574	8.897319244	10.02599379	8.969365557	5.919020684	5.998036063	10.12782304	9.044601901	6.230985925	9.022578791	6.895076905	8.918965721	5.741855155
5.757510003	5.770189052	5.874242185	6.564210613	6.697977694	6.60574833	6.608736162	5.821972672	6.893828658	5.736256107	5.846490744	5.72644272	5.727687021	6.964926119	6.663072747	6.931536744	5.708538211	6.701087358	6.735827018	6.914831075	6.598513241	7.151736133	5.865981951	6.920823487	5.717108179
8.424971095	8.435531399	6.396058825	5.762737124	5.767154955	5.756623069	6.379964563	6.374351436	6.042325135	5.745752732	6.001828581	8.748668104	8.595226425	6.009051033	6.205290279	5.966984295	9.061821212	5.765249104	6.305921039	6.066059013	5.732985553	6.045176445	6.863494817	5.97956678	5.795174399
8.964750005	8.994471321	6.201320591	5.876993904	6.011287775	6.098756526	6.942911213	6.288010276	7.20408684	5.896153686	6.08297397	8.517242911	8.306479507	8.999509766	7.33047319	9.138679801	7.316432465	5.863565887	7.052935625	9.087774993	6.04050529	8.88872108	6.416969166	9.157749578	6.187509977
5.78244796	5.740146806	5.839824497	5.762737124	5.739885895	5.78481869	5.914557399	6.053232568	5.797126788	5.730339254	5.913268066	5.791054241	5.788824822	6.385854683	5.797126788	6.426089391	5.87184793	5.745429717	5.86181124	6.305111425	5.767937951	6.447093392	6.115310796	6.361874938	5.752678419
5.731068672	5.754725107	9.277035408	6.308642227	5.723253786	5.719177713	6.202034761	9.090487281	6.183998504	6.321935237	9.178187512	5.7755206	5.73047328	7.561550551	6.090935544	7.234349214	5.79702413	5.733164989	5.964900386	7.377147343	5.730509356	7.58990864	9.099281951	7.193044557	6.026826364
5.714846848	5.708194635	7.383765463	6.088879479	5.799871201	5.74455372	7.069327758	7.305133375	7.252165508	8.924310127	7.187305196	5.740345717	5.715774091	8.000336287	7.214128079	7.986677754	5.702091894	5.727814813	7.259919993	7.961812046	5.770154916	7.950357132	7.433437774	8.017777046	8.780531437
5.757510003	5.753850893	10.76298404	5.93229556	5.72092677	5.725194572	6.920259473	10.68800981	7.004132358	5.739165607	10.8023615	5.757510003	5.759815538	8.26948228	6.860472385	8.48680573	5.764887976	5.724458531	7.186861953	8.029247004	5.729425828	6.608463824	10.9406011	8.061556877	5.714329537
5.765167524	5.757280737	5.837637342	5.93229556	5.705741706	5.706105834	7.897820617	5.821235678	8.085459411	5.722064876	5.854277596	5.736642047	5.74775928	8.584582514	8.124539277	8.537664492	5.779195326	5.737201371	8.168155376	8.546034027	5.754437945	8.652396875	5.820067803	8.616379351	5.742523907
5.772099759	5.730663344	5.899555529	5.725083523	5.729652816	5.786432606	6.509650877	5.839824497	6.379964563	5.951593302	5.885189165	5.797070388	5.806318991	6.544564758	6.278309965	6.604907144	5.776970869	5.743263168	6.395756839	6.595488115	5.743518121	7.459371914	5.802168439	6.722766719	6.010587092
5.799832797	5.828059399	8.46124681	6.155749164	6.23985105	6.22660501	11.87373891	8.739656649	11.90350401	7.610698544	9.245187806	5.788281042	5.873506554	10.73866179	11.98906995	10.75080135	5.846508785	6.228920507	12.13288241	10.93834802	6.223539425	10.71679166	8.57948474	10.52393897	7.249879471
5.691147779	5.770189052	5.874242185	15.55368191	5.721724402	5.718228353	5.743198152	5.835749432	5.810960156	5.745752732	5.973545851	5.72644272	5.707015558	6.923906912	5.839049962	6.929820113	6.264118096	5.712369632	5.846381363	6.854156479	5.713693686	6.361874938	5.837594543	6.84171105	5.724569424
5.725632273	5.785788774	5.779036465	7.301161602	5.910655603	5.794523597	11.50838928	5.795617923	11.21807912	6.330127354	5.811750659	5.72644272	5.715774091	9.945433179	11.17570059	10.09582693	5.736803014	5.777429907	11.14079814	10.05798187	5.849328522	10.44914113	5.837594543	9.763200274	6.142582058
7.351303324	7.276989181	5.924126314	6.764360468	5.763607986	5.787405931	7.713905369	5.813793782	8.103902319	5.753351764	5.865981951	7.267563885	7.267996285	8.764571024	7.894517636	8.693461575	7.200699589	5.76253748	8.006983299	8.838918317	5.768969677	9.034778928	5.795325128	8.542681288	5.861440105
5.81028865	5.850449611	7.034569952	5.783593942	5.765587805	5.765542934	6.989105457	6.653627025	7.300814499	5.816525357	7.169449062	5.981144919	5.819725172	7.401431639	7.297135216	7.427647331	5.820268161	5.803592322	7.228688961	7.481151659	5.820027427	7.610110914	7.261454153	7.366453117	5.795174399
7.303099099	7.262051825	5.911799907	10.65765694	5.794728866	5.823849974	8.575343665	5.907819696	8.772982806	5.761767995	5.967527876	7.339753916	7.275766548	9.318328749	8.804839853	9.260197828	7.46737703	5.862720022	8.832106648	9.298113365	5.904299295	9.268176427	5.947185028	9.197729747	5.734966575
7.303099099	7.262051825	5.818162934	8.281368879	6.139111263	6.195927723	9.002074526	6.014374135	9.427844243	5.742235778	5.808888761	7.339753916	7.275766548	8.562893279	9.307165012	8.638791105	7.46737703	6.482557739	9.268549216	8.547933941	5.946501736	8.204271892	5.818162934	8.678221278	5.741855155
5.82944275	5.806818472	13.57414705	10.65765694	5.72262265	5.763655125	7.94861727	13.12542288	8.459101239	5.742235778	13.30332531	5.875338094	5.863953924	8.179318948	8.39964559	8.074405549	5.85518362	5.736627179	8.436850345	8.170603787	5.713693686	8.285142095	13.59900913	8.07400705	5.752678419
7.546938605	7.401247881	5.789426171	5.762737124	5.72755412	5.714486282	7.289250098	5.851236063	7.122876768	11.24183271	5.786108039	7.002360816	7.224575462	7.566317756	7.168392282	7.913322424	7.567157725	5.754670113	7.30046036	7.790567932	5.73657691	8.013851048	5.83184848	7.941826495	10.51590262
