lower_interval	upper_interval	frequency	accumulative_frequency
-1.000	-0.999	0	0
-0.999	-0.998	0	0
-0.998	-0.997	0	0
-0.997	-0.996	0	0
-0.996	-0.995	0	0
-0.995	-0.994	0	0
-0.994	-0.993	0	0
-0.993	-0.992	0	0
-0.992	-0.991	0	0
-0.991	-0.990	0	0
-0.990	-0.989	0	0
-0.989	-0.988	0	0
-0.988	-0.987	0	0
-0.987	-0.986	0	0
-0.986	-0.985	0	0
-0.985	-0.984	0	0
-0.984	-0.983	0	0
-0.983	-0.982	0	0
-0.982	-0.981	0	0
-0.981	-0.980	0	0
-0.980	-0.979	0	0
-0.979	-0.978	0	0
-0.978	-0.977	0	0
-0.977	-0.976	0	0
-0.976	-0.975	0	0
-0.975	-0.974	0	0
-0.974	-0.973	0	0
-0.973	-0.972	0	0
-0.972	-0.971	0	0
-0.971	-0.970	0	0
-0.970	-0.969	0	0
-0.969	-0.968	0	0
-0.968	-0.967	0	0
-0.967	-0.966	0	0
-0.966	-0.965	0	0
-0.965	-0.964	0	0
-0.964	-0.963	0	0
-0.963	-0.962	0	0
-0.962	-0.961	0	0
-0.961	-0.960	0	0
-0.960	-0.959	0	0
-0.959	-0.958	0	0
-0.958	-0.957	0	0
-0.957	-0.956	0	0
-0.956	-0.955	0	0
-0.955	-0.954	0	0
-0.954	-0.953	0	0
-0.953	-0.952	0	0
-0.952	-0.951	0	0
-0.951	-0.950	0	0
-0.950	-0.949	0	0
-0.949	-0.948	0	0
-0.948	-0.947	0	0
-0.947	-0.946	0	0
-0.946	-0.945	0	0
-0.945	-0.944	0	0
-0.944	-0.943	0	0
-0.943	-0.942	0	0
-0.942	-0.941	0	0
-0.941	-0.940	0	0
-0.940	-0.939	0	0
-0.939	-0.938	0	0
-0.938	-0.937	0	0
-0.937	-0.936	0	0
-0.936	-0.935	0	0
-0.935	-0.934	0	0
-0.934	-0.933	0	0
-0.933	-0.932	0	0
-0.932	-0.931	0	0
-0.931	-0.930	0	0
-0.930	-0.929	0	0
-0.929	-0.928	0	0
-0.928	-0.927	0	0
-0.927	-0.926	0	0
-0.926	-0.925	0	0
-0.925	-0.924	0	0
-0.924	-0.923	0	0
-0.923	-0.922	0	0
-0.922	-0.921	0	0
-0.921	-0.920	0	0
-0.920	-0.919	0	0
-0.919	-0.918	0	0
-0.918	-0.917	0	0
-0.917	-0.916	0	0
-0.916	-0.915	0	0
-0.915	-0.914	0	0
-0.914	-0.913	0	0
-0.913	-0.912	0	0
-0.912	-0.911	0	0
-0.911	-0.910	0	0
-0.910	-0.909	0	0
-0.909	-0.908	0	0
-0.908	-0.907	0	0
-0.907	-0.906	0	0
-0.906	-0.905	0	0
-0.905	-0.904	0	0
-0.904	-0.903	0	0
-0.903	-0.902	0	0
-0.902	-0.901	0	0
-0.901	-0.900	0	0
-0.900	-0.899	0	0
-0.899	-0.898	0	0
-0.898	-0.897	0	0
-0.897	-0.896	0	0
-0.896	-0.895	0	0
-0.895	-0.894	0	0
-0.894	-0.893	0	0
-0.893	-0.892	0	0
-0.892	-0.891	0	0
-0.891	-0.890	0	0
-0.890	-0.889	0	0
-0.889	-0.888	0	0
-0.888	-0.887	0	0
-0.887	-0.886	0	0
-0.886	-0.885	0	0
-0.885	-0.884	0	0
-0.884	-0.883	0	0
-0.883	-0.882	0	0
-0.882	-0.881	0	0
-0.881	-0.880	0	0
-0.880	-0.879	0	0
-0.879	-0.878	0	0
-0.878	-0.877	0	0
-0.877	-0.876	0	0
-0.876	-0.875	0	0
-0.875	-0.874	0	0
-0.874	-0.873	0	0
-0.873	-0.872	0	0
-0.872	-0.871	0	0
-0.871	-0.870	0	0
-0.870	-0.869	0	0
-0.869	-0.868	0	0
-0.868	-0.867	0	0
-0.867	-0.866	0	0
-0.866	-0.865	0	0
-0.865	-0.864	0	0
-0.864	-0.863	0	0
-0.863	-0.862	0	0
-0.862	-0.861	0	0
-0.861	-0.860	0	0
-0.860	-0.859	0	0
-0.859	-0.858	0	0
-0.858	-0.857	0	0
-0.857	-0.856	0	0
-0.856	-0.855	0	0
-0.855	-0.854	0	0
-0.854	-0.853	0	0
-0.853	-0.852	0	0
-0.852	-0.851	0	0
-0.851	-0.850	0	0
-0.850	-0.849	0	0
-0.849	-0.848	0	0
-0.848	-0.847	0	0
-0.847	-0.846	0	0
-0.846	-0.845	0	0
-0.845	-0.844	0	0
-0.844	-0.843	0	0
-0.843	-0.842	0	0
-0.842	-0.841	0	0
-0.841	-0.840	0	0
-0.840	-0.839	0	0
-0.839	-0.838	0	0
-0.838	-0.837	0	0
-0.837	-0.836	0	0
-0.836	-0.835	0	0
-0.835	-0.834	0	0
-0.834	-0.833	0	0
-0.833	-0.832	0	0
-0.832	-0.831	0	0
-0.831	-0.830	0	0
-0.830	-0.829	0	0
-0.829	-0.828	0	0
-0.828	-0.827	0	0
-0.827	-0.826	0	0
-0.826	-0.825	0	0
-0.825	-0.824	0	0
-0.824	-0.823	0	0
-0.823	-0.822	0	0
-0.822	-0.821	0	0
-0.821	-0.820	0	0
-0.820	-0.819	0	0
-0.819	-0.818	0	0
-0.818	-0.817	0	0
-0.817	-0.816	0	0
-0.816	-0.815	0	0
-0.815	-0.814	0	0
-0.814	-0.813	0	0
-0.813	-0.812	0	0
-0.812	-0.811	0	0
-0.811	-0.810	0	0
-0.810	-0.809	0	0
-0.809	-0.808	0	0
-0.808	-0.807	0	0
-0.807	-0.806	0	0
-0.806	-0.805	0	0
-0.805	-0.804	0	0
-0.804	-0.803	0	0
-0.803	-0.802	0	0
-0.802	-0.801	0	0
-0.801	-0.800	0	0
-0.800	-0.799	0	0
-0.799	-0.798	0	0
-0.798	-0.797	0	0
-0.797	-0.796	0	0
-0.796	-0.795	0	0
-0.795	-0.794	0	0
-0.794	-0.793	0	0
-0.793	-0.792	1	1
-0.792	-0.791	0	1
-0.791	-0.790	0	1
-0.790	-0.789	0	1
-0.789	-0.788	0	1
-0.788	-0.787	0	1
-0.787	-0.786	0	1
-0.786	-0.785	0	1
-0.785	-0.784	0	1
-0.784	-0.783	0	1
-0.783	-0.782	0	1
-0.782	-0.781	0	1
-0.781	-0.780	0	1
-0.780	-0.779	0	1
-0.779	-0.778	0	1
-0.778	-0.777	0	1
-0.777	-0.776	0	1
-0.776	-0.775	0	1
-0.775	-0.774	0	1
-0.774	-0.773	0	1
-0.773	-0.772	0	1
-0.772	-0.771	0	1
-0.771	-0.770	0	1
-0.770	-0.769	0	1
-0.769	-0.768	0	1
-0.768	-0.767	0	1
-0.767	-0.766	0	1
-0.766	-0.765	0	1
-0.765	-0.764	0	1
-0.764	-0.763	0	1
-0.763	-0.762	0	1
-0.762	-0.761	0	1
-0.761	-0.760	0	1
-0.760	-0.759	0	1
-0.759	-0.758	0	1
-0.758	-0.757	0	1
-0.757	-0.756	0	1
-0.756	-0.755	0	1
-0.755	-0.754	0	1
-0.754	-0.753	0	1
-0.753	-0.752	0	1
-0.752	-0.751	0	1
-0.751	-0.750	0	1
-0.750	-0.749	0	1
-0.749	-0.748	0	1
-0.748	-0.747	0	1
-0.747	-0.746	0	1
-0.746	-0.745	0	1
-0.745	-0.744	0	1
-0.744	-0.743	0	1
-0.743	-0.742	0	1
-0.742	-0.741	0	1
-0.741	-0.740	0	1
-0.740	-0.739	0	1
-0.739	-0.738	0	1
-0.738	-0.737	0	1
-0.737	-0.736	0	1
-0.736	-0.735	0	1
-0.735	-0.734	0	1
-0.734	-0.733	0	1
-0.733	-0.732	1	2
-0.732	-0.731	0	2
-0.731	-0.730	0	2
-0.730	-0.729	0	2
-0.729	-0.728	0	2
-0.728	-0.727	0	2
-0.727	-0.726	0	2
-0.726	-0.725	0	2
-0.725	-0.724	0	2
-0.724	-0.723	0	2
-0.723	-0.722	0	2
-0.722	-0.721	0	2
-0.721	-0.720	0	2
-0.720	-0.719	0	2
-0.719	-0.718	0	2
-0.718	-0.717	0	2
-0.717	-0.716	0	2
-0.716	-0.715	0	2
-0.715	-0.714	0	2
-0.714	-0.713	0	2
-0.713	-0.712	1	3
-0.712	-0.711	0	3
-0.711	-0.710	0	3
-0.710	-0.709	0	3
-0.709	-0.708	0	3
-0.708	-0.707	0	3
-0.707	-0.706	0	3
-0.706	-0.705	0	3
-0.705	-0.704	0	3
-0.704	-0.703	0	3
-0.703	-0.702	0	3
-0.702	-0.701	0	3
-0.701	-0.700	0	3
-0.700	-0.699	0	3
-0.699	-0.698	0	3
-0.698	-0.697	0	3
-0.697	-0.696	0	3
-0.696	-0.695	0	3
-0.695	-0.694	0	3
-0.694	-0.693	0	3
-0.693	-0.692	0	3
-0.692	-0.691	0	3
-0.691	-0.690	0	3
-0.690	-0.689	0	3
-0.689	-0.688	0	3
-0.688	-0.687	2	5
-0.687	-0.686	0	5
-0.686	-0.685	0	5
-0.685	-0.684	0	5
-0.684	-0.683	0	5
-0.683	-0.682	0	5
-0.682	-0.681	0	5
-0.681	-0.680	0	5
-0.680	-0.679	1	6
-0.679	-0.678	0	6
-0.678	-0.677	0	6
-0.677	-0.676	0	6
-0.676	-0.675	0	6
-0.675	-0.674	0	6
-0.674	-0.673	0	6
-0.673	-0.672	0	6
-0.672	-0.671	0	6
-0.671	-0.670	0	6
-0.670	-0.669	0	6
-0.669	-0.668	0	6
-0.668	-0.667	0	6
-0.667	-0.666	0	6
-0.666	-0.665	0	6
-0.665	-0.664	0	6
-0.664	-0.663	0	6
-0.663	-0.662	0	6
-0.662	-0.661	1	7
-0.661	-0.660	0	7
-0.660	-0.659	0	7
-0.659	-0.658	0	7
-0.658	-0.657	0	7
-0.657	-0.656	0	7
-0.656	-0.655	0	7
-0.655	-0.654	0	7
-0.654	-0.653	0	7
-0.653	-0.652	1	8
-0.652	-0.651	0	8
-0.651	-0.650	0	8
-0.650	-0.649	1	9
-0.649	-0.648	1	10
-0.648	-0.647	0	10
-0.647	-0.646	1	11
-0.646	-0.645	0	11
-0.645	-0.644	0	11
-0.644	-0.643	0	11
-0.643	-0.642	0	11
-0.642	-0.641	1	12
-0.641	-0.640	0	12
-0.640	-0.639	1	13
-0.639	-0.638	0	13
-0.638	-0.637	0	13
-0.637	-0.636	0	13
-0.636	-0.635	0	13
-0.635	-0.634	0	13
-0.634	-0.633	0	13
-0.633	-0.632	0	13
-0.632	-0.631	0	13
-0.631	-0.630	1	14
-0.630	-0.629	2	16
-0.629	-0.628	0	16
-0.628	-0.627	0	16
-0.627	-0.626	0	16
-0.626	-0.625	0	16
-0.625	-0.624	0	16
-0.624	-0.623	0	16
-0.623	-0.622	0	16
-0.622	-0.621	0	16
-0.621	-0.620	0	16
-0.620	-0.619	1	17
-0.619	-0.618	1	18
-0.618	-0.617	0	18
-0.617	-0.616	0	18
-0.616	-0.615	1	19
-0.615	-0.614	1	20
-0.614	-0.613	0	20
-0.613	-0.612	0	20
-0.612	-0.611	0	20
-0.611	-0.610	0	20
-0.610	-0.609	1	21
-0.609	-0.608	0	21
-0.608	-0.607	0	21
-0.607	-0.606	0	21
-0.606	-0.605	1	22
-0.605	-0.604	0	22
-0.604	-0.603	0	22
-0.603	-0.602	1	23
-0.602	-0.601	0	23
-0.601	-0.600	0	23
-0.600	-0.599	2	25
-0.599	-0.598	1	26
-0.598	-0.597	0	26
-0.597	-0.596	1	27
-0.596	-0.595	0	27
-0.595	-0.594	0	27
-0.594	-0.593	1	28
-0.593	-0.592	1	29
-0.592	-0.591	1	30
-0.591	-0.590	0	30
-0.590	-0.589	0	30
-0.589	-0.588	1	31
-0.588	-0.587	0	31
-0.587	-0.586	0	31
-0.586	-0.585	1	32
-0.585	-0.584	0	32
-0.584	-0.583	1	33
-0.583	-0.582	0	33
-0.582	-0.581	0	33
-0.581	-0.580	1	34
-0.580	-0.579	0	34
-0.579	-0.578	0	34
-0.578	-0.577	0	34
-0.577	-0.576	0	34
-0.576	-0.575	0	34
-0.575	-0.574	0	34
-0.574	-0.573	0	34
-0.573	-0.572	0	34
-0.572	-0.571	0	34
-0.571	-0.570	2	36
-0.570	-0.569	0	36
-0.569	-0.568	0	36
-0.568	-0.567	0	36
-0.567	-0.566	1	37
-0.566	-0.565	2	39
-0.565	-0.564	0	39
-0.564	-0.563	0	39
-0.563	-0.562	1	40
-0.562	-0.561	1	41
-0.561	-0.560	0	41
-0.560	-0.559	0	41
-0.559	-0.558	0	41
-0.558	-0.557	0	41
-0.557	-0.556	0	41
-0.556	-0.555	3	44
-0.555	-0.554	0	44
-0.554	-0.553	0	44
-0.553	-0.552	1	45
-0.552	-0.551	0	45
-0.551	-0.550	1	46
-0.550	-0.549	1	47
-0.549	-0.548	0	47
-0.548	-0.547	0	47
-0.547	-0.546	0	47
-0.546	-0.545	0	47
-0.545	-0.544	0	47
-0.544	-0.543	0	47
-0.543	-0.542	0	47
-0.542	-0.541	1	48
-0.541	-0.540	0	48
-0.540	-0.539	1	49
-0.539	-0.538	1	50
-0.538	-0.537	0	50
-0.537	-0.536	0	50
-0.536	-0.535	3	53
-0.535	-0.534	0	53
-0.534	-0.533	0	53
-0.533	-0.532	1	54
-0.532	-0.531	0	54
-0.531	-0.530	1	55
-0.530	-0.529	0	55
-0.529	-0.528	0	55
-0.528	-0.527	1	56
-0.527	-0.526	2	58
-0.526	-0.525	0	58
-0.525	-0.524	0	58
-0.524	-0.523	0	58
-0.523	-0.522	0	58
-0.522	-0.521	1	59
-0.521	-0.520	1	60
-0.520	-0.519	2	62
-0.519	-0.518	0	62
-0.518	-0.517	0	62
-0.517	-0.516	1	63
-0.516	-0.515	0	63
-0.515	-0.514	0	63
-0.514	-0.513	1	64
-0.513	-0.512	0	64
-0.512	-0.511	1	65
-0.511	-0.510	2	67
-0.510	-0.509	0	67
-0.509	-0.508	1	68
-0.508	-0.507	1	69
-0.507	-0.506	0	69
-0.506	-0.505	1	70
-0.505	-0.504	0	70
-0.504	-0.503	1	71
-0.503	-0.502	0	71
-0.502	-0.501	2	73
-0.501	-0.500	1	74
-0.500	-0.499	0	74
-0.499	-0.498	2	76
-0.498	-0.497	0	76
-0.497	-0.496	0	76
-0.496	-0.495	2	78
-0.495	-0.494	0	78
-0.494	-0.493	0	78
-0.493	-0.492	1	79
-0.492	-0.491	1	80
-0.491	-0.490	1	81
-0.490	-0.489	4	85
-0.489	-0.488	2	87
-0.488	-0.487	0	87
-0.487	-0.486	0	87
-0.486	-0.485	2	89
-0.485	-0.484	2	91
-0.484	-0.483	0	91
-0.483	-0.482	1	92
-0.482	-0.481	1	93
-0.481	-0.480	0	93
-0.480	-0.479	1	94
-0.479	-0.478	1	95
-0.478	-0.477	1	96
-0.477	-0.476	2	98
-0.476	-0.475	1	99
-0.475	-0.474	3	102
-0.474	-0.473	1	103
-0.473	-0.472	1	104
-0.472	-0.471	1	105
-0.471	-0.470	0	105
-0.470	-0.469	1	106
-0.469	-0.468	0	106
-0.468	-0.467	2	108
-0.467	-0.466	1	109
-0.466	-0.465	1	110
-0.465	-0.464	1	111
-0.464	-0.463	2	113
-0.463	-0.462	2	115
-0.462	-0.461	0	115
-0.461	-0.460	1	116
-0.460	-0.459	3	119
-0.459	-0.458	1	120
-0.458	-0.457	2	122
-0.457	-0.456	1	123
-0.456	-0.455	1	124
-0.455	-0.454	4	128
-0.454	-0.453	0	128
-0.453	-0.452	2	130
-0.452	-0.451	3	133
-0.451	-0.450	0	133
-0.450	-0.449	0	133
-0.449	-0.448	2	135
-0.448	-0.447	1	136
-0.447	-0.446	1	137
-0.446	-0.445	0	137
-0.445	-0.444	0	137
-0.444	-0.443	0	137
-0.443	-0.442	2	139
-0.442	-0.441	1	140
-0.441	-0.440	3	143
-0.440	-0.439	2	145
-0.439	-0.438	1	146
-0.438	-0.437	3	149
-0.437	-0.436	1	150
-0.436	-0.435	0	150
-0.435	-0.434	0	150
-0.434	-0.433	0	150
-0.433	-0.432	2	152
-0.432	-0.431	2	154
-0.431	-0.430	1	155
-0.430	-0.429	2	157
-0.429	-0.428	2	159
-0.428	-0.427	2	161
-0.427	-0.426	3	164
-0.426	-0.425	3	167
-0.425	-0.424	0	167
-0.424	-0.423	1	168
-0.423	-0.422	1	169
-0.422	-0.421	3	172
-0.421	-0.420	0	172
-0.420	-0.419	5	177
-0.419	-0.418	1	178
-0.418	-0.417	1	179
-0.417	-0.416	1	180
-0.416	-0.415	6	186
-0.415	-0.414	3	189
-0.414	-0.413	0	189
-0.413	-0.412	5	194
-0.412	-0.411	1	195
-0.411	-0.410	1	196
-0.410	-0.409	1	197
-0.409	-0.408	1	198
-0.408	-0.407	3	201
-0.407	-0.406	0	201
-0.406	-0.405	5	206
-0.405	-0.404	1	207
-0.404	-0.403	3	210
-0.403	-0.402	6	216
-0.402	-0.401	1	217
-0.401	-0.400	1	218
-0.400	-0.399	2	220
-0.399	-0.398	1	221
-0.398	-0.397	3	224
-0.397	-0.396	1	225
-0.396	-0.395	2	227
-0.395	-0.394	3	230
-0.394	-0.393	0	230
-0.393	-0.392	4	234
-0.392	-0.391	1	235
-0.391	-0.390	4	239
-0.390	-0.389	2	241
-0.389	-0.388	0	241
-0.388	-0.387	2	243
-0.387	-0.386	1	244
-0.386	-0.385	8	252
-0.385	-0.384	2	254
-0.384	-0.383	1	255
-0.383	-0.382	2	257
-0.382	-0.381	1	258
-0.381	-0.380	2	260
-0.380	-0.379	5	265
-0.379	-0.378	2	267
-0.378	-0.377	3	270
-0.377	-0.376	3	273
-0.376	-0.375	7	280
-0.375	-0.374	2	282
-0.374	-0.373	4	286
-0.373	-0.372	6	292
-0.372	-0.371	2	294
-0.371	-0.370	2	296
-0.370	-0.369	1	297
-0.369	-0.368	2	299
-0.368	-0.367	0	299
-0.367	-0.366	3	302
-0.366	-0.365	2	304
-0.365	-0.364	1	305
-0.364	-0.363	1	306
-0.363	-0.362	5	311
-0.362	-0.361	1	312
-0.361	-0.360	0	312
-0.360	-0.359	2	314
-0.359	-0.358	0	314
-0.358	-0.357	3	317
-0.357	-0.356	3	320
-0.356	-0.355	1	321
-0.355	-0.354	5	326
-0.354	-0.353	3	329
-0.353	-0.352	7	336
-0.352	-0.351	1	337
-0.351	-0.350	2	339
-0.350	-0.349	2	341
-0.349	-0.348	2	343
-0.348	-0.347	1	344
-0.347	-0.346	1	345
-0.346	-0.345	2	347
-0.345	-0.344	0	347
-0.344	-0.343	0	347
-0.343	-0.342	5	352
-0.342	-0.341	2	354
-0.341	-0.340	1	355
-0.340	-0.339	3	358
-0.339	-0.338	2	360
-0.338	-0.337	1	361
-0.337	-0.336	0	361
-0.336	-0.335	5	366
-0.335	-0.334	1	367
-0.334	-0.333	1	368
-0.333	-0.332	5	373
-0.332	-0.331	1	374
-0.331	-0.330	3	377
-0.330	-0.329	7	384
-0.329	-0.328	3	387
-0.328	-0.327	2	389
-0.327	-0.326	5	394
-0.326	-0.325	6	400
-0.325	-0.324	1	401
-0.324	-0.323	5	406
-0.323	-0.322	3	409
-0.322	-0.321	1	410
-0.321	-0.320	2	412
-0.320	-0.319	11	423
-0.319	-0.318	2	425
-0.318	-0.317	2	427
-0.317	-0.316	6	433
-0.316	-0.315	4	437
-0.315	-0.314	2	439
-0.314	-0.313	2	441
-0.313	-0.312	7	448
-0.312	-0.311	5	453
-0.311	-0.310	3	456
-0.310	-0.309	8	464
-0.309	-0.308	0	464
-0.308	-0.307	1	465
-0.307	-0.306	2	467
-0.306	-0.305	5	472
-0.305	-0.304	1	473
-0.304	-0.303	3	476
-0.303	-0.302	4	480
-0.302	-0.301	3	483
-0.301	-0.300	2	485
-0.300	-0.299	2	487
-0.299	-0.298	2	489
-0.298	-0.297	5	494
-0.297	-0.296	1	495
-0.296	-0.295	7	502
-0.295	-0.294	2	504
-0.294	-0.293	6	510
-0.293	-0.292	7	517
-0.292	-0.291	2	519
-0.291	-0.290	3	522
-0.290	-0.289	3	525
-0.289	-0.288	6	531
-0.288	-0.287	5	536
-0.287	-0.286	2	538
-0.286	-0.285	7	545
-0.285	-0.284	1	546
-0.284	-0.283	2	548
-0.283	-0.282	4	552
-0.282	-0.281	3	555
-0.281	-0.280	1	556
-0.280	-0.279	10	566
-0.279	-0.278	3	569
-0.278	-0.277	4	573
-0.277	-0.276	2	575
-0.276	-0.275	6	581
-0.275	-0.274	2	583
-0.274	-0.273	3	586
-0.273	-0.272	10	596
-0.272	-0.271	2	598
-0.271	-0.270	5	603
-0.270	-0.269	4	607
-0.269	-0.268	5	612
-0.268	-0.267	6	618
-0.267	-0.266	4	622
-0.266	-0.265	8	630
-0.265	-0.264	0	630
-0.264	-0.263	5	635
-0.263	-0.262	2	637
-0.262	-0.261	7	644
-0.261	-0.260	3	647
-0.260	-0.259	5	652
-0.259	-0.258	3	655
-0.258	-0.257	3	658
-0.257	-0.256	1	659
-0.256	-0.255	4	663
-0.255	-0.254	4	667
-0.254	-0.253	0	667
-0.253	-0.252	3	670
-0.252	-0.251	3	673
-0.251	-0.250	5	678
-0.250	-0.249	3	681
-0.249	-0.248	4	685
-0.248	-0.247	3	688
-0.247	-0.246	5	693
-0.246	-0.245	9	702
-0.245	-0.244	4	706
-0.244	-0.243	2	708
-0.243	-0.242	8	716
-0.242	-0.241	2	718
-0.241	-0.240	1	719
-0.240	-0.239	10	729
-0.239	-0.238	6	735
-0.238	-0.237	4	739
-0.237	-0.236	4	743
-0.236	-0.235	11	754
-0.235	-0.234	4	758
-0.234	-0.233	8	766
-0.233	-0.232	5	771
-0.232	-0.231	2	773
-0.231	-0.230	8	781
-0.230	-0.229	7	788
-0.229	-0.228	6	794
-0.228	-0.227	2	796
-0.227	-0.226	3	799
-0.226	-0.225	6	805
-0.225	-0.224	3	808
-0.224	-0.223	3	811
-0.223	-0.222	3	814
-0.222	-0.221	3	817
-0.221	-0.220	2	819
-0.220	-0.219	9	828
-0.219	-0.218	0	828
-0.218	-0.217	0	828
-0.217	-0.216	2	830
-0.216	-0.215	11	841
-0.215	-0.214	4	845
-0.214	-0.213	7	852
-0.213	-0.212	6	858
-0.212	-0.211	2	860
-0.211	-0.210	2	862
-0.210	-0.209	6	868
-0.209	-0.208	4	872
-0.208	-0.207	3	875
-0.207	-0.206	2	877
-0.206	-0.205	13	890
-0.205	-0.204	3	893
-0.204	-0.203	5	898
-0.203	-0.202	11	909
-0.202	-0.201	5	914
-0.201	-0.200	2	916
-0.200	-0.199	10	926
-0.199	-0.198	7	933
-0.198	-0.197	2	935
-0.197	-0.196	5	940
-0.196	-0.195	10	950
-0.195	-0.194	4	954
-0.194	-0.193	3	957
-0.193	-0.192	8	965
-0.192	-0.191	4	969
-0.191	-0.190	6	975
-0.190	-0.189	8	983
-0.189	-0.188	2	985
-0.188	-0.187	4	989
-0.187	-0.186	7	996
-0.186	-0.185	17	1013
-0.185	-0.184	9	1022
-0.184	-0.183	3	1025
-0.183	-0.182	11	1036
-0.182	-0.181	5	1041
-0.181	-0.180	3	1044
-0.180	-0.179	11	1055
-0.179	-0.178	3	1058
-0.178	-0.177	4	1062
-0.177	-0.176	5	1067
-0.176	-0.175	9	1076
-0.175	-0.174	5	1081
-0.174	-0.173	4	1085
-0.173	-0.172	5	1090
-0.172	-0.171	8	1098
-0.171	-0.170	5	1103
-0.170	-0.169	6	1109
-0.169	-0.168	7	1116
-0.168	-0.167	2	1118
-0.167	-0.166	3	1121
-0.166	-0.165	9	1130
-0.165	-0.164	6	1136
-0.164	-0.163	6	1142
-0.163	-0.162	8	1150
-0.162	-0.161	5	1155
-0.161	-0.160	3	1158
-0.160	-0.159	14	1172
-0.159	-0.158	5	1177
-0.158	-0.157	7	1184
-0.157	-0.156	5	1189
-0.156	-0.155	5	1194
-0.155	-0.154	5	1199
-0.154	-0.153	6	1205
-0.153	-0.152	6	1211
-0.152	-0.151	6	1217
-0.151	-0.150	4	1221
-0.150	-0.149	10	1231
-0.149	-0.148	6	1237
-0.148	-0.147	8	1245
-0.147	-0.146	9	1254
-0.146	-0.145	10	1264
-0.145	-0.144	3	1267
-0.144	-0.143	4	1271
-0.143	-0.142	14	1285
-0.142	-0.141	9	1294
-0.141	-0.140	5	1299
-0.140	-0.139	10	1309
-0.139	-0.138	2	1311
-0.138	-0.137	3	1314
-0.137	-0.136	8	1322
-0.136	-0.135	12	1334
-0.135	-0.134	6	1340
-0.134	-0.133	6	1346
-0.133	-0.132	12	1358
-0.132	-0.131	4	1362
-0.131	-0.130	5	1367
-0.130	-0.129	8	1375
-0.129	-0.128	2	1377
-0.128	-0.127	5	1382
-0.127	-0.126	2	1384
-0.126	-0.125	11	1395
-0.125	-0.124	2	1397
-0.124	-0.123	8	1405
-0.123	-0.122	4	1409
-0.122	-0.121	7	1416
-0.121	-0.120	9	1425
-0.120	-0.119	14	1439
-0.119	-0.118	6	1445
-0.118	-0.117	3	1448
-0.117	-0.116	4	1452
-0.116	-0.115	8	1460
-0.115	-0.114	7	1467
-0.114	-0.113	7	1474
-0.113	-0.112	12	1486
-0.112	-0.111	7	1493
-0.111	-0.110	8	1501
-0.110	-0.109	10	1511
-0.109	-0.108	4	1515
-0.108	-0.107	5	1520
-0.107	-0.106	4	1524
-0.106	-0.105	14	1538
-0.105	-0.104	2	1540
-0.104	-0.103	6	1546
-0.103	-0.102	14	1560
-0.102	-0.101	10	1570
-0.101	-0.100	7	1577
-0.100	-0.099	11	1588
-0.099	-0.098	4	1592
-0.098	-0.097	5	1597
-0.097	-0.096	8	1605
-0.096	-0.095	11	1616
-0.095	-0.094	8	1624
-0.094	-0.093	8	1632
-0.093	-0.092	19	1651
-0.092	-0.091	10	1661
-0.091	-0.090	5	1666
-0.090	-0.089	10	1676
-0.089	-0.088	6	1682
-0.088	-0.087	10	1692
-0.087	-0.086	7	1699
-0.086	-0.085	13	1712
-0.085	-0.084	6	1718
-0.084	-0.083	5	1723
-0.083	-0.082	11	1734
-0.082	-0.081	7	1741
-0.081	-0.080	8	1749
-0.080	-0.079	12	1761
-0.079	-0.078	2	1763
-0.078	-0.077	4	1767
-0.077	-0.076	4	1771
-0.076	-0.075	14	1785
-0.075	-0.074	4	1789
-0.074	-0.073	7	1796
-0.073	-0.072	11	1807
-0.072	-0.071	5	1812
-0.071	-0.070	5	1817
-0.070	-0.069	6	1823
-0.069	-0.068	7	1830
-0.068	-0.067	5	1835
-0.067	-0.066	6	1841
-0.066	-0.065	6	1847
-0.065	-0.064	7	1854
-0.064	-0.063	7	1861
-0.063	-0.062	21	1882
-0.062	-0.061	5	1887
-0.061	-0.060	7	1894
-0.060	-0.059	10	1904
-0.059	-0.058	5	1909
-0.058	-0.057	8	1917
-0.057	-0.056	9	1926
-0.056	-0.055	13	1939
-0.055	-0.054	6	1945
-0.054	-0.053	5	1950
-0.053	-0.052	16	1966
-0.052	-0.051	6	1972
-0.051	-0.050	1	1973
-0.050	-0.049	9	1982
-0.049	-0.048	10	1992
-0.048	-0.047	12	2004
-0.047	-0.046	6	2010
-0.046	-0.045	16	2026
-0.045	-0.044	11	2037
-0.044	-0.043	11	2048
-0.043	-0.042	11	2059
-0.042	-0.041	5	2064
-0.041	-0.040	5	2069
-0.040	-0.039	9	2078
-0.039	-0.038	1	2079
-0.038	-0.037	4	2083
-0.037	-0.036	8	2091
-0.036	-0.035	18	2109
-0.035	-0.034	6	2115
-0.034	-0.033	3	2118
-0.033	-0.032	15	2133
-0.032	-0.031	7	2140
-0.031	-0.030	2	2142
-0.030	-0.029	18	2160
-0.029	-0.028	7	2167
-0.028	-0.027	5	2172
-0.027	-0.026	2	2174
-0.026	-0.025	16	2190
-0.025	-0.024	4	2194
-0.024	-0.023	14	2208
-0.023	-0.022	12	2220
-0.022	-0.021	7	2227
-0.021	-0.020	2	2229
-0.020	-0.019	8	2237
-0.019	-0.018	5	2242
-0.018	-0.017	4	2246
-0.017	-0.016	6	2252
-0.016	-0.015	13	2265
-0.015	-0.014	1	2266
-0.014	-0.013	14	2280
-0.013	-0.012	6	2286
-0.012	-0.011	8	2294
-0.011	-0.010	9	2303
-0.010	-0.009	13	2316
-0.009	-0.008	10	2326
-0.008	-0.007	9	2335
-0.007	-0.006	5	2340
-0.006	-0.005	17	2357
-0.005	-0.004	3	2360
-0.004	-0.003	6	2366
-0.003	-0.002	13	2379
-0.002	-0.001	5	2384
-0.001	-0.000	15	2399
0.000	0.001	18	2417
0.001	0.002	11	2428
0.002	0.003	3	2431
0.003	0.004	18	2449
0.004	0.005	6	2455
0.005	0.006	2	2457
0.006	0.007	7	2464
0.007	0.008	3	2467
0.008	0.009	8	2475
0.009	0.010	10	2485
0.010	0.011	12	2497
0.011	0.012	5	2502
0.012	0.013	9	2511
0.013	0.014	17	2528
0.014	0.015	5	2533
0.015	0.016	5	2538
0.016	0.017	12	2550
0.017	0.018	6	2556
0.018	0.019	3	2559
0.019	0.020	6	2565
0.020	0.021	19	2584
0.021	0.022	9	2593
0.022	0.023	7	2600
0.023	0.024	16	2616
0.024	0.025	7	2623
0.025	0.026	7	2630
0.026	0.027	14	2644
0.027	0.028	7	2651
0.028	0.029	4	2655
0.029	0.030	7	2662
0.030	0.031	15	2677
0.031	0.032	9	2686
0.032	0.033	4	2690
0.033	0.034	17	2707
0.034	0.035	7	2714
0.035	0.036	8	2722
0.036	0.037	16	2738
0.037	0.038	8	2746
0.038	0.039	4	2750
0.039	0.040	7	2757
0.040	0.041	16	2773
0.041	0.042	8	2781
0.042	0.043	6	2787
0.043	0.044	14	2801
0.044	0.045	7	2808
0.045	0.046	11	2819
0.046	0.047	11	2830
0.047	0.048	5	2835
0.048	0.049	6	2841
0.049	0.050	7	2848
0.050	0.051	11	2859
0.051	0.052	6	2865
0.052	0.053	6	2871
0.053	0.054	7	2878
0.054	0.055	6	2884
0.055	0.056	4	2888
0.056	0.057	21	2909
0.057	0.058	8	2917
0.058	0.059	4	2921
0.059	0.060	6	2927
0.060	0.061	19	2946
0.061	0.062	8	2954
0.062	0.063	4	2958
0.063	0.064	8	2966
0.064	0.065	7	2973
0.065	0.066	6	2979
0.066	0.067	15	2994
0.067	0.068	6	3000
0.068	0.069	4	3004
0.069	0.070	2	3006
0.070	0.071	14	3020
0.071	0.072	7	3027
0.072	0.073	5	3032
0.073	0.074	12	3044
0.074	0.075	13	3057
0.075	0.076	3	3060
0.076	0.077	8	3068
0.077	0.078	6	3074
0.078	0.079	8	3082
0.079	0.080	7	3089
0.080	0.081	11	3100
0.081	0.082	9	3109
0.082	0.083	5	3114
0.083	0.084	13	3127
0.084	0.085	6	3133
0.085	0.086	6	3139
0.086	0.087	9	3148
0.087	0.088	5	3153
0.088	0.089	12	3165
0.089	0.090	8	3173
0.090	0.091	13	3186
0.091	0.092	3	3189
0.092	0.093	9	3198
0.093	0.094	14	3212
0.094	0.095	3	3215
0.095	0.096	2	3217
0.096	0.097	9	3226
0.097	0.098	9	3235
0.098	0.099	7	3242
0.099	0.100	3	3245
0.100	0.101	10	3255
0.101	0.102	7	3262
0.102	0.103	5	3267
0.103	0.104	7	3274
0.104	0.105	5	3279
0.105	0.106	2	3281
0.106	0.107	7	3288
0.107	0.108	6	3294
0.108	0.109	3	3297
0.109	0.110	3	3300
0.110	0.111	15	3315
0.111	0.112	6	3321
0.112	0.113	7	3328
0.113	0.114	10	3338
0.114	0.115	8	3346
0.115	0.116	5	3351
0.116	0.117	17	3368
0.117	0.118	6	3374
0.118	0.119	3	3377
0.119	0.120	2	3379
0.120	0.121	8	3387
0.121	0.122	5	3392
0.122	0.123	7	3399
0.123	0.124	13	3412
0.124	0.125	2	3414
0.125	0.126	4	3418
0.126	0.127	10	3428
0.127	0.128	4	3432
0.128	0.129	4	3436
0.129	0.130	2	3438
0.130	0.131	9	3447
0.131	0.132	5	3452
0.132	0.133	4	3456
0.133	0.134	10	3466
0.134	0.135	6	3472
0.135	0.136	5	3477
0.136	0.137	15	3492
0.137	0.138	7	3499
0.138	0.139	12	3511
0.139	0.140	6	3517
0.140	0.141	5	3522
0.141	0.142	4	3526
0.142	0.143	8	3534
0.143	0.144	9	3543
0.144	0.145	5	3548
0.145	0.146	3	3551
0.146	0.147	8	3559
0.147	0.148	5	3564
0.148	0.149	4	3568
0.149	0.150	7	3575
0.150	0.151	7	3582
0.151	0.152	7	3589
0.152	0.153	5	3594
0.153	0.154	12	3606
0.154	0.155	3	3609
0.155	0.156	2	3611
0.156	0.157	8	3619
0.157	0.158	5	3624
0.158	0.159	4	3628
0.159	0.160	3	3631
0.160	0.161	7	3638
0.161	0.162	4	3642
0.162	0.163	4	3646
0.163	0.164	14	3660
0.164	0.165	4	3664
0.165	0.166	7	3671
0.166	0.167	10	3681
0.167	0.168	5	3686
0.168	0.169	7	3693
0.169	0.170	10	3703
0.170	0.171	5	3708
0.171	0.172	3	3711
0.172	0.173	7	3718
0.173	0.174	7	3725
0.174	0.175	4	3729
0.175	0.176	5	3734
0.176	0.177	10	3744
0.177	0.178	5	3749
0.178	0.179	6	3755
0.179	0.180	3	3758
0.180	0.181	14	3772
0.181	0.182	3	3775
0.182	0.183	4	3779
0.183	0.184	9	3788
0.184	0.185	6	3794
0.185	0.186	5	3799
0.186	0.187	15	3814
0.187	0.188	2	3816
0.188	0.189	4	3820
0.189	0.190	4	3824
0.190	0.191	12	3836
0.191	0.192	6	3842
0.192	0.193	4	3846
0.193	0.194	8	3854
0.194	0.195	4	3858
0.195	0.196	4	3862
0.196	0.197	7	3869
0.197	0.198	3	3872
0.198	0.199	2	3874
0.199	0.200	4	3878
0.200	0.201	10	3888
0.201	0.202	2	3890
0.202	0.203	4	3894
0.203	0.204	7	3901
0.204	0.205	2	3903
0.205	0.206	0	3903
0.206	0.207	9	3912
0.207	0.208	8	3920
0.208	0.209	4	3924
0.209	0.210	5	3929
0.210	0.211	2	3931
0.211	0.212	3	3934
0.212	0.213	5	3939
0.213	0.214	9	3948
0.214	0.215	2	3950
0.215	0.216	2	3952
0.216	0.217	10	3962
0.217	0.218	6	3968
0.218	0.219	4	3972
0.219	0.220	4	3976
0.220	0.221	11	3987
0.221	0.222	8	3995
0.222	0.223	2	3997
0.223	0.224	10	4007
0.224	0.225	4	4011
0.225	0.226	7	4018
0.226	0.227	8	4026
0.227	0.228	7	4033
0.228	0.229	3	4036
0.229	0.230	5	4041
0.230	0.231	8	4049
0.231	0.232	1	4050
0.232	0.233	6	4056
0.233	0.234	11	4067
0.234	0.235	8	4075
0.235	0.236	3	4078
0.236	0.237	8	4086
0.237	0.238	7	4093
0.238	0.239	1	4094
0.239	0.240	7	4101
0.240	0.241	10	4111
0.241	0.242	4	4115
0.242	0.243	3	4118
0.243	0.244	8	4126
0.244	0.245	1	4127
0.245	0.246	8	4135
0.246	0.247	9	4144
0.247	0.248	1	4145
0.248	0.249	0	4145
0.249	0.250	5	4150
0.250	0.251	8	4158
0.251	0.252	0	4158
0.252	0.253	1	4159
0.253	0.254	10	4169
0.254	0.255	8	4177
0.255	0.256	2	4179
0.256	0.257	6	4185
0.257	0.258	2	4187
0.258	0.259	4	4191
0.259	0.260	6	4197
0.260	0.261	9	4206
0.261	0.262	7	4213
0.262	0.263	5	4218
0.263	0.264	12	4230
0.264	0.265	5	4235
0.265	0.266	6	4241
0.266	0.267	6	4247
0.267	0.268	2	4249
0.268	0.269	1	4250
0.269	0.270	5	4255
0.270	0.271	5	4260
0.271	0.272	1	4261
0.272	0.273	3	4264
0.273	0.274	7	4271
0.274	0.275	2	4273
0.275	0.276	3	4276
0.276	0.277	5	4281
0.277	0.278	1	4282
0.278	0.279	1	4283
0.279	0.280	2	4285
0.280	0.281	6	4291
0.281	0.282	2	4293
0.282	0.283	5	4298
0.283	0.284	6	4304
0.284	0.285	3	4307
0.285	0.286	7	4314
0.286	0.287	7	4321
0.287	0.288	7	4328
0.288	0.289	4	4332
0.289	0.290	6	4338
0.290	0.291	14	4352
0.291	0.292	1	4353
0.292	0.293	4	4357
0.293	0.294	8	4365
0.294	0.295	3	4368
0.295	0.296	4	4372
0.296	0.297	4	4376
0.297	0.298	1	4377
0.298	0.299	1	4378
0.299	0.300	3	4381
0.300	0.301	3	4384
0.301	0.302	6	4390
0.302	0.303	2	4392
0.303	0.304	7	4399
0.304	0.305	4	4403
0.305	0.306	0	4403
0.306	0.307	7	4410
0.307	0.308	4	4414
0.308	0.309	2	4416
0.309	0.310	4	4420
0.310	0.311	8	4428
0.311	0.312	1	4429
0.312	0.313	0	4429
0.313	0.314	6	4435
0.314	0.315	1	4436
0.315	0.316	1	4437
0.316	0.317	10	4447
0.317	0.318	4	4451
0.318	0.319	1	4452
0.319	0.320	3	4455
0.320	0.321	6	4461
0.321	0.322	4	4465
0.322	0.323	0	4465
0.323	0.324	0	4465
0.324	0.325	1	4466
0.325	0.326	3	4469
0.326	0.327	4	4473
0.327	0.328	2	4475
0.328	0.329	1	4476
0.329	0.330	4	4480
0.330	0.331	3	4483
0.331	0.332	4	4487
0.332	0.333	3	4490
0.333	0.334	6	4496
0.334	0.335	3	4499
0.335	0.336	0	4499
0.336	0.337	4	4503
0.337	0.338	2	4505
0.338	0.339	3	4508
0.339	0.340	1	4509
0.340	0.341	6	4515
0.341	0.342	2	4517
0.342	0.343	5	4522
0.343	0.344	9	4531
0.344	0.345	1	4532
0.345	0.346	2	4534
0.346	0.347	5	4539
0.347	0.348	5	4544
0.348	0.349	0	4544
0.349	0.350	2	4546
0.350	0.351	3	4549
0.351	0.352	3	4552
0.352	0.353	0	4552
0.353	0.354	0	4552
0.354	0.355	3	4555
0.355	0.356	1	4556
0.356	0.357	2	4558
0.357	0.358	1	4559
0.358	0.359	2	4561
0.359	0.360	3	4564
0.360	0.361	6	4570
0.361	0.362	2	4572
0.362	0.363	2	4574
0.363	0.364	4	4578
0.364	0.365	1	4579
0.365	0.366	4	4583
0.366	0.367	3	4586
0.367	0.368	3	4589
0.368	0.369	2	4591
0.369	0.370	1	4592
0.370	0.371	1	4593
0.371	0.372	1	4594
0.372	0.373	1	4595
0.373	0.374	5	4600
0.374	0.375	4	4604
0.375	0.376	0	4604
0.376	0.377	3	4607
0.377	0.378	3	4610
0.378	0.379	4	4614
0.379	0.380	0	4614
0.380	0.381	1	4615
0.381	0.382	2	4617
0.382	0.383	3	4620
0.383	0.384	1	4621
0.384	0.385	1	4622
0.385	0.386	2	4624
0.386	0.387	2	4626
0.387	0.388	2	4628
0.388	0.389	0	4628
0.389	0.390	1	4629
0.390	0.391	6	4635
0.391	0.392	1	4636
0.392	0.393	0	4636
0.393	0.394	1	4637
0.394	0.395	0	4637
0.395	0.396	7	4644
0.396	0.397	3	4647
0.397	0.398	2	4649
0.398	0.399	1	4650
0.399	0.400	1	4651
0.400	0.401	4	4655
0.401	0.402	1	4656
0.402	0.403	1	4657
0.403	0.404	3	4660
0.404	0.405	1	4661
0.405	0.406	2	4663
0.406	0.407	1	4664
0.407	0.408	3	4667
0.408	0.409	0	4667
0.409	0.410	0	4667
0.410	0.411	3	4670
0.411	0.412	2	4672
0.412	0.413	1	4673
0.413	0.414	3	4676
0.414	0.415	0	4676
0.415	0.416	0	4676
0.416	0.417	2	4678
0.417	0.418	2	4680
0.418	0.419	0	4680
0.419	0.420	1	4681
0.420	0.421	3	4684
0.421	0.422	1	4685
0.422	0.423	1	4686
0.423	0.424	4	4690
0.424	0.425	1	4691
0.425	0.426	1	4692
0.426	0.427	1	4693
0.427	0.428	1	4694
0.428	0.429	1	4695
0.429	0.430	0	4695
0.430	0.431	5	4700
0.431	0.432	1	4701
0.432	0.433	3	4704
0.433	0.434	4	4708
0.434	0.435	1	4709
0.435	0.436	0	4709
0.436	0.437	2	4711
0.437	0.438	2	4713
0.438	0.439	1	4714
0.439	0.440	0	4714
0.440	0.441	4	4718
0.441	0.442	0	4718
0.442	0.443	2	4720
0.443	0.444	3	4723
0.444	0.445	2	4725
0.445	0.446	1	4726
0.446	0.447	1	4727
0.447	0.448	0	4727
0.448	0.449	0	4727
0.449	0.450	2	4729
0.450	0.451	2	4731
0.451	0.452	0	4731
0.452	0.453	3	4734
0.453	0.454	2	4736
0.454	0.455	0	4736
0.455	0.456	1	4737
0.456	0.457	1	4738
0.457	0.458	2	4740
0.458	0.459	2	4742
0.459	0.460	0	4742
0.460	0.461	1	4743
0.461	0.462	0	4743
0.462	0.463	2	4745
0.463	0.464	6	4751
0.464	0.465	1	4752
0.465	0.466	0	4752
0.466	0.467	1	4753
0.467	0.468	1	4754
0.468	0.469	2	4756
0.469	0.470	1	4757
0.470	0.471	3	4760
0.471	0.472	1	4761
0.472	0.473	0	4761
0.473	0.474	2	4763
0.474	0.475	1	4764
0.475	0.476	0	4764
0.476	0.477	1	4765
0.477	0.478	1	4766
0.478	0.479	1	4767
0.479	0.480	2	4769
0.480	0.481	2	4771
0.481	0.482	1	4772
0.482	0.483	0	4772
0.483	0.484	1	4773
0.484	0.485	2	4775
0.485	0.486	0	4775
0.486	0.487	3	4778
0.487	0.488	0	4778
0.488	0.489	4	4782
0.489	0.490	0	4782
0.490	0.491	0	4782
0.491	0.492	0	4782
0.492	0.493	0	4782
0.493	0.494	3	4785
0.494	0.495	1	4786
0.495	0.496	1	4787
0.496	0.497	0	4787
0.497	0.498	0	4787
0.498	0.499	0	4787
0.499	0.500	1	4788
0.500	0.501	4	4792
0.501	0.502	0	4792
0.502	0.503	0	4792
0.503	0.504	1	4793
0.504	0.505	3	4796
0.505	0.506	0	4796
0.506	0.507	3	4799
0.507	0.508	2	4801
0.508	0.509	2	4803
0.509	0.510	1	4804
0.510	0.511	2	4806
0.511	0.512	2	4808
0.512	0.513	0	4808
0.513	0.514	0	4808
0.514	0.515	0	4808
0.515	0.516	2	4810
0.516	0.517	1	4811
0.517	0.518	2	4813
0.518	0.519	0	4813
0.519	0.520	0	4813
0.520	0.521	3	4816
0.521	0.522	0	4816
0.522	0.523	0	4816
0.523	0.524	1	4817
0.524	0.525	2	4819
0.525	0.526	1	4820
0.526	0.527	1	4821
0.527	0.528	0	4821
0.528	0.529	1	4822
0.529	0.530	1	4823
0.530	0.531	4	4827
0.531	0.532	1	4828
0.532	0.533	1	4829
0.533	0.534	1	4830
0.534	0.535	1	4831
0.535	0.536	1	4832
0.536	0.537	0	4832
0.537	0.538	0	4832
0.538	0.539	2	4834
0.539	0.540	1	4835
0.540	0.541	0	4835
0.541	0.542	0	4835
0.542	0.543	1	4836
0.543	0.544	4	4840
0.544	0.545	1	4841
0.545	0.546	2	4843
0.546	0.547	3	4846
0.547	0.548	0	4846
0.548	0.549	1	4847
0.549	0.550	0	4847
0.550	0.551	1	4848
0.551	0.552	3	4851
0.552	0.553	0	4851
0.553	0.554	2	4853
0.554	0.555	1	4854
0.555	0.556	0	4854
0.556	0.557	4	4858
0.557	0.558	0	4858
0.558	0.559	0	4858
0.559	0.560	1	4859
0.560	0.561	0	4859
0.561	0.562	0	4859
0.562	0.563	0	4859
0.563	0.564	1	4860
0.564	0.565	0	4860
0.565	0.566	0	4860
0.566	0.567	1	4861
0.567	0.568	0	4861
0.568	0.569	0	4861
0.569	0.570	1	4862
0.570	0.571	1	4863
0.571	0.572	1	4864
0.572	0.573	0	4864
0.573	0.574	3	4867
0.574	0.575	2	4869
0.575	0.576	1	4870
0.576	0.577	2	4872
0.577	0.578	0	4872
0.578	0.579	0	4872
0.579	0.580	0	4872
0.580	0.581	2	4874
0.581	0.582	1	4875
0.582	0.583	1	4876
0.583	0.584	0	4876
0.584	0.585	1	4877
0.585	0.586	2	4879
0.586	0.587	1	4880
0.587	0.588	0	4880
0.588	0.589	1	4881
0.589	0.590	0	4881
0.590	0.591	2	4883
0.591	0.592	0	4883
0.592	0.593	1	4884
0.593	0.594	0	4884
0.594	0.595	0	4884
0.595	0.596	0	4884
0.596	0.597	0	4884
0.597	0.598	0	4884
0.598	0.599	1	4885
0.599	0.600	0	4885
0.600	0.601	1	4886
0.601	0.602	0	4886
0.602	0.603	0	4886
0.603	0.604	1	4887
0.604	0.605	0	4887
0.605	0.606	0	4887
0.606	0.607	2	4889
0.607	0.608	0	4889
0.608	0.609	1	4890
0.609	0.610	0	4890
0.610	0.611	2	4892
0.611	0.612	0	4892
0.612	0.613	0	4892
0.613	0.614	2	4894
0.614	0.615	0	4894
0.615	0.616	1	4895
0.616	0.617	0	4895
0.617	0.618	0	4895
0.618	0.619	0	4895
0.619	0.620	0	4895
0.620	0.621	0	4895
0.621	0.622	2	4897
0.622	0.623	1	4898
0.623	0.624	0	4898
0.624	0.625	0	4898
0.625	0.626	0	4898
0.626	0.627	2	4900
0.627	0.628	0	4900
0.628	0.629	0	4900
0.629	0.630	0	4900
0.630	0.631	1	4901
0.631	0.632	0	4901
0.632	0.633	0	4901
0.633	0.634	0	4901
0.634	0.635	0	4901
0.635	0.636	0	4901
0.636	0.637	0	4901
0.637	0.638	0	4901
0.638	0.639	0	4901
0.639	0.640	0	4901
0.640	0.641	1	4902
0.641	0.642	1	4903
0.642	0.643	0	4903
0.643	0.644	0	4903
0.644	0.645	0	4903
0.645	0.646	1	4904
0.646	0.647	0	4904
0.647	0.648	0	4904
0.648	0.649	1	4905
0.649	0.650	0	4905
0.650	0.651	2	4907
0.651	0.652	0	4907
0.652	0.653	0	4907
0.653	0.654	1	4908
0.654	0.655	0	4908
0.655	0.656	2	4910
0.656	0.657	1	4911
0.657	0.658	1	4912
0.658	0.659	1	4913
0.659	0.660	1	4914
0.660	0.661	1	4915
0.661	0.662	0	4915
0.662	0.663	0	4915
0.663	0.664	2	4917
0.664	0.665	0	4917
0.665	0.666	0	4917
0.666	0.667	1	4918
0.667	0.668	0	4918
0.668	0.669	0	4918
0.669	0.670	0	4918
0.670	0.671	2	4920
0.671	0.672	1	4921
0.672	0.673	0	4921
0.673	0.674	0	4921
0.674	0.675	0	4921
0.675	0.676	0	4921
0.676	0.677	1	4922
0.677	0.678	1	4923
0.678	0.679	0	4923
0.679	0.680	1	4924
0.680	0.681	1	4925
0.681	0.682	0	4925
0.682	0.683	0	4925
0.683	0.684	1	4926
0.684	0.685	0	4926
0.685	0.686	0	4926
0.686	0.687	0	4926
0.687	0.688	0	4926
0.688	0.689	0	4926
0.689	0.690	0	4926
0.690	0.691	1	4927
0.691	0.692	0	4927
0.692	0.693	0	4927
0.693	0.694	0	4927
0.694	0.695	0	4927
0.695	0.696	0	4927
0.696	0.697	1	4928
0.697	0.698	0	4928
0.698	0.699	0	4928
0.699	0.700	0	4928
0.700	0.701	1	4929
0.701	0.702	0	4929
0.702	0.703	1	4930
0.703	0.704	0	4930
0.704	0.705	0	4930
0.705	0.706	0	4930
0.706	0.707	0	4930
0.707	0.708	0	4930
0.708	0.709	0	4930
0.709	0.710	2	4932
0.710	0.711	0	4932
0.711	0.712	1	4933
0.712	0.713	1	4934
0.713	0.714	0	4934
0.714	0.715	0	4934
0.715	0.716	0	4934
0.716	0.717	0	4934
0.717	0.718	1	4935
0.718	0.719	0	4935
0.719	0.720	1	4936
0.720	0.721	1	4937
0.721	0.722	0	4937
0.722	0.723	0	4937
0.723	0.724	0	4937
0.724	0.725	1	4938
0.725	0.726	0	4938
0.726	0.727	0	4938
0.727	0.728	0	4938
0.728	0.729	0	4938
0.729	0.730	0	4938
0.730	0.731	0	4938
0.731	0.732	0	4938
0.732	0.733	0	4938
0.733	0.734	0	4938
0.734	0.735	0	4938
0.735	0.736	0	4938
0.736	0.737	0	4938
0.737	0.738	0	4938
0.738	0.739	0	4938
0.739	0.740	0	4938
0.740	0.741	1	4939
0.741	0.742	0	4939
0.742	0.743	0	4939
0.743	0.744	0	4939
0.744	0.745	0	4939
0.745	0.746	0	4939
0.746	0.747	0	4939
0.747	0.748	0	4939
0.748	0.749	0	4939
0.749	0.750	0	4939
0.750	0.751	0	4939
0.751	0.752	0	4939
0.752	0.753	0	4939
0.753	0.754	1	4940
0.754	0.755	0	4940
0.755	0.756	0	4940
0.756	0.757	1	4941
0.757	0.758	0	4941
0.758	0.759	0	4941
0.759	0.760	0	4941
0.760	0.761	0	4941
0.761	0.762	1	4942
0.762	0.763	1	4943
0.763	0.764	0	4943
0.764	0.765	0	4943
0.765	0.766	0	4943
0.766	0.767	0	4943
0.767	0.768	0	4943
0.768	0.769	0	4943
0.769	0.770	0	4943
0.770	0.771	0	4943
0.771	0.772	0	4943
0.772	0.773	0	4943
0.773	0.774	0	4943
0.774	0.775	1	4944
0.775	0.776	0	4944
0.776	0.777	0	4944
0.777	0.778	0	4944
0.778	0.779	0	4944
0.779	0.780	0	4944
0.780	0.781	0	4944
0.781	0.782	0	4944
0.782	0.783	0	4944
0.783	0.784	0	4944
0.784	0.785	0	4944
0.785	0.786	0	4944
0.786	0.787	0	4944
0.787	0.788	0	4944
0.788	0.789	0	4944
0.789	0.790	0	4944
0.790	0.791	0	4944
0.791	0.792	0	4944
0.792	0.793	0	4944
0.793	0.794	2	4946
0.794	0.795	0	4946
0.795	0.796	0	4946
0.796	0.797	0	4946
0.797	0.798	0	4946
0.798	0.799	0	4946
0.799	0.800	0	4946
0.800	0.801	1	4947
0.801	0.802	0	4947
0.802	0.803	0	4947
0.803	0.804	0	4947
0.804	0.805	0	4947
0.805	0.806	0	4947
0.806	0.807	0	4947
0.807	0.808	0	4947
0.808	0.809	0	4947
0.809	0.810	0	4947
0.810	0.811	0	4947
0.811	0.812	1	4948
0.812	0.813	0	4948
0.813	0.814	1	4949
0.814	0.815	0	4949
0.815	0.816	0	4949
0.816	0.817	0	4949
0.817	0.818	0	4949
0.818	0.819	0	4949
0.819	0.820	0	4949
0.820	0.821	0	4949
0.821	0.822	0	4949
0.822	0.823	0	4949
0.823	0.824	0	4949
0.824	0.825	0	4949
0.825	0.826	0	4949
0.826	0.827	0	4949
0.827	0.828	0	4949
0.828	0.829	0	4949
0.829	0.830	0	4949
0.830	0.831	0	4949
0.831	0.832	0	4949
0.832	0.833	0	4949
0.833	0.834	0	4949
0.834	0.835	0	4949
0.835	0.836	0	4949
0.836	0.837	0	4949
0.837	0.838	0	4949
0.838	0.839	0	4949
0.839	0.840	0	4949
0.840	0.841	1	4950
0.841	0.842	0	4950
0.842	0.843	0	4950
0.843	0.844	0	4950
0.844	0.845	0	4950
0.845	0.846	0	4950
0.846	0.847	0	4950
0.847	0.848	0	4950
0.848	0.849	0	4950
0.849	0.850	0	4950
0.850	0.851	0	4950
0.851	0.852	0	4950
0.852	0.853	0	4950
0.853	0.854	0	4950
0.854	0.855	0	4950
0.855	0.856	0	4950
0.856	0.857	0	4950
0.857	0.858	0	4950
0.858	0.859	0	4950
0.859	0.860	0	4950
0.860	0.861	0	4950
0.861	0.862	0	4950
0.862	0.863	0	4950
0.863	0.864	0	4950
0.864	0.865	0	4950
0.865	0.866	0	4950
0.866	0.867	0	4950
0.867	0.868	0	4950
0.868	0.869	0	4950
0.869	0.870	0	4950
0.870	0.871	0	4950
0.871	0.872	0	4950
0.872	0.873	0	4950
0.873	0.874	0	4950
0.874	0.875	0	4950
0.875	0.876	0	4950
0.876	0.877	0	4950
0.877	0.878	0	4950
0.878	0.879	0	4950
0.879	0.880	0	4950
0.880	0.881	0	4950
0.881	0.882	0	4950
0.882	0.883	0	4950
0.883	0.884	0	4950
0.884	0.885	0	4950
0.885	0.886	0	4950
0.886	0.887	0	4950
0.887	0.888	0	4950
0.888	0.889	0	4950
0.889	0.890	0	4950
0.890	0.891	0	4950
0.891	0.892	0	4950
0.892	0.893	0	4950
0.893	0.894	0	4950
0.894	0.895	0	4950
0.895	0.896	0	4950
0.896	0.897	0	4950
0.897	0.898	0	4950
0.898	0.899	0	4950
0.899	0.900	0	4950
0.900	0.901	0	4950
0.901	0.902	0	4950
0.902	0.903	0	4950
0.903	0.904	0	4950
0.904	0.905	0	4950
0.905	0.906	0	4950
0.906	0.907	0	4950
0.907	0.908	0	4950
0.908	0.909	0	4950
0.909	0.910	0	4950
0.910	0.911	0	4950
0.911	0.912	0	4950
0.912	0.913	0	4950
0.913	0.914	0	4950
0.914	0.915	0	4950
0.915	0.916	0	4950
0.916	0.917	0	4950
0.917	0.918	0	4950
0.918	0.919	0	4950
0.919	0.920	0	4950
0.920	0.921	0	4950
0.921	0.922	0	4950
0.922	0.923	0	4950
0.923	0.924	0	4950
0.924	0.925	0	4950
0.925	0.926	0	4950
0.926	0.927	0	4950
0.927	0.928	0	4950
0.928	0.929	0	4950
0.929	0.930	0	4950
0.930	0.931	0	4950
0.931	0.932	0	4950
0.932	0.933	0	4950
0.933	0.934	0	4950
0.934	0.935	0	4950
0.935	0.936	0	4950
0.936	0.937	0	4950
0.937	0.938	0	4950
0.938	0.939	0	4950
0.939	0.940	0	4950
0.940	0.941	0	4950
0.941	0.942	0	4950
0.942	0.943	0	4950
0.943	0.944	0	4950
0.944	0.945	0	4950
0.945	0.946	0	4950
0.946	0.947	0	4950
0.947	0.948	0	4950
0.948	0.949	0	4950
0.949	0.950	0	4950
0.950	0.951	0	4950
0.951	0.952	0	4950
0.952	0.953	0	4950
0.953	0.954	0	4950
0.954	0.955	0	4950
0.955	0.956	0	4950
0.956	0.957	0	4950
0.957	0.958	0	4950
0.958	0.959	0	4950
0.959	0.960	0	4950
0.960	0.961	0	4950
0.961	0.962	0	4950
0.962	0.963	0	4950
0.963	0.964	0	4950
0.964	0.965	0	4950
0.965	0.966	0	4950
0.966	0.967	0	4950
0.967	0.968	0	4950
0.968	0.969	0	4950
0.969	0.970	0	4950
0.970	0.971	0	4950
0.971	0.972	0	4950
0.972	0.973	0	4950
0.973	0.974	0	4950
0.974	0.975	0	4950
0.975	0.976	0	4950
0.976	0.977	0	4950
0.977	0.978	0	4950
0.978	0.979	0	4950
0.979	0.980	0	4950
0.980	0.981	0	4950
0.981	0.982	0	4950
0.982	0.983	0	4950
0.983	0.984	0	4950
0.984	0.985	0	4950
0.985	0.986	0	4950
0.986	0.987	0	4950
0.987	0.988	0	4950
0.988	0.989	0	4950
0.989	0.990	0	4950
0.990	0.991	0	4950
0.991	0.992	0	4950
0.992	0.993	0	4950
0.993	0.994	0	4950
0.994	0.995	0	4950
0.995	0.996	0	4950
0.996	0.997	0	4950
0.997	0.998	0	4950
0.998	0.999	0	4950
0.999	1.000	0	4950
1.000	1.001	0	4950
mean value_group1 = 0.012808
variance_group1 = 0.059925
standard deviation_group1 = 0.244796
skewness_group1 = 0.002127
kurtosis_group1 = 0.011125
lower quartile_group1 = -0.147938
median_value_group1 = 0.009000
upper quartile_group1 = 0.172214
interquartile range_group1 = 0.320152
