symbol	GSM2226789	GSM2774696	GSM1855320	GSM2774692	GSM2774693	GSM2477391	GSM2700242	GSM2195412	GSM2195413	GSM2700241	GSM2226790	GSM2226787	GSM3936839	GSM2700245	GSM3685851	GSM1855317	GSM3685848	GSM1855318	GSM2195415	GSM3685853	GSM2477390	GSM2774694	GSM2700244	GSM2195410	GSM3936840
A1BG	5.531876268	5.568092886	5.33714125	5.75930707	5.842061739	5.489934283	5.186865489	5.741851083	5.805404177	5.345008464	5.788094136	5.909850403	6.058906701	5.449355566	6.187971555	5.531742858	5.300036728	5.238111989	5.435298749	5.373141909	6.164748772	5.776755344	5.558898225	5.33398959	5.660104414
A1BG-AS1	5.124219618	4.80247122	5.062162014	5.120728981	5.001705577	4.881181316	5.4068927	4.715928393	5.584571012	5.052022161	5.080863273	4.82190224	5.02084615	4.856240883	5.15487817	4.89350919	4.37209382	5.084392329	5.310992263	5.006714097	4.884511266	4.496589915	5.05280598	5.002675576	5.2723894
A1CF	3.275743777	3.108782136	3.489609203	3.446289673	2.917242122	3.039957295	3.626000965	3.261092664	3.140202275	3.191007866	3.350443381	3.470828657	3.628069478	3.23414418	3.496370933	3.277384044	3.808615077	3.547444621	3.737570759	3.235364092	3.296980354	3.771748385	3.389800724	3.467646419	3.531036945
A2M	4.171967248	3.733721276	4.360889875	3.73456593	3.789635493	4.149825644	3.772477319	4.339848342	4.245505426	3.93220405	4.112531317	3.860226388	4.211099641	4.015661094	3.789845542	4.372265669	4.064124097	4.857342718	4.779335108	4.068616166	4.118122372	3.626866203	3.960066092	4.221903369	3.948160795
A2M-AS1	6.987930149	7.067070197	8.410608982	8.127716055	7.43044575	8.520735434	6.717504997	6.734004624	8.4951149	6.96892081	8.982452392	7.742348561	6.53062959	7.034923573	6.960958158	7.929720232	7.736763183	8.880162823	7.602941588	8.170046171	8.077262777	7.177670662	8.071387559	7.76370489	7.990861764
A2ML1	2.744230148	2.815291873	2.856059808	2.919851905	2.738567428	2.959164629	2.863817242	2.936950462	2.796982448	2.979265133	2.918176844	3.213584092	2.7242062	2.760738252	2.521632067	2.804396745	2.968364315	3.180628204	2.894609814	3.104818399	2.760918	2.739079486	2.770020136	2.970938289	2.75947909
A2MP1	3.853651389	4.390329977	4.43977612	4.1824745	4.243144542	4.339598964	4.442702359	4.990509403	4.677787017	4.756342824	3.511923402	4.042215762	4.28356754	3.98160918	3.872676643	4.398191575	4.893143076	4.15215323	4.087147709	4.574354018	4.152904262	4.588258066	4.314298127	4.424894196	4.029944491
A4GALT	4.783321056	4.910925249	5.032917278	4.850522194	4.914449674	4.887933732	5.28338296	5.018940683	4.971534658	5.054082988	4.783370791	5.036633781	4.577053914	4.670042097	5.254885202	4.946412979	5.118306719	4.920132457	4.994797048	5.083676566	4.71919351	5.08736543	4.867725895	4.928360722	4.838976173
A4GNT	4.709809312	4.584176421	4.988466425	3.931686988	4.731311045	4.189713491	4.228096725	4.167135953	4.572726735	4.147615484	4.528805	4.568949421	4.466129392	4.013339071	4.271170812	4.709162042	3.948386437	4.43539502	4.6344145	4.845918945	4.70838686	4.410425074	4.65233119	4.918252088	4.6476846
AA06	4.481549607	4.391325378	4.53803492	4.305267205	4.213317321	4.639845896	4.358730109	4.871820676	4.451904257	4.60318211	4.377280916	4.203623506	4.648213241	3.998533479	4.555090198	4.518577308	4.743491737	4.42919134	4.507195349	4.735772617	4.343663535	4.124545299	4.353710866	4.294881498	4.753281065
AAAS	6.001987571	6.37355613	5.857191276	5.867251635	5.448752417	5.97478857	6.002123164	5.741143465	6.273504094	6.314834347	6.15192441	5.78502984	5.23310658	5.837006917	5.616461965	5.889105873	6.168114445	6.1810984	5.363922015	5.987147914	5.835131959	5.152286785	5.566129493	5.776873313	5.454974734
AACS	6.442703481	6.264945069	6.884751971	6.238537215	6.174058924	6.549112245	6.474335857	6.481050045	6.825770604	6.437730744	6.787460244	6.504993465	6.490850873	6.386249314	6.386517233	6.530687115	6.221439486	6.661202514	6.443547025	6.621455986	7.003302593	6.412961351	6.738946397	6.423935343	6.470948671
AACSP1	3.477861321	3.205834919	3.379087511	3.15777857	3.473256629	3.074650218	3.071578231	3.210732131	3.371885408	2.937791214	3.338773999	2.938103086	2.860024187	3.181765136	3.18088972	2.788676475	3.156953585	3.33272943	2.988987275	3.178369685	2.766111272	3.00412512	3.093218753	4.197533573	2.962218308
AADAC	3.433276771	3.539221263	3.649286009	3.373985591	3.324770923	3.583890466	3.822156988	3.461480144	3.683484899	3.09823167	4.171321859	3.407015332	3.518919195	3.81944561	3.410556888	3.435895261	3.597223071	3.741463365	3.149704726	3.367340905	3.645042288	3.365974816	3.619226008	3.180926575	3.447354972
AADACL2	1.916960048	2.476126041	2.167484103	2.08033838	2.125907307	1.591329239	1.874669864	2.071966556	1.743000159	2.158052233	2.218181024	1.325260748	1.658173102	2.050640234	1.698290073	2.311138765	1.719414	2.473100816	2.960309826	2.375216022	2.290233375	2.465035854	2.084178408	1.945883887	1.92039957
AADACP1	2.411322359	2.114987179	2.388708105	3.137609112	2.361552306	1.973631277	1.791358023	2.42325068	2.112445752	1.964882081	1.909525276	1.955027901	2.065251893	2.064750833	2.460166195	2.163532026	2.678901344	2.327802227	2.21464028	2.74410951	2.082186784	2.406762846	2.098327335	2.837281272	2.295093977
AADAT	3.191272272	3.525832923	3.154815374	3.837335532	3.025110292	2.992897633	3.351509878	3.743504843	3.119762427	2.77480253	3.148003784	3.005645597	3.119595319	3.235331005	3.274299708	3.80884468	3.140352539	3.594358262	3.232078896	2.955002107	2.362098697	3.118262387	3.104752402	3.405484481	3.109504143
AAED1	6.483779135	6.97113921	6.89043722	7.032070325	7.385150299	6.718346496	6.056814943	6.760080489	6.423147742	6.505657442	6.415613403	6.246049166	7.184218245	6.601032647	6.933203841	6.568226948	6.882952412	6.524000873	6.406534932	6.408236649	6.889565908	6.820238542	6.087451204	6.175962626	6.432802198
AAGAB	4.634404034	5.030286395	5.41972978	5.14835388	5.242407187	4.976449844	5.441154167	4.944469034	5.17881907	5.443543743	4.910955422	5.39011857	5.433643072	5.34314844	5.037902155	4.776525713	5.38319756	4.545019712	4.897221976	5.23643169	4.751012316	5.012165619	5.1790905	4.814963579	4.998767649
AAK1	5.775041233	4.595535221	5.84590695	5.465337109	5.293143404	5.70566368	5.141066849	5.311096369	6.188617631	4.92940456	5.646373711	5.469112975	5.164117702	5.343641185	4.466303388	5.884104211	4.928174891	5.721795805	5.532071824	5.385216455	5.837546475	4.475042032	5.260156235	5.28484358	4.993225146
AAMDC	5.030639226	5.149755579	5.104288194	4.560486882	5.105595263	5.125557158	4.964261073	4.893550764	4.556097249	4.831888904	4.982483566	5.16130181	5.029277701	4.991449045	4.819092473	5.120709762	4.61762178	4.472149263	4.162335518	5.185528349	4.487317028	5.245978379	4.941207681	4.894011206	4.58660672
AAMP	7.69391831	7.637863117	8.039403513	7.901814239	7.911555592	8.068469786	7.940024883	8.010015775	7.911520474	7.89309131	8.175910118	7.708437004	7.973842473	7.628056412	7.614768115	7.884913337	7.813404231	7.9873413	7.822364149	7.749801452	8.03754672	7.83958072	8.270619965	7.588969611	7.897773603
AANAT	2.614977234	2.749514891	2.680101516	2.452306763	2.448129548	3.206969748	2.954134867	2.906352492	2.369989677	2.610286372	3.175170096	3.113250348	2.560100809	2.662901549	2.537000048	2.508081897	2.402956867	2.918751397	2.936319901	2.689676347	2.821951842	3.073690072	2.455878775	2.781032443	3.413566292
AAR2	7.26596507	6.933924167	7.378584507	7.176457818	7.257686166	7.40626728	7.016945886	7.480770903	7.145795895	7.370524147	7.160748162	7.441482391	7.458251335	7.139445112	7.086867789	7.279894894	7.030593127	7.297305504	7.17421574	7.247457485	7.306569947	7.028031605	7.444538412	7.390107362	7.307180087
AARS	7.671826627	7.557532137	8.12981101	7.616563686	7.455323125	7.81752707	7.607348383	7.93109431	8.133789555	7.771232497	8.13294719	7.930806415	7.635887823	7.433105371	7.616289114	7.911055497	7.941734524	7.915500154	7.998270555	7.872178896	8.057600042	7.503843141	7.625779752	7.95463719	7.938470155
AARS2	6.449439483	6.020481878	6.638857123	6.466653616	6.108038093	6.651089138	6.058669362	6.520659936	6.57635175	6.474043407	6.647697139	6.633920582	6.544627726	6.304559746	5.900376351	6.567405397	6.06972886	6.301004158	6.338109877	6.528662383	6.655372085	6.258089131	6.423629467	6.504795903	6.548051219
AARSD1	5.757995301	5.889008321	6.132861318	6.234151518	5.946366401	5.871844918	5.892191306	6.243323571	6.206670333	5.949629253	6.183258424	6.04058675	6.629551157	5.791049788	5.817145739	6.014135013	6.319434595	5.97478857	5.928739869	5.88562036	6.143853526	6.021039599	6.218821869	5.931799891	6.588468843
AASDH	6.660976708	6.962714604	6.702162588	6.896711373	6.86397996	6.677062492	6.395932737	6.709522651	6.69179341	6.901142902	6.68252792	6.464254149	7.29583164	6.536010648	6.802631626	6.753570631	6.773867373	6.843922727	6.316054708	6.860795403	6.823782672	6.840492677	6.480938863	6.052997201	7.024109094
AASDHPPT	7.619782164	7.673881479	7.753384605	7.899019698	8.060925166	7.44978449	7.650185675	7.747364891	7.870252757	7.447555125	7.702487925	7.71161738	7.916690115	8.117880764	7.763232496	7.99732124	7.414706704	7.798946717	7.756082436	7.525090065	7.8675481	7.472661395	7.79046362	7.646734109	7.370949694
AASS	2.929069987	2.935480375	2.65924458	2.96258361	2.2896768	2.765110098	2.923860448	2.800419314	2.862023345	2.612553855	2.766724747	2.874154036	3.627654643	2.362415548	2.532029246	2.781842404	2.60233763	2.923443465	2.881898063	3.30884383	2.809814645	2.523218605	2.710382677	2.942484205	2.2913517
AATF	8.507966578	8.340839179	9.011861741	8.653407478	8.545957415	8.978578935	8.88361835	9.051809463	8.864495635	8.865630933	8.973059351	8.914004525	8.398849474	8.758104073	8.419594077	8.654337597	8.543109355	8.825807525	8.859663312	8.588244059	9.069830418	8.462404558	8.985537844	8.627534746	8.735548034
AATK	8.284828682	8.295001099	8.285977525	8.439063179	8.237233871	8.197099469	8.856225737	7.975845898	8.235096309	8.410827669	8.305310888	8.187967115	7.618252528	8.300103513	8.516984874	8.083891237	8.239608249	8.345361186	7.513062874	8.146839609	8.163753163	8.456276033	8.352181208	8.062822012	7.839727282
AB074162	6.99557935	6.531052194	7.192373282	6.628402114	5.01869673	7.144085123	5.694571569	6.21342704	7.139309807	6.598069325	7.412692543	6.667803245	6.841436213	6.031764937	5.823165311	6.608155167	6.819890977	6.057012467	7.370914532	6.083570338	6.93680279	6.699788726	6.959519173	5.805965041	6.796438788
AB488780	5.819683378	5.149169017	6.061595798	5.797684157	5.743651561	6.120934955	5.916150484	6.283068541	6.121399014	5.922934407	6.192372394	5.965218547	5.914048129	5.850121869	5.57402912	5.978583333	5.735656462	6.190551161	5.778654211	5.949187566	6.213269741	5.609938007	6.331647719	6.046918767	6.085006491
ABAT	7.886772336	8.186093922	8.445989001	8.268006622	7.920978856	8.107532411	8.920390141	8.051160145	8.335100795	8.904945364	8.113448358	8.255123293	7.155712762	8.517477702	7.813050066	8.223570353	8.20901096	8.497441039	7.497708295	7.550643404	8.409684672	8.0358797	8.547895472	8.245923233	7.448506361
ABCA1	6.059421146	5.636714935	5.140252755	5.544239465	5.82863121	5.544741292	6.622807701	5.202053284	4.805192788	5.898671694	5.598923613	4.87369432	5.400744606	5.733710424	6.145103838	4.614303279	4.892313722	4.707354835	5.123604131	5.160119196	4.92111503	5.459345385	5.708534818	5.668278953	5.67240163
ABCA11P	4.419492238	4.580400805	3.757793432	4.138912685	3.673646453	4.166676427	4.01063742	4.02930923	4.168995222	3.915666968	4.381243251	3.98223799	4.500914347	4.009904386	4.414609441	4.013898138	4.063740286	4.856803284	4.062346443	4.18690764	3.974574651	4.142240291	4.447072408	4.059912861	3.347718005
ABCA12	2.036742444	2.137927575	2.179227244	1.856416575	1.732036252	2.346785254	1.919772734	2.45806006	1.827100207	2.476610041	1.690547767	1.626735995	1.91828744	1.782025631	1.644323166	1.867619573	2.518056981	2.238850673	1.921595342	1.940693792	1.886479263	2.070724048	1.73756186	2.124565495	2.001915289
ABCA13	1.708808536	1.664515467	1.429502393	1.742549359	1.937133337	1.466989374	1.546423324	1.86530328	1.743235849	1.597226941	1.758649248	1.854547686	1.526989387	1.63780557	1.636620183	1.697067793	1.946971378	1.906068506	2.051954438	1.627963206	1.743847058	1.589105154	2.012274076	1.68220563	1.66347568
ABCA17P	3.677616265	2.79061703	3.630044127	4.216752282	3.051042636	2.923155557	3.079728454	3.512079677	3.750616042	3.762837011	3.552062751	3.128714784	3.373806855	3.800837086	3.214488955	3.518698879	3.738184564	3.569138248	3.700880932	3.222941265	3.45243801	3.577397381	3.299209188	3.263730193	3.399964073
ABCA2	4.832593692	4.813836646	5.235638482	5.125201458	4.899710996	5.071673019	5.012659182	5.005236071	4.764083134	5.119299095	4.655774522	4.600698419	4.570526118	4.865750562	5.117692365	4.588229623	5.221901937	4.958734579	4.896744078	5.010516351	4.298079507	5.207783343	5.159381382	4.816861445	4.771856641
ABCA3	5.14573703	5.472952892	5.762252552	5.540520334	5.246023041	5.859248723	5.07744446	5.775969299	5.479235597	5.212905522	6.022740864	5.521437268	5.633810189	5.15249289	5.455262007	5.564024671	5.643064266	5.774891485	5.482810088	5.740321891	5.9076205	5.54067158	5.363432262	5.849211484	5.346948911
ABCA4	3.368063033	3.625342087	3.625102898	3.472254933	3.70645976	3.726706946	3.21325435	3.126274447	3.60883393	3.268942519	3.741539435	3.445500843	3.33079576	2.997808592	3.279777521	3.494168422	4.036309625	3.448116384	3.544114965	3.480161895	2.98819046	3.462595954	3.403017752	3.54789452	3.429934804
ABCA5	4.863495968	4.670913564	4.671542873	5.005257452	4.636853391	4.934959768	4.967868816	4.851742153	4.93560108	4.611234879	4.851474471	4.520321875	5.253232988	4.356532138	4.78004875	4.736269904	4.929309875	4.984981324	4.657787908	4.739757553	5.211383644	5.525361688	4.933415391	4.722099254	4.435193142
ABCA6	2.121461529	2.203176578	2.199867898	2.993807272	2.568935259	2.161859039	2.385997823	2.791819907	2.560774321	1.975474062	2.483476532	2.537049565	2.787052365	2.162826965	2.459268776	2.647729125	2.434996785	2.602580717	2.171256227	2.253819944	1.897546767	2.443403171	2.572352926	2.579911504	2.531400856
ABCA7	8.083958189	8.372157919	8.455780545	8.593895285	8.243915393	8.833551832	8.607912553	8.412494964	8.642527049	8.384132977	8.439289659	8.834175769	8.25731746	8.291193414	8.398022039	8.078643714	8.271133673	8.211148458	8.148251258	8.410281946	8.420898348	8.910130241	8.587472163	8.75400839	8.420217674
ABCA8	2.713223488	3.255322947	2.628534481	2.354884516	2.783683816	2.871398356	3.180446889	2.935244625	2.832869279	2.722777638	2.577014775	2.931631849	2.85811156	2.87257553	2.460166195	2.700193402	2.690449867	2.743693292	2.825547253	2.633672668	2.800101839	2.880003753	2.680223286	3.265383242	2.660121091
ABCA9	1.898951848	2.631489368	2.532606047	2.120212447	1.765917101	2.380561923	2.326089712	1.919807894	2.284276601	2.122441211	2.199387198	2.247060114	2.450642334	2.133980571	1.964344902	2.268554825	2.471419524	2.258357443	2.029364786	2.014357359	2.78909721	2.178493492	1.892821448	2.376200221	2.097180039
ABCB1	4.798515772	5.059498468	5.333827278	5.329451002	4.093892719	5.098336354	5.060740866	5.278480308	4.914867852	5.016118912	6.033680984	5.273287697	4.802672583	4.691265855	4.897162246	5.038403721	5.173587716	5.397842993	5.543601485	4.625287634	5.554114145	5.433123889	5.398016427	4.766161994	4.105635969
ABCB10	7.875159408	7.512763223	6.214399912	6.992795648	7.215629251	6.386842659	6.349418909	6.78511059	6.192263338	6.600082465	6.112605126	5.967633565	7.762523483	6.931631958	7.841665884	6.607599037	7.205362626	6.289406536	6.449102076	5.649728644	6.683881604	7.437751717	6.117788982	6.287215775	5.782718314
ABCB11	3.073760093	3.313022241	3.652635433	3.460400843	3.459154991	3.368646446	3.202963527	3.244649704	3.104855951	3.161299122	2.891962119	3.170799924	3.243424898	3.472571967	3.53594884	3.249968418	3.303444332	3.076105865	3.564557297	3.355467964	3.357936615	3.379735459	2.801840192	3.42761241	3.226890598
ABCB4	5.141477097	5.126014291	4.539636153	5.014517274	4.553651847	4.73427893	4.454806178	5.12045011	4.776417484	4.659014919	4.778529088	4.978091173	5.419825847	5.078051484	4.70043293	5.132687222	5.055414305	5.537480985	4.818341951	5.52116746	5.059228536	5.170185911	4.751677998	5.816957672	5.92267556
ABCB5	2.547816336	2.719212673	2.669185008	2.703296565	3.089208681	2.908033199	2.841178909	3.123793953	2.85761251	2.850747839	2.722343875	2.805020678	2.873654694	2.744897792	2.885504548	2.791701892	2.611448792	2.807124249	2.751144166	2.779265674	2.769383332	2.902494218	3.084169892	2.901833874	2.713089336
ABCB6	4.584740171	4.740937393	4.641306319	4.733197304	4.628637479	4.717976342	4.732730215	4.798294075	4.638000707	4.537133007	4.835806836	4.892656082	4.612970403	4.525378372	5.13280733	4.961235779	4.861541893	4.172603293	4.071597216	5.057016152	4.618285167	4.719504405	4.300834928	4.480327504	4.967878588
ABCB7	7.361898175	7.441660672	7.338072351	7.463745942	7.620688887	7.220720521	6.915372065	7.544909193	7.295599615	7.292189275	7.036791831	7.359255937	7.848453963	7.615859424	7.34349428	7.418944679	7.264930894	7.365266211	7.594278021	7.425704655	7.438747763	7.37944678	7.440398662	7.298216117	7.518449772
ABCB8	4.506978284	4.755207482	4.291466432	4.45959854	4.220087791	4.200381343	4.765923975	4.227077548	4.795331173	4.585403615	4.637205979	4.196671865	4.590896407	3.981371806	4.097681767	4.613410524	4.797293188	4.48360697	4.815757194	3.997367826	4.707650238	4.034247364	4.400216256	4.199245826	4.858324036
ABCB9	4.843194928	4.629429431	4.688355102	4.433389966	4.290344512	5.054845741	4.816669133	4.822363582	4.556076637	4.998660541	4.8642773	4.82470035	4.459234094	4.533725658	4.3838928	4.798430541	4.677411965	4.925456065	4.916106505	4.581941712	4.473952238	4.424800118	4.731089595	4.875265054	4.860246025
ABCC1	6.328656289	6.29825754	6.584232045	6.546562761	6.812446606	6.76905083	6.275000932	6.88799682	6.622591977	6.494691607	6.452857201	6.496274183	6.43314022	6.38721357	6.355301348	6.320725908	6.479261183	6.570360383	6.787230789	6.418283299	6.866893694	6.948798375	6.56676478	6.596486405	6.340570608
ABCC10	6.392319033	6.708264785	6.548811789	6.556860103	6.549703106	6.775023879	6.45811954	6.838978825	6.864538813	6.838287653	7.06359253	7.041485129	6.77548654	6.51271353	6.621893943	6.441416348	6.763663245	6.367901589	6.74466874	6.60139984	7.018351732	6.279546438	6.984645432	6.908295429	6.674645013
ABCC11	3.76616069	3.56888595	3.651225618	3.439349829	3.422289684	3.918280876	3.730443895	3.844267407	3.883811333	3.535345292	3.530747442	3.293686272	2.658979668	3.58596594	3.638756684	3.834965946	3.349927939	3.578268918	3.700648444	3.608169272	3.190317656	3.648122937	3.705515372	4.093578293	3.461933955
ABCC12	3.054450091	2.74734468	2.896051023	2.640798424	2.936372455	2.816758867	2.800023532	2.840915079	2.85533591	2.869311543	2.860889742	2.72633638	2.869582994	2.594309619	2.809034859	2.66204177	2.608522064	2.730057568	2.46305568	2.654240256	2.92433941	2.401411036	2.436481135	2.779285618	2.622907546
ABCC13	4.82487414	4.345733808	4.535856735	4.201706738	4.310085418	3.876376633	3.809049766	4.019508042	4.226559037	4.4980246	4.412520405	5.448618033	4.97694091	4.33882383	5.391645473	4.321889597	6.102098918	5.263084181	4.432404296	4.444683839	4.338443488	4.314696481	3.64977306	4.549867974	5.339213729
ABCC2	4.640986811	4.893933875	4.552713738	4.642680893	4.185415059	4.098756177	4.728119853	4.505328735	4.392635677	4.296037435	4.477772101	4.335823197	4.578069348	4.386354121	4.506918326	3.682623004	4.246822639	4.505234622	3.130046683	4.604064153	4.337900907	4.293063229	4.666919164	3.75522117	4.525440594
ABCC3	5.98951296	6.047539895	6.176529505	5.729008635	5.454962017	5.725648186	6.044917288	5.814538636	5.978248501	5.863738145	5.591048868	5.941238373	5.504938031	5.595018786	5.579506627	6.0696524	5.922206227	5.935941986	5.891877075	5.665285347	5.734455048	5.328082168	5.836742994	5.657590532	5.947229646
ABCC4	5.669115799	5.407169953	4.376723373	4.925482889	5.03516866	4.590564431	4.263817055	4.954546088	4.540606518	4.310943689	4.198715839	4.679521143	5.33336625	4.826972097	5.982395057	4.885185034	4.653296984	5.562884765	4.062792365	4.73810129	5.137919029	4.7969228	4.428097856	4.271734736	5.205179557
ABCC5	6.986378902	7.152428242	6.087325282	6.610772733	6.077010188	6.905427627	6.71792538	6.797718864	6.481945531	6.89595219	6.172120308	6.414475669	6.520864343	6.919238952	7.029289315	6.496798487	6.647429132	6.90752996	5.799748797	6.783173093	6.400284825	7.114034789	6.607915354	6.505923789	5.993975934
ABCC6	4.269850349	4.450247134	4.555680398	4.77071499	4.810463001	4.652954269	4.627107165	4.376979119	5.008020278	4.666493247	4.980964205	4.531549689	4.0704024	4.68937699	4.526438055	4.251995525	4.30307854	4.749892562	4.666172632	4.588320612	4.430034004	4.368909123	4.398221015	4.293927599	4.211809823
ABCC6P1	3.492345287	3.729495094	3.738396866	3.62742264	3.930834075	3.737065341	3.726160905	3.409383277	3.60114159	3.694224568	3.957019033	3.695344568	3.834727743	3.823634062	3.439028402	3.859006038	3.870697271	3.656623	3.835347543	3.584132937	3.416882546	3.314183839	3.531666598	3.358325825	3.411977264
ABCC6P2	4.827657197	5.296919895	4.479381913	5.128834878	5.394686484	5.078607588	5.094035336	4.808673256	5.17639049	5.186221007	5.518514971	5.105699497	4.697563591	5.17009343	4.889645177	4.76204553	5.166031611	4.874844822	5.037264002	4.788080018	4.625359645	4.523155647	5.041504393	4.365838053	4.640584806
ABCC8	4.658399329	4.904509329	4.540568239	5.046366763	5.107974334	4.759026236	4.761582175	4.457715332	4.652871971	4.719650166	4.59856013	4.68824315	4.696090717	4.710596479	4.44197316	4.718176718	4.894913966	4.978143631	4.497445079	4.998500718	4.953640527	4.895225029	4.69654936	4.470938049	4.494921309
ABCC9	2.924158179	3.243575518	2.871794386	2.662062934	3.205361348	3.264060664	2.986571198	3.295216775	3.017847831	3.131227001	3.079876464	2.985309414	2.813485355	3.001184449	3.262445728	2.876859923	3.477361289	3.342746967	3.378710125	3.367340905	3.18644608	2.773327153	2.866121203	2.956625958	3.353800778
ABCD1	6.117125978	5.700045354	5.641805139	5.927776569	5.648209088	5.74199685	5.899462409	5.778597712	5.346432186	5.685774553	5.68543338	5.53919823	5.79191622	5.785154751	5.342801377	5.69896431	5.834344275	5.885370342	6.113010158	5.755607477	5.034851597	5.653938025	5.919996253	5.436998996	5.976193452
ABCD1P2	3.123157898	3.270955451	3.055021165	3.185361463	3.323290557	3.013816276	3.447348177	3.323174796	3.190761109	3.464761848	2.969827704	3.292732218	3.31758135	3.692344289	3.34456975	3.027218043	2.991645875	3.508984622	3.603961719	3.236241604	3.276960608	3.337201272	3.210147351	3.202832626	3.770405349
ABCD2	2.751029898	3.623216383	2.966549236	3.192622039	2.711423926	2.598266025	2.148089165	2.843431232	2.745481547	2.707525218	2.877633251	2.468218154	3.971569676	3.238187612	3.697239574	3.164971252	3.323122253	2.921503913	2.397340121	2.669778543	2.971150797	2.806371729	2.969530198	2.628365323	2.764223391
ABCD3	5.912142084	5.767989598	5.697125388	5.882665035	5.658107577	5.995908824	5.500900631	5.684085577	4.991020711	5.475092472	6.259616182	5.590242589	5.997904472	5.866397119	5.791816835	6.035216269	5.731118286	5.967568201	5.583128015	5.629325252	6.121739993	5.69129028	5.50075419	5.348734256	5.86969896
ABCD4	5.501320373	5.673341434	6.028392644	5.574059174	5.774326341	5.608994568	5.435039703	5.746966865	5.691511428	5.67255598	5.4785402	5.872898037	6.094022013	5.535024118	5.487746618	5.878366621	5.730003564	5.599695264	5.527354971	5.606029938	5.996480495	5.439424338	5.807078038	5.62715763	5.72297
ABCE1	6.744987068	6.865296234	6.117300422	6.991067134	7.254883067	6.324379826	6.113064334	6.794237177	6.538887098	6.459130645	6.335447135	6.352286659	7.545313698	6.84173775	7.118687866	7.169640973	6.740187385	6.896318288	6.457925266	6.51758889	6.761904067	7.02181279	6.257171809	6.647498164	6.740944262
ABCF1	7.839816306	7.438154479	8.0664852	7.673709526	7.733151255	8.005006705	7.72824293	8.240947998	8.080255548	7.769877222	8.102405129	8.221173661	8.014596979	7.716926317	7.354215043	8.073678595	7.830090452	8.150320417	8.171404801	7.818184103	8.298874677	7.351815868	8.100357063	8.071863665	8.108152766
ABCF2	5.933280458	5.620392629	5.687731226	5.701783836	5.725052645	5.854558341	5.898770548	6.205392955	6.112267585	5.455867969	5.970367462	5.967555269	5.97014838	5.703195824	5.312347319	6.071007809	5.471679428	6.127274114	5.521862859	6.0149116	6.168801856	5.201271469	6.032627627	5.179640702	5.822939134
ABCF3	6.825260452	6.597407713	6.709694796	6.686781288	6.701078951	6.916985197	6.764267566	7.005573948	6.79983618	6.625630956	7.050372791	6.849385753	6.819048469	6.691435329	6.413016272	6.587165774	6.441101567	6.787443124	6.883860004	6.945959157	6.966091525	6.628491487	6.990376476	6.834339442	6.880197916
ABCG1	6.885066006	6.439567423	6.309195056	5.956154518	6.612701301	6.691636706	7.077001316	5.880009249	6.451182794	6.766631501	6.451630997	6.306580511	5.670927792	6.97479184	6.889476913	6.471329887	5.711111731	6.074619084	5.463112845	5.928649896	6.318392285	6.772017597	7.389937743	6.537027465	6.130527065
ABCG2	6.876682347	6.956590857	4.699109066	4.96711691	4.510075802	3.798634911	3.779038838	3.877155798	4.323052631	4.198898825	4.287948183	4.446466784	6.116201715	5.99586055	7.57347781	4.431663359	5.136809982	5.590513881	4.938759996	4.792155315	4.829809972	6.194340067	3.884980605	4.043690343	5.105190689
ABCG4	5.411830589	5.625128774	5.641189747	5.125986874	5.314125198	5.479759298	5.923346112	5.422684035	5.138639886	5.416518892	5.714203524	5.635066207	5.327877594	5.692269346	5.618220235	4.94239283	5.651690948	5.298593419	5.060172743	5.936238769	4.977735912	5.296742029	5.606667243	5.594508749	5.207441698
ABCG5	3.239910215	2.674229479	2.202493001	3.030287325	3.058410101	3.301405962	3.373243939	2.729791045	3.322222629	3.703187957	2.779650799	3.104653642	2.689798592	2.793677681	2.58403337	3.045284964	3.123719792	2.540185565	3.227607236	2.871266986	3.401550124	3.11232512	3.193634929	3.806697128	2.901199721
ABCG8	4.611015937	3.708284512	3.953868574	3.693388427	4.417365328	4.381512554	4.827585116	4.469180943	4.463763024	3.947346523	4.183869374	4.547215513	4.196703052	4.333420474	3.677269548	3.448707517	4.154447224	4.505234622	4.553362717	4.507391353	4.142938253	4.623896193	4.05875231	4.25444777	4.861926017
ABHD1	3.688868499	4.137825765	4.397134049	3.969244922	3.509478131	3.933790855	4.07321617	3.779856032	3.485873513	3.700236862	3.883781406	4.070536588	3.887446749	3.945998614	4.232810816	4.183689823	3.845190921	3.660259899	4.014217193	3.923750645	4.001460779	3.684909091	3.827630422	4.334087323	4.22796067
ABHD10	6.564386199	6.870222375	6.354797172	6.819435737	7.152167095	6.018100518	6.395699636	6.733673435	6.367499781	6.300490639	6.585113997	6.004639818	7.17037819	6.469410365	7.165479469	6.333590697	7.01154873	6.602621873	6.787229138	6.493525781	6.744434808	6.943892666	6.270584608	6.897515241	6.630197608
ABHD11	6.135884587	6.030753409	6.226270288	6.047382608	6.016600605	6.165170568	6.313773424	6.216714947	6.199443854	6.189337528	6.09598379	5.907341724	5.676800661	6.119014747	6.033775309	6.056358887	6.274614938	6.242585048	6.170319159	6.151188133	5.794696423	5.922417528	6.149636659	6.210671767	5.847374715
ABHD12	5.065153278	4.570381376	4.786736887	4.735313675	5.394912457	4.95972074	4.818625933	5.211009734	5.2188852	4.882667837	5.437173084	4.776574727	5.350520721	5.173826799	4.908045552	5.183875576	4.81688197	4.242435269	5.382449827	4.746640677	5.125908059	4.506157512	5.170104017	4.459463835	5.022875789
ABHD12B	2.403979141	2.411464231	2.171104443	2.618637516	2.450838463	2.476691164	2.564382238	2.43682592	2.149319018	2.562649072	2.429077134	2.276712918	2.457376696	2.527991625	2.263755742	2.385039754	2.486248958	2.627945276	2.439648997	2.239155784	2.398102372	2.256183632	2.360763622	2.670542332	2.281124995
ABHD13	4.53726784	5.394810833	3.628759012	5.118227283	5.410681074	4.425457965	4.66944649	4.433625572	4.191700745	4.532106532	4.090609622	4.418375116	5.622345287	5.472395182	5.825989669	4.77376714	5.079622439	4.226975702	4.545532691	4.218773431	4.712856797	5.602559735	4.174148813	4.619364011	4.052779092
ABHD14A	6.945536634	6.776168066	7.268470917	6.880106232	6.727588788	7.080103256	6.488945551	7.164283465	7.003970089	6.871060634	7.157572077	6.859169532	7.23466776	6.897115977	6.747123553	7.306112294	6.843688624	6.751005425	7.004872052	7.270181297	7.346664922	6.845639552	7.16148226	6.995423041	7.173141287
ABHD14A-ACY1	5.210400682	5.077004816	6.20237196	5.570083764	5.568648797	5.558587034	5.223139505	5.570428071	5.49880504	5.766157319	5.510599309	5.326481935	5.122347609	5.027639945	5.303249477	5.549869131	4.71885645	5.30608486	5.381511214	5.563111668	5.374204031	5.161315699	5.768077312	5.38564451	5.520910183
ABHD14B	7.363647678	7.211119474	7.351934586	6.981527845	7.069020101	7.397919714	7.042617255	7.465971934	7.552073907	7.186390211	7.479188117	7.427593082	7.196620094	7.092067642	6.861437789	7.723884086	6.843876064	7.409030613	7.387329563	7.751922559	7.539349182	6.949794724	7.695918169	7.368718696	7.58662354
ABHD15	5.772907862	5.174106444	5.980270472	5.929159828	5.550575238	5.69797334	5.337599174	6.125516095	5.716649349	5.907781207	5.848938068	5.401255767	5.743330399	5.263948161	5.690607054	5.670842351	5.532618916	6.285813267	6.217972859	5.695463858	6.167716717	5.768831741	5.889505365	5.832768201	5.513286912
ABHD16A	6.504161284	6.262043902	5.860688594	6.088383896	6.064137962	6.045371242	6.183229321	6.172765312	6.139134197	6.285077029	5.97876288	6.233589841	6.184726173	5.928200932	6.040609954	5.968049385	6.273802041	6.106679834	6.050789685	5.984310453	6.301775639	6.139084118	5.974320412	5.83139137	6.270980405
ABHD16B	3.363852162	3.469868961	4.27239745	3.631928395	3.272417886	3.462354218	4.024939065	3.799715378	3.358716053	3.981918205	3.241717178	3.738549668	2.892029276	3.311381033	4.298051606	3.853469895	4.02904702	3.912393818	3.795231359	3.899290205	3.52556698	4.273812517	3.336609695	2.693873619	2.472030702
ABHD17A	10.17037585	9.964797674	10.6113871	10.08186317	10.03400051	10.34985416	9.767163584	10.11561553	10.55239574	10.20250238	10.58699105	10.33039895	10.34743446	9.821671449	9.976106915	10.23087095	10.16163898	10.26425261	10.36377931	10.36238902	10.57670967	10.1232668	10.46786354	9.907909306	10.27057947
ABHD17B	4.973435476	5.517773339	5.299334253	5.202536254	5.371972275	5.328943496	4.980941919	5.640394664	5.348136707	5.404748483	5.475323781	5.032025267	5.073420002	5.285436058	5.850683335	5.473191104	4.826170167	5.561716135	4.78650375	5.041209527	5.90620572	5.182792478	5.401537344	6.238164002	4.516241613
ABHD17C	4.893276423	4.762852026	4.685208691	5.411538469	4.935023261	5.255224666	6.145964788	4.707917383	4.46032629	4.903209341	4.910955422	4.30092039	4.678019384	4.765796285	4.606577619	5.082305166	4.370787392	4.749892562	4.160083334	4.662410472	4.935799046	4.437708629	4.515554924	4.648915695	4.065289033
