lower_interval	upper_interval	frequency	accumulative_frequency
-1.000	-0.999	0	0
-0.999	-0.998	0	0
-0.998	-0.997	0	0
-0.997	-0.996	0	0
-0.996	-0.995	0	0
-0.995	-0.994	0	0
-0.994	-0.993	0	0
-0.993	-0.992	0	0
-0.992	-0.991	0	0
-0.991	-0.990	0	0
-0.990	-0.989	0	0
-0.989	-0.988	0	0
-0.988	-0.987	0	0
-0.987	-0.986	0	0
-0.986	-0.985	0	0
-0.985	-0.984	0	0
-0.984	-0.983	0	0
-0.983	-0.982	0	0
-0.982	-0.981	0	0
-0.981	-0.980	0	0
-0.980	-0.979	0	0
-0.979	-0.978	0	0
-0.978	-0.977	0	0
-0.977	-0.976	0	0
-0.976	-0.975	0	0
-0.975	-0.974	0	0
-0.974	-0.973	0	0
-0.973	-0.972	0	0
-0.972	-0.971	0	0
-0.971	-0.970	0	0
-0.970	-0.969	0	0
-0.969	-0.968	0	0
-0.968	-0.967	0	0
-0.967	-0.966	0	0
-0.966	-0.965	0	0
-0.965	-0.964	0	0
-0.964	-0.963	0	0
-0.963	-0.962	0	0
-0.962	-0.961	0	0
-0.961	-0.960	0	0
-0.960	-0.959	0	0
-0.959	-0.958	0	0
-0.958	-0.957	0	0
-0.957	-0.956	0	0
-0.956	-0.955	0	0
-0.955	-0.954	0	0
-0.954	-0.953	0	0
-0.953	-0.952	0	0
-0.952	-0.951	0	0
-0.951	-0.950	0	0
-0.950	-0.949	0	0
-0.949	-0.948	0	0
-0.948	-0.947	0	0
-0.947	-0.946	0	0
-0.946	-0.945	0	0
-0.945	-0.944	0	0
-0.944	-0.943	0	0
-0.943	-0.942	0	0
-0.942	-0.941	0	0
-0.941	-0.940	0	0
-0.940	-0.939	0	0
-0.939	-0.938	0	0
-0.938	-0.937	0	0
-0.937	-0.936	0	0
-0.936	-0.935	0	0
-0.935	-0.934	0	0
-0.934	-0.933	0	0
-0.933	-0.932	0	0
-0.932	-0.931	0	0
-0.931	-0.930	0	0
-0.930	-0.929	0	0
-0.929	-0.928	0	0
-0.928	-0.927	0	0
-0.927	-0.926	0	0
-0.926	-0.925	0	0
-0.925	-0.924	0	0
-0.924	-0.923	0	0
-0.923	-0.922	0	0
-0.922	-0.921	0	0
-0.921	-0.920	0	0
-0.920	-0.919	0	0
-0.919	-0.918	0	0
-0.918	-0.917	0	0
-0.917	-0.916	0	0
-0.916	-0.915	0	0
-0.915	-0.914	0	0
-0.914	-0.913	0	0
-0.913	-0.912	0	0
-0.912	-0.911	0	0
-0.911	-0.910	0	0
-0.910	-0.909	0	0
-0.909	-0.908	0	0
-0.908	-0.907	0	0
-0.907	-0.906	0	0
-0.906	-0.905	0	0
-0.905	-0.904	0	0
-0.904	-0.903	0	0
-0.903	-0.902	0	0
-0.902	-0.901	0	0
-0.901	-0.900	0	0
-0.900	-0.899	0	0
-0.899	-0.898	0	0
-0.898	-0.897	0	0
-0.897	-0.896	0	0
-0.896	-0.895	0	0
-0.895	-0.894	0	0
-0.894	-0.893	0	0
-0.893	-0.892	0	0
-0.892	-0.891	0	0
-0.891	-0.890	0	0
-0.890	-0.889	0	0
-0.889	-0.888	0	0
-0.888	-0.887	0	0
-0.887	-0.886	0	0
-0.886	-0.885	0	0
-0.885	-0.884	0	0
-0.884	-0.883	0	0
-0.883	-0.882	0	0
-0.882	-0.881	0	0
-0.881	-0.880	0	0
-0.880	-0.879	0	0
-0.879	-0.878	0	0
-0.878	-0.877	0	0
-0.877	-0.876	0	0
-0.876	-0.875	0	0
-0.875	-0.874	0	0
-0.874	-0.873	0	0
-0.873	-0.872	0	0
-0.872	-0.871	0	0
-0.871	-0.870	0	0
-0.870	-0.869	0	0
-0.869	-0.868	0	0
-0.868	-0.867	0	0
-0.867	-0.866	0	0
-0.866	-0.865	0	0
-0.865	-0.864	0	0
-0.864	-0.863	0	0
-0.863	-0.862	0	0
-0.862	-0.861	0	0
-0.861	-0.860	0	0
-0.860	-0.859	0	0
-0.859	-0.858	0	0
-0.858	-0.857	0	0
-0.857	-0.856	0	0
-0.856	-0.855	0	0
-0.855	-0.854	0	0
-0.854	-0.853	0	0
-0.853	-0.852	0	0
-0.852	-0.851	0	0
-0.851	-0.850	0	0
-0.850	-0.849	0	0
-0.849	-0.848	0	0
-0.848	-0.847	0	0
-0.847	-0.846	0	0
-0.846	-0.845	0	0
-0.845	-0.844	0	0
-0.844	-0.843	0	0
-0.843	-0.842	0	0
-0.842	-0.841	0	0
-0.841	-0.840	0	0
-0.840	-0.839	0	0
-0.839	-0.838	0	0
-0.838	-0.837	0	0
-0.837	-0.836	0	0
-0.836	-0.835	0	0
-0.835	-0.834	0	0
-0.834	-0.833	0	0
-0.833	-0.832	0	0
-0.832	-0.831	0	0
-0.831	-0.830	0	0
-0.830	-0.829	0	0
-0.829	-0.828	0	0
-0.828	-0.827	0	0
-0.827	-0.826	0	0
-0.826	-0.825	0	0
-0.825	-0.824	0	0
-0.824	-0.823	0	0
-0.823	-0.822	0	0
-0.822	-0.821	0	0
-0.821	-0.820	0	0
-0.820	-0.819	0	0
-0.819	-0.818	0	0
-0.818	-0.817	0	0
-0.817	-0.816	0	0
-0.816	-0.815	0	0
-0.815	-0.814	0	0
-0.814	-0.813	0	0
-0.813	-0.812	0	0
-0.812	-0.811	0	0
-0.811	-0.810	0	0
-0.810	-0.809	0	0
-0.809	-0.808	0	0
-0.808	-0.807	0	0
-0.807	-0.806	0	0
-0.806	-0.805	0	0
-0.805	-0.804	0	0
-0.804	-0.803	0	0
-0.803	-0.802	0	0
-0.802	-0.801	0	0
-0.801	-0.800	0	0
-0.800	-0.799	0	0
-0.799	-0.798	0	0
-0.798	-0.797	0	0
-0.797	-0.796	0	0
-0.796	-0.795	0	0
-0.795	-0.794	0	0
-0.794	-0.793	0	0
-0.793	-0.792	0	0
-0.792	-0.791	0	0
-0.791	-0.790	0	0
-0.790	-0.789	0	0
-0.789	-0.788	0	0
-0.788	-0.787	0	0
-0.787	-0.786	0	0
-0.786	-0.785	0	0
-0.785	-0.784	0	0
-0.784	-0.783	0	0
-0.783	-0.782	0	0
-0.782	-0.781	0	0
-0.781	-0.780	0	0
-0.780	-0.779	0	0
-0.779	-0.778	0	0
-0.778	-0.777	0	0
-0.777	-0.776	0	0
-0.776	-0.775	0	0
-0.775	-0.774	0	0
-0.774	-0.773	0	0
-0.773	-0.772	0	0
-0.772	-0.771	0	0
-0.771	-0.770	0	0
-0.770	-0.769	0	0
-0.769	-0.768	0	0
-0.768	-0.767	0	0
-0.767	-0.766	0	0
-0.766	-0.765	0	0
-0.765	-0.764	0	0
-0.764	-0.763	0	0
-0.763	-0.762	0	0
-0.762	-0.761	0	0
-0.761	-0.760	0	0
-0.760	-0.759	0	0
-0.759	-0.758	0	0
-0.758	-0.757	0	0
-0.757	-0.756	0	0
-0.756	-0.755	0	0
-0.755	-0.754	0	0
-0.754	-0.753	0	0
-0.753	-0.752	0	0
-0.752	-0.751	0	0
-0.751	-0.750	0	0
-0.750	-0.749	0	0
-0.749	-0.748	0	0
-0.748	-0.747	0	0
-0.747	-0.746	0	0
-0.746	-0.745	0	0
-0.745	-0.744	0	0
-0.744	-0.743	0	0
-0.743	-0.742	0	0
-0.742	-0.741	0	0
-0.741	-0.740	0	0
-0.740	-0.739	0	0
-0.739	-0.738	0	0
-0.738	-0.737	0	0
-0.737	-0.736	0	0
-0.736	-0.735	0	0
-0.735	-0.734	0	0
-0.734	-0.733	0	0
-0.733	-0.732	0	0
-0.732	-0.731	0	0
-0.731	-0.730	0	0
-0.730	-0.729	0	0
-0.729	-0.728	0	0
-0.728	-0.727	0	0
-0.727	-0.726	0	0
-0.726	-0.725	0	0
-0.725	-0.724	0	0
-0.724	-0.723	0	0
-0.723	-0.722	0	0
-0.722	-0.721	0	0
-0.721	-0.720	0	0
-0.720	-0.719	0	0
-0.719	-0.718	0	0
-0.718	-0.717	0	0
-0.717	-0.716	0	0
-0.716	-0.715	0	0
-0.715	-0.714	0	0
-0.714	-0.713	0	0
-0.713	-0.712	0	0
-0.712	-0.711	0	0
-0.711	-0.710	0	0
-0.710	-0.709	0	0
-0.709	-0.708	0	0
-0.708	-0.707	0	0
-0.707	-0.706	0	0
-0.706	-0.705	0	0
-0.705	-0.704	0	0
-0.704	-0.703	0	0
-0.703	-0.702	0	0
-0.702	-0.701	0	0
-0.701	-0.700	0	0
-0.700	-0.699	0	0
-0.699	-0.698	0	0
-0.698	-0.697	0	0
-0.697	-0.696	0	0
-0.696	-0.695	0	0
-0.695	-0.694	1	1
-0.694	-0.693	0	1
-0.693	-0.692	0	1
-0.692	-0.691	0	1
-0.691	-0.690	0	1
-0.690	-0.689	0	1
-0.689	-0.688	0	1
-0.688	-0.687	0	1
-0.687	-0.686	0	1
-0.686	-0.685	0	1
-0.685	-0.684	0	1
-0.684	-0.683	0	1
-0.683	-0.682	0	1
-0.682	-0.681	0	1
-0.681	-0.680	0	1
-0.680	-0.679	0	1
-0.679	-0.678	0	1
-0.678	-0.677	0	1
-0.677	-0.676	0	1
-0.676	-0.675	0	1
-0.675	-0.674	0	1
-0.674	-0.673	0	1
-0.673	-0.672	0	1
-0.672	-0.671	0	1
-0.671	-0.670	0	1
-0.670	-0.669	0	1
-0.669	-0.668	0	1
-0.668	-0.667	0	1
-0.667	-0.666	0	1
-0.666	-0.665	0	1
-0.665	-0.664	0	1
-0.664	-0.663	0	1
-0.663	-0.662	0	1
-0.662	-0.661	0	1
-0.661	-0.660	0	1
-0.660	-0.659	0	1
-0.659	-0.658	0	1
-0.658	-0.657	0	1
-0.657	-0.656	0	1
-0.656	-0.655	0	1
-0.655	-0.654	0	1
-0.654	-0.653	0	1
-0.653	-0.652	0	1
-0.652	-0.651	0	1
-0.651	-0.650	0	1
-0.650	-0.649	0	1
-0.649	-0.648	0	1
-0.648	-0.647	0	1
-0.647	-0.646	0	1
-0.646	-0.645	0	1
-0.645	-0.644	0	1
-0.644	-0.643	0	1
-0.643	-0.642	0	1
-0.642	-0.641	0	1
-0.641	-0.640	0	1
-0.640	-0.639	0	1
-0.639	-0.638	0	1
-0.638	-0.637	0	1
-0.637	-0.636	0	1
-0.636	-0.635	0	1
-0.635	-0.634	0	1
-0.634	-0.633	0	1
-0.633	-0.632	0	1
-0.632	-0.631	0	1
-0.631	-0.630	0	1
-0.630	-0.629	0	1
-0.629	-0.628	0	1
-0.628	-0.627	0	1
-0.627	-0.626	0	1
-0.626	-0.625	0	1
-0.625	-0.624	0	1
-0.624	-0.623	0	1
-0.623	-0.622	0	1
-0.622	-0.621	0	1
-0.621	-0.620	0	1
-0.620	-0.619	0	1
-0.619	-0.618	0	1
-0.618	-0.617	0	1
-0.617	-0.616	0	1
-0.616	-0.615	0	1
-0.615	-0.614	0	1
-0.614	-0.613	0	1
-0.613	-0.612	0	1
-0.612	-0.611	0	1
-0.611	-0.610	0	1
-0.610	-0.609	0	1
-0.609	-0.608	0	1
-0.608	-0.607	0	1
-0.607	-0.606	1	2
-0.606	-0.605	0	2
-0.605	-0.604	0	2
-0.604	-0.603	0	2
-0.603	-0.602	0	2
-0.602	-0.601	0	2
-0.601	-0.600	0	2
-0.600	-0.599	0	2
-0.599	-0.598	0	2
-0.598	-0.597	0	2
-0.597	-0.596	0	2
-0.596	-0.595	0	2
-0.595	-0.594	0	2
-0.594	-0.593	0	2
-0.593	-0.592	0	2
-0.592	-0.591	0	2
-0.591	-0.590	0	2
-0.590	-0.589	0	2
-0.589	-0.588	0	2
-0.588	-0.587	0	2
-0.587	-0.586	0	2
-0.586	-0.585	0	2
-0.585	-0.584	0	2
-0.584	-0.583	0	2
-0.583	-0.582	0	2
-0.582	-0.581	0	2
-0.581	-0.580	0	2
-0.580	-0.579	0	2
-0.579	-0.578	0	2
-0.578	-0.577	0	2
-0.577	-0.576	1	3
-0.576	-0.575	0	3
-0.575	-0.574	1	4
-0.574	-0.573	0	4
-0.573	-0.572	0	4
-0.572	-0.571	0	4
-0.571	-0.570	0	4
-0.570	-0.569	0	4
-0.569	-0.568	0	4
-0.568	-0.567	0	4
-0.567	-0.566	1	5
-0.566	-0.565	1	6
-0.565	-0.564	0	6
-0.564	-0.563	0	6
-0.563	-0.562	0	6
-0.562	-0.561	0	6
-0.561	-0.560	0	6
-0.560	-0.559	0	6
-0.559	-0.558	0	6
-0.558	-0.557	0	6
-0.557	-0.556	0	6
-0.556	-0.555	0	6
-0.555	-0.554	1	7
-0.554	-0.553	0	7
-0.553	-0.552	0	7
-0.552	-0.551	0	7
-0.551	-0.550	0	7
-0.550	-0.549	0	7
-0.549	-0.548	0	7
-0.548	-0.547	0	7
-0.547	-0.546	0	7
-0.546	-0.545	0	7
-0.545	-0.544	0	7
-0.544	-0.543	0	7
-0.543	-0.542	0	7
-0.542	-0.541	0	7
-0.541	-0.540	0	7
-0.540	-0.539	0	7
-0.539	-0.538	0	7
-0.538	-0.537	0	7
-0.537	-0.536	0	7
-0.536	-0.535	0	7
-0.535	-0.534	0	7
-0.534	-0.533	0	7
-0.533	-0.532	0	7
-0.532	-0.531	0	7
-0.531	-0.530	0	7
-0.530	-0.529	0	7
-0.529	-0.528	0	7
-0.528	-0.527	0	7
-0.527	-0.526	0	7
-0.526	-0.525	0	7
-0.525	-0.524	0	7
-0.524	-0.523	0	7
-0.523	-0.522	0	7
-0.522	-0.521	0	7
-0.521	-0.520	0	7
-0.520	-0.519	0	7
-0.519	-0.518	1	8
-0.518	-0.517	0	8
-0.517	-0.516	0	8
-0.516	-0.515	0	8
-0.515	-0.514	0	8
-0.514	-0.513	0	8
-0.513	-0.512	1	9
-0.512	-0.511	0	9
-0.511	-0.510	0	9
-0.510	-0.509	0	9
-0.509	-0.508	0	9
-0.508	-0.507	0	9
-0.507	-0.506	1	10
-0.506	-0.505	0	10
-0.505	-0.504	0	10
-0.504	-0.503	0	10
-0.503	-0.502	0	10
-0.502	-0.501	0	10
-0.501	-0.500	0	10
-0.500	-0.499	0	10
-0.499	-0.498	0	10
-0.498	-0.497	1	11
-0.497	-0.496	1	12
-0.496	-0.495	0	12
-0.495	-0.494	1	13
-0.494	-0.493	0	13
-0.493	-0.492	2	15
-0.492	-0.491	1	16
-0.491	-0.490	0	16
-0.490	-0.489	0	16
-0.489	-0.488	0	16
-0.488	-0.487	0	16
-0.487	-0.486	1	17
-0.486	-0.485	0	17
-0.485	-0.484	2	19
-0.484	-0.483	1	20
-0.483	-0.482	1	21
-0.482	-0.481	0	21
-0.481	-0.480	1	22
-0.480	-0.479	1	23
-0.479	-0.478	0	23
-0.478	-0.477	0	23
-0.477	-0.476	0	23
-0.476	-0.475	0	23
-0.475	-0.474	0	23
-0.474	-0.473	1	24
-0.473	-0.472	2	26
-0.472	-0.471	0	26
-0.471	-0.470	0	26
-0.470	-0.469	0	26
-0.469	-0.468	0	26
-0.468	-0.467	0	26
-0.467	-0.466	0	26
-0.466	-0.465	0	26
-0.465	-0.464	1	27
-0.464	-0.463	1	28
-0.463	-0.462	0	28
-0.462	-0.461	1	29
-0.461	-0.460	1	30
-0.460	-0.459	1	31
-0.459	-0.458	0	31
-0.458	-0.457	0	31
-0.457	-0.456	0	31
-0.456	-0.455	0	31
-0.455	-0.454	0	31
-0.454	-0.453	0	31
-0.453	-0.452	0	31
-0.452	-0.451	0	31
-0.451	-0.450	1	32
-0.450	-0.449	2	34
-0.449	-0.448	1	35
-0.448	-0.447	1	36
-0.447	-0.446	1	37
-0.446	-0.445	1	38
-0.445	-0.444	0	38
-0.444	-0.443	1	39
-0.443	-0.442	0	39
-0.442	-0.441	0	39
-0.441	-0.440	2	41
-0.440	-0.439	1	42
-0.439	-0.438	0	42
-0.438	-0.437	0	42
-0.437	-0.436	1	43
-0.436	-0.435	0	43
-0.435	-0.434	1	44
-0.434	-0.433	0	44
-0.433	-0.432	0	44
-0.432	-0.431	0	44
-0.431	-0.430	1	45
-0.430	-0.429	1	46
-0.429	-0.428	1	47
-0.428	-0.427	3	50
-0.427	-0.426	0	50
-0.426	-0.425	0	50
-0.425	-0.424	1	51
-0.424	-0.423	1	52
-0.423	-0.422	2	54
-0.422	-0.421	0	54
-0.421	-0.420	0	54
-0.420	-0.419	3	57
-0.419	-0.418	1	58
-0.418	-0.417	1	59
-0.417	-0.416	1	60
-0.416	-0.415	2	62
-0.415	-0.414	2	64
-0.414	-0.413	0	64
-0.413	-0.412	0	64
-0.412	-0.411	0	64
-0.411	-0.410	0	64
-0.410	-0.409	2	66
-0.409	-0.408	1	67
-0.408	-0.407	2	69
-0.407	-0.406	2	71
-0.406	-0.405	1	72
-0.405	-0.404	2	74
-0.404	-0.403	2	76
-0.403	-0.402	1	77
-0.402	-0.401	0	77
-0.401	-0.400	1	78
-0.400	-0.399	1	79
-0.399	-0.398	1	80
-0.398	-0.397	2	82
-0.397	-0.396	2	84
-0.396	-0.395	4	88
-0.395	-0.394	1	89
-0.394	-0.393	3	92
-0.393	-0.392	0	92
-0.392	-0.391	0	92
-0.391	-0.390	3	95
-0.390	-0.389	1	96
-0.389	-0.388	6	102
-0.388	-0.387	0	102
-0.387	-0.386	3	105
-0.386	-0.385	0	105
-0.385	-0.384	1	106
-0.384	-0.383	1	107
-0.383	-0.382	4	111
-0.382	-0.381	1	112
-0.381	-0.380	1	113
-0.380	-0.379	2	115
-0.379	-0.378	2	117
-0.378	-0.377	1	118
-0.377	-0.376	2	120
-0.376	-0.375	1	121
-0.375	-0.374	1	122
-0.374	-0.373	1	123
-0.373	-0.372	1	124
-0.372	-0.371	1	125
-0.371	-0.370	2	127
-0.370	-0.369	4	131
-0.369	-0.368	0	131
-0.368	-0.367	1	132
-0.367	-0.366	2	134
-0.366	-0.365	1	135
-0.365	-0.364	0	135
-0.364	-0.363	4	139
-0.363	-0.362	0	139
-0.362	-0.361	2	141
-0.361	-0.360	1	142
-0.360	-0.359	1	143
-0.359	-0.358	4	147
-0.358	-0.357	0	147
-0.357	-0.356	0	147
-0.356	-0.355	0	147
-0.355	-0.354	1	148
-0.354	-0.353	1	149
-0.353	-0.352	0	149
-0.352	-0.351	4	153
-0.351	-0.350	0	153
-0.350	-0.349	1	154
-0.349	-0.348	0	154
-0.348	-0.347	7	161
-0.347	-0.346	2	163
-0.346	-0.345	2	165
-0.345	-0.344	1	166
-0.344	-0.343	1	167
-0.343	-0.342	2	169
-0.342	-0.341	0	169
-0.341	-0.340	3	172
-0.340	-0.339	0	172
-0.339	-0.338	3	175
-0.338	-0.337	3	178
-0.337	-0.336	2	180
-0.336	-0.335	1	181
-0.335	-0.334	4	185
-0.334	-0.333	1	186
-0.333	-0.332	2	188
-0.332	-0.331	7	195
-0.331	-0.330	1	196
-0.330	-0.329	2	198
-0.329	-0.328	5	203
-0.328	-0.327	0	203
-0.327	-0.326	2	205
-0.326	-0.325	0	205
-0.325	-0.324	2	207
-0.324	-0.323	1	208
-0.323	-0.322	1	209
-0.322	-0.321	1	210
-0.321	-0.320	1	211
-0.320	-0.319	3	214
-0.319	-0.318	1	215
-0.318	-0.317	2	217
-0.317	-0.316	1	218
-0.316	-0.315	3	221
-0.315	-0.314	2	223
-0.314	-0.313	2	225
-0.313	-0.312	3	228
-0.312	-0.311	0	228
-0.311	-0.310	0	228
-0.310	-0.309	3	231
-0.309	-0.308	5	236
-0.308	-0.307	2	238
-0.307	-0.306	3	241
-0.306	-0.305	3	244
-0.305	-0.304	1	245
-0.304	-0.303	3	248
-0.303	-0.302	2	250
-0.302	-0.301	1	251
-0.301	-0.300	2	253
-0.300	-0.299	4	257
-0.299	-0.298	0	257
-0.298	-0.297	2	259
-0.297	-0.296	5	264
-0.296	-0.295	5	269
-0.295	-0.294	1	270
-0.294	-0.293	1	271
-0.293	-0.292	1	272
-0.292	-0.291	4	276
-0.291	-0.290	4	280
-0.290	-0.289	2	282
-0.289	-0.288	4	286
-0.288	-0.287	4	290
-0.287	-0.286	2	292
-0.286	-0.285	6	298
-0.285	-0.284	2	300
-0.284	-0.283	4	304
-0.283	-0.282	1	305
-0.282	-0.281	2	307
-0.281	-0.280	1	308
-0.280	-0.279	4	312
-0.279	-0.278	3	315
-0.278	-0.277	1	316
-0.277	-0.276	4	320
-0.276	-0.275	3	323
-0.275	-0.274	2	325
-0.274	-0.273	5	330
-0.273	-0.272	1	331
-0.272	-0.271	3	334
-0.271	-0.270	2	336
-0.270	-0.269	2	338
-0.269	-0.268	3	341
-0.268	-0.267	6	347
-0.267	-0.266	3	350
-0.266	-0.265	3	353
-0.265	-0.264	4	357
-0.264	-0.263	2	359
-0.263	-0.262	2	361
-0.262	-0.261	4	365
-0.261	-0.260	4	369
-0.260	-0.259	5	374
-0.259	-0.258	0	374
-0.258	-0.257	4	378
-0.257	-0.256	5	383
-0.256	-0.255	0	383
-0.255	-0.254	3	386
-0.254	-0.253	4	390
-0.253	-0.252	3	393
-0.252	-0.251	2	395
-0.251	-0.250	7	402
-0.250	-0.249	2	404
-0.249	-0.248	2	406
-0.248	-0.247	3	409
-0.247	-0.246	2	411
-0.246	-0.245	4	415
-0.245	-0.244	3	418
-0.244	-0.243	2	420
-0.243	-0.242	2	422
-0.242	-0.241	1	423
-0.241	-0.240	2	425
-0.240	-0.239	2	427
-0.239	-0.238	4	431
-0.238	-0.237	4	435
-0.237	-0.236	3	438
-0.236	-0.235	6	444
-0.235	-0.234	2	446
-0.234	-0.233	2	448
-0.233	-0.232	1	449
-0.232	-0.231	0	449
-0.231	-0.230	1	450
-0.230	-0.229	5	455
-0.229	-0.228	3	458
-0.228	-0.227	2	460
-0.227	-0.226	1	461
-0.226	-0.225	1	462
-0.225	-0.224	3	465
-0.224	-0.223	1	466
-0.223	-0.222	5	471
-0.222	-0.221	4	475
-0.221	-0.220	2	477
-0.220	-0.219	3	480
-0.219	-0.218	2	482
-0.218	-0.217	2	484
-0.217	-0.216	2	486
-0.216	-0.215	3	489
-0.215	-0.214	2	491
-0.214	-0.213	2	493
-0.213	-0.212	2	495
-0.212	-0.211	5	500
-0.211	-0.210	0	500
-0.210	-0.209	1	501
-0.209	-0.208	9	510
-0.208	-0.207	5	515
-0.207	-0.206	1	516
-0.206	-0.205	1	517
-0.205	-0.204	1	518
-0.204	-0.203	7	525
-0.203	-0.202	5	530
-0.202	-0.201	5	535
-0.201	-0.200	2	537
-0.200	-0.199	3	540
-0.199	-0.198	2	542
-0.198	-0.197	2	544
-0.197	-0.196	3	547
-0.196	-0.195	1	548
-0.195	-0.194	3	551
-0.194	-0.193	4	555
-0.193	-0.192	3	558
-0.192	-0.191	3	561
-0.191	-0.190	4	565
-0.190	-0.189	4	569
-0.189	-0.188	2	571
-0.188	-0.187	5	576
-0.187	-0.186	1	577
-0.186	-0.185	5	582
-0.185	-0.184	4	586
-0.184	-0.183	5	591
-0.183	-0.182	1	592
-0.182	-0.181	2	594
-0.181	-0.180	2	596
-0.180	-0.179	2	598
-0.179	-0.178	1	599
-0.178	-0.177	2	601
-0.177	-0.176	2	603
-0.176	-0.175	0	603
-0.175	-0.174	3	606
-0.174	-0.173	0	606
-0.173	-0.172	2	608
-0.172	-0.171	2	610
-0.171	-0.170	7	617
-0.170	-0.169	5	622
-0.169	-0.168	1	623
-0.168	-0.167	3	626
-0.167	-0.166	2	628
-0.166	-0.165	2	630
-0.165	-0.164	4	634
-0.164	-0.163	3	637
-0.163	-0.162	2	639
-0.162	-0.161	5	644
-0.161	-0.160	2	646
-0.160	-0.159	5	651
-0.159	-0.158	2	653
-0.158	-0.157	3	656
-0.157	-0.156	5	661
-0.156	-0.155	3	664
-0.155	-0.154	7	671
-0.154	-0.153	4	675
-0.153	-0.152	3	678
-0.152	-0.151	5	683
-0.151	-0.150	3	686
-0.150	-0.149	1	687
-0.149	-0.148	2	689
-0.148	-0.147	4	693
-0.147	-0.146	3	696
-0.146	-0.145	3	699
-0.145	-0.144	2	701
-0.144	-0.143	3	704
-0.143	-0.142	2	706
-0.142	-0.141	1	707
-0.141	-0.140	3	710
-0.140	-0.139	6	716
-0.139	-0.138	4	720
-0.138	-0.137	4	724
-0.137	-0.136	4	728
-0.136	-0.135	1	729
-0.135	-0.134	3	732
-0.134	-0.133	3	735
-0.133	-0.132	3	738
-0.132	-0.131	4	742
-0.131	-0.130	3	745
-0.130	-0.129	6	751
-0.129	-0.128	5	756
-0.128	-0.127	3	759
-0.127	-0.126	4	763
-0.126	-0.125	3	766
-0.125	-0.124	5	771
-0.124	-0.123	1	772
-0.123	-0.122	3	775
-0.122	-0.121	3	778
-0.121	-0.120	4	782
-0.120	-0.119	8	790
-0.119	-0.118	6	796
-0.118	-0.117	3	799
-0.117	-0.116	4	803
-0.116	-0.115	6	809
-0.115	-0.114	4	813
-0.114	-0.113	9	822
-0.113	-0.112	2	824
-0.112	-0.111	7	831
-0.111	-0.110	2	833
-0.110	-0.109	4	837
-0.109	-0.108	4	841
-0.108	-0.107	1	842
-0.107	-0.106	3	845
-0.106	-0.105	1	846
-0.105	-0.104	3	849
-0.104	-0.103	6	855
-0.103	-0.102	4	859
-0.102	-0.101	1	860
-0.101	-0.100	3	863
-0.100	-0.099	4	867
-0.099	-0.098	5	872
-0.098	-0.097	2	874
-0.097	-0.096	0	874
-0.096	-0.095	5	879
-0.095	-0.094	5	884
-0.094	-0.093	4	888
-0.093	-0.092	2	890
-0.092	-0.091	4	894
-0.091	-0.090	3	897
-0.090	-0.089	1	898
-0.089	-0.088	5	903
-0.088	-0.087	3	906
-0.087	-0.086	0	906
-0.086	-0.085	4	910
-0.085	-0.084	3	913
-0.084	-0.083	5	918
-0.083	-0.082	4	922
-0.082	-0.081	3	925
-0.081	-0.080	3	928
-0.080	-0.079	1	929
-0.079	-0.078	5	934
-0.078	-0.077	2	936
-0.077	-0.076	5	941
-0.076	-0.075	3	944
-0.075	-0.074	7	951
-0.074	-0.073	4	955
-0.073	-0.072	2	957
-0.072	-0.071	3	960
-0.071	-0.070	7	967
-0.070	-0.069	3	970
-0.069	-0.068	8	978
-0.068	-0.067	4	982
-0.067	-0.066	2	984
-0.066	-0.065	2	986
-0.065	-0.064	3	989
-0.064	-0.063	2	991
-0.063	-0.062	4	995
-0.062	-0.061	4	999
-0.061	-0.060	1	1000
-0.060	-0.059	1	1001
-0.059	-0.058	3	1004
-0.058	-0.057	2	1006
-0.057	-0.056	1	1007
-0.056	-0.055	5	1012
-0.055	-0.054	3	1015
-0.054	-0.053	2	1017
-0.053	-0.052	3	1020
-0.052	-0.051	4	1024
-0.051	-0.050	2	1026
-0.050	-0.049	5	1031
-0.049	-0.048	4	1035
-0.048	-0.047	3	1038
-0.047	-0.046	2	1040
-0.046	-0.045	7	1047
-0.045	-0.044	9	1056
-0.044	-0.043	3	1059
-0.043	-0.042	2	1061
-0.042	-0.041	4	1065
-0.041	-0.040	7	1072
-0.040	-0.039	5	1077
-0.039	-0.038	5	1082
-0.038	-0.037	3	1085
-0.037	-0.036	6	1091
-0.036	-0.035	2	1093
-0.035	-0.034	3	1096
-0.034	-0.033	4	1100
-0.033	-0.032	4	1104
-0.032	-0.031	8	1112
-0.031	-0.030	4	1116
-0.030	-0.029	4	1120
-0.029	-0.028	6	1126
-0.028	-0.027	3	1129
-0.027	-0.026	5	1134
-0.026	-0.025	3	1137
-0.025	-0.024	3	1140
-0.024	-0.023	4	1144
-0.023	-0.022	2	1146
-0.022	-0.021	1	1147
-0.021	-0.020	3	1150
-0.020	-0.019	6	1156
-0.019	-0.018	2	1158
-0.018	-0.017	5	1163
-0.017	-0.016	3	1166
-0.016	-0.015	2	1168
-0.015	-0.014	3	1171
-0.014	-0.013	2	1173
-0.013	-0.012	2	1175
-0.012	-0.011	5	1180
-0.011	-0.010	4	1184
-0.010	-0.009	3	1187
-0.009	-0.008	6	1193
-0.008	-0.007	3	1196
-0.007	-0.006	5	1201
-0.006	-0.005	5	1206
-0.005	-0.004	4	1210
-0.004	-0.003	4	1214
-0.003	-0.002	7	1221
-0.002	-0.001	3	1224
-0.001	-0.000	5	1229
0.000	0.001	9	1238
0.001	0.002	5	1243
0.002	0.003	2	1245
0.003	0.004	4	1249
0.004	0.005	3	1252
0.005	0.006	1	1253
0.006	0.007	4	1257
0.007	0.008	9	1266
0.008	0.009	5	1271
0.009	0.010	10	1281
0.010	0.011	5	1286
0.011	0.012	2	1288
0.012	0.013	3	1291
0.013	0.014	6	1297
0.014	0.015	7	1304
0.015	0.016	4	1308
0.016	0.017	1	1309
0.017	0.018	6	1315
0.018	0.019	9	1324
0.019	0.020	4	1328
0.020	0.021	4	1332
0.021	0.022	4	1336
0.022	0.023	3	1339
0.023	0.024	4	1343
0.024	0.025	7	1350
0.025	0.026	5	1355
0.026	0.027	3	1358
0.027	0.028	2	1360
0.028	0.029	7	1367
0.029	0.030	5	1372
0.030	0.031	3	1375
0.031	0.032	9	1384
0.032	0.033	2	1386
0.033	0.034	6	1392
0.034	0.035	2	1394
0.035	0.036	4	1398
0.036	0.037	3	1401
0.037	0.038	3	1404
0.038	0.039	4	1408
0.039	0.040	5	1413
0.040	0.041	0	1413
0.041	0.042	6	1419
0.042	0.043	3	1422
0.043	0.044	5	1427
0.044	0.045	3	1430
0.045	0.046	4	1434
0.046	0.047	2	1436
0.047	0.048	9	1445
0.048	0.049	4	1449
0.049	0.050	5	1454
0.050	0.051	5	1459
0.051	0.052	2	1461
0.052	0.053	7	1468
0.053	0.054	6	1474
0.054	0.055	5	1479
0.055	0.056	1	1480
0.056	0.057	8	1488
0.057	0.058	4	1492
0.058	0.059	6	1498
0.059	0.060	4	1502
0.060	0.061	5	1507
0.061	0.062	5	1512
0.062	0.063	2	1514
0.063	0.064	3	1517
0.064	0.065	4	1521
0.065	0.066	6	1527
0.066	0.067	4	1531
0.067	0.068	8	1539
0.068	0.069	8	1547
0.069	0.070	5	1552
0.070	0.071	0	1552
0.071	0.072	5	1557
0.072	0.073	4	1561
0.073	0.074	4	1565
0.074	0.075	6	1571
0.075	0.076	6	1577
0.076	0.077	9	1586
0.077	0.078	5	1591
0.078	0.079	1	1592
0.079	0.080	3	1595
0.080	0.081	4	1599
0.081	0.082	6	1605
0.082	0.083	3	1608
0.083	0.084	2	1610
0.084	0.085	3	1613
0.085	0.086	4	1617
0.086	0.087	5	1622
0.087	0.088	3	1625
0.088	0.089	3	1628
0.089	0.090	4	1632
0.090	0.091	5	1637
0.091	0.092	8	1645
0.092	0.093	7	1652
0.093	0.094	3	1655
0.094	0.095	4	1659
0.095	0.096	8	1667
0.096	0.097	2	1669
0.097	0.098	3	1672
0.098	0.099	7	1679
0.099	0.100	6	1685
0.100	0.101	6	1691
0.101	0.102	4	1695
0.102	0.103	4	1699
0.103	0.104	5	1704
0.104	0.105	4	1708
0.105	0.106	3	1711
0.106	0.107	9	1720
0.107	0.108	5	1725
0.108	0.109	5	1730
0.109	0.110	6	1736
0.110	0.111	5	1741
0.111	0.112	3	1744
0.112	0.113	4	1748
0.113	0.114	2	1750
0.114	0.115	5	1755
0.115	0.116	2	1757
0.116	0.117	9	1766
0.117	0.118	6	1772
0.118	0.119	4	1776
0.119	0.120	4	1780
0.120	0.121	5	1785
0.121	0.122	2	1787
0.122	0.123	7	1794
0.123	0.124	3	1797
0.124	0.125	6	1803
0.125	0.126	5	1808
0.126	0.127	5	1813
0.127	0.128	6	1819
0.128	0.129	8	1827
0.129	0.130	3	1830
0.130	0.131	3	1833
0.131	0.132	6	1839
0.132	0.133	10	1849
0.133	0.134	3	1852
0.134	0.135	3	1855
0.135	0.136	8	1863
0.136	0.137	12	1875
0.137	0.138	3	1878
0.138	0.139	7	1885
0.139	0.140	7	1892
0.140	0.141	2	1894
0.141	0.142	5	1899
0.142	0.143	7	1906
0.143	0.144	5	1911
0.144	0.145	6	1917
0.145	0.146	4	1921
0.146	0.147	4	1925
0.147	0.148	4	1929
0.148	0.149	3	1932
0.149	0.150	6	1938
0.150	0.151	4	1942
0.151	0.152	1	1943
0.152	0.153	4	1947
0.153	0.154	4	1951
0.154	0.155	4	1955
0.155	0.156	4	1959
0.156	0.157	6	1965
0.157	0.158	3	1968
0.158	0.159	6	1974
0.159	0.160	6	1980
0.160	0.161	5	1985
0.161	0.162	6	1991
0.162	0.163	5	1996
0.163	0.164	4	2000
0.164	0.165	5	2005
0.165	0.166	6	2011
0.166	0.167	4	2015
0.167	0.168	7	2022
0.168	0.169	3	2025
0.169	0.170	4	2029
0.170	0.171	3	2032
0.171	0.172	10	2042
0.172	0.173	5	2047
0.173	0.174	5	2052
0.174	0.175	6	2058
0.175	0.176	5	2063
0.176	0.177	9	2072
0.177	0.178	2	2074
0.178	0.179	4	2078
0.179	0.180	7	2085
0.180	0.181	3	2088
0.181	0.182	2	2090
0.182	0.183	4	2094
0.183	0.184	3	2097
0.184	0.185	3	2100
0.185	0.186	6	2106
0.186	0.187	9	2115
0.187	0.188	3	2118
0.188	0.189	3	2121
0.189	0.190	2	2123
0.190	0.191	8	2131
0.191	0.192	2	2133
0.192	0.193	4	2137
0.193	0.194	4	2141
0.194	0.195	6	2147
0.195	0.196	7	2154
0.196	0.197	7	2161
0.197	0.198	2	2163
0.198	0.199	7	2170
0.199	0.200	6	2176
0.200	0.201	9	2185
0.201	0.202	3	2188
0.202	0.203	3	2191
0.203	0.204	4	2195
0.204	0.205	4	2199
0.205	0.206	5	2204
0.206	0.207	4	2208
0.207	0.208	5	2213
0.208	0.209	4	2217
0.209	0.210	2	2219
0.210	0.211	3	2222
0.211	0.212	4	2226
0.212	0.213	5	2231
0.213	0.214	4	2235
0.214	0.215	2	2237
0.215	0.216	2	2239
0.216	0.217	3	2242
0.217	0.218	4	2246
0.218	0.219	3	2249
0.219	0.220	4	2253
0.220	0.221	6	2259
0.221	0.222	5	2264
0.222	0.223	7	2271
0.223	0.224	1	2272
0.224	0.225	6	2278
0.225	0.226	2	2280
0.226	0.227	4	2284
0.227	0.228	8	2292
0.228	0.229	7	2299
0.229	0.230	2	2301
0.230	0.231	7	2308
0.231	0.232	6	2314
0.232	0.233	7	2321
0.233	0.234	5	2326
0.234	0.235	5	2331
0.235	0.236	4	2335
0.236	0.237	2	2337
0.237	0.238	8	2345
0.238	0.239	3	2348
0.239	0.240	10	2358
0.240	0.241	4	2362
0.241	0.242	2	2364
0.242	0.243	3	2367
0.243	0.244	4	2371
0.244	0.245	3	2374
0.245	0.246	5	2379
0.246	0.247	2	2381
0.247	0.248	5	2386
0.248	0.249	4	2390
0.249	0.250	2	2392
0.250	0.251	3	2395
0.251	0.252	6	2401
0.252	0.253	5	2406
0.253	0.254	6	2412
0.254	0.255	3	2415
0.255	0.256	7	2422
0.256	0.257	2	2424
0.257	0.258	4	2428
0.258	0.259	2	2430
0.259	0.260	4	2434
0.260	0.261	4	2438
0.261	0.262	7	2445
0.262	0.263	3	2448
0.263	0.264	4	2452
0.264	0.265	1	2453
0.265	0.266	1	2454
0.266	0.267	7	2461
0.267	0.268	5	2466
0.268	0.269	4	2470
0.269	0.270	5	2475
0.270	0.271	4	2479
0.271	0.272	1	2480
0.272	0.273	2	2482
0.273	0.274	4	2486
0.274	0.275	3	2489
0.275	0.276	5	2494
0.276	0.277	5	2499
0.277	0.278	10	2509
0.278	0.279	5	2514
0.279	0.280	8	2522
0.280	0.281	5	2527
0.281	0.282	4	2531
0.282	0.283	8	2539
0.283	0.284	9	2548
0.284	0.285	5	2553
0.285	0.286	6	2559
0.286	0.287	3	2562
0.287	0.288	2	2564
0.288	0.289	4	2568
0.289	0.290	3	2571
0.290	0.291	2	2573
0.291	0.292	6	2579
0.292	0.293	2	2581
0.293	0.294	0	2581
0.294	0.295	8	2589
0.295	0.296	4	2593
0.296	0.297	1	2594
0.297	0.298	3	2597
0.298	0.299	3	2600
0.299	0.300	4	2604
0.300	0.301	4	2608
0.301	0.302	4	2612
0.302	0.303	2	2614
0.303	0.304	5	2619
0.304	0.305	5	2624
0.305	0.306	3	2627
0.306	0.307	0	2627
0.307	0.308	2	2629
0.308	0.309	8	2637
0.309	0.310	5	2642
0.310	0.311	2	2644
0.311	0.312	4	2648
0.312	0.313	4	2652
0.313	0.314	4	2656
0.314	0.315	1	2657
0.315	0.316	6	2663
0.316	0.317	4	2667
0.317	0.318	4	2671
0.318	0.319	4	2675
0.319	0.320	6	2681
0.320	0.321	1	2682
0.321	0.322	7	2689
0.322	0.323	4	2693
0.323	0.324	6	2699
0.324	0.325	4	2703
0.325	0.326	3	2706
0.326	0.327	4	2710
0.327	0.328	4	2714
0.328	0.329	5	2719
0.329	0.330	1	2720
0.330	0.331	5	2725
0.331	0.332	2	2727
0.332	0.333	4	2731
0.333	0.334	6	2737
0.334	0.335	3	2740
0.335	0.336	6	2746
0.336	0.337	2	2748
0.337	0.338	3	2751
0.338	0.339	2	2753
0.339	0.340	6	2759
0.340	0.341	3	2762
0.341	0.342	5	2767
0.342	0.343	5	2772
0.343	0.344	1	2773
0.344	0.345	3	2776
0.345	0.346	6	2782
0.346	0.347	6	2788
0.347	0.348	2	2790
0.348	0.349	2	2792
0.349	0.350	7	2799
0.350	0.351	5	2804
0.351	0.352	4	2808
0.352	0.353	6	2814
0.353	0.354	6	2820
0.354	0.355	5	2825
0.355	0.356	3	2828
0.356	0.357	5	2833
0.357	0.358	4	2837
0.358	0.359	3	2840
0.359	0.360	5	2845
0.360	0.361	3	2848
0.361	0.362	3	2851
0.362	0.363	4	2855
0.363	0.364	2	2857
0.364	0.365	2	2859
0.365	0.366	4	2863
0.366	0.367	4	2867
0.367	0.368	3	2870
0.368	0.369	5	2875
0.369	0.370	5	2880
0.370	0.371	6	2886
0.371	0.372	8	2894
0.372	0.373	5	2899
0.373	0.374	4	2903
0.374	0.375	4	2907
0.375	0.376	3	2910
0.376	0.377	3	2913
0.377	0.378	5	2918
0.378	0.379	3	2921
0.379	0.380	4	2925
0.380	0.381	0	2925
0.381	0.382	7	2932
0.382	0.383	3	2935
0.383	0.384	3	2938
0.384	0.385	3	2941
0.385	0.386	3	2944
0.386	0.387	2	2946
0.387	0.388	1	2947
0.388	0.389	1	2948
0.389	0.390	1	2949
0.390	0.391	3	2952
0.391	0.392	5	2957
0.392	0.393	1	2958
0.393	0.394	7	2965
0.394	0.395	11	2976
0.395	0.396	5	2981
0.396	0.397	3	2984
0.397	0.398	4	2988
0.398	0.399	2	2990
0.399	0.400	2	2992
0.400	0.401	7	2999
0.401	0.402	1	3000
0.402	0.403	4	3004
0.403	0.404	1	3005
0.404	0.405	3	3008
0.405	0.406	5	3013
0.406	0.407	3	3016
0.407	0.408	5	3021
0.408	0.409	1	3022
0.409	0.410	4	3026
0.410	0.411	0	3026
0.411	0.412	2	3028
0.412	0.413	2	3030
0.413	0.414	7	3037
0.414	0.415	3	3040
0.415	0.416	4	3044
0.416	0.417	3	3047
0.417	0.418	4	3051
0.418	0.419	5	3056
0.419	0.420	3	3059
0.420	0.421	2	3061
0.421	0.422	2	3063
0.422	0.423	2	3065
0.423	0.424	4	3069
0.424	0.425	2	3071
0.425	0.426	3	3074
0.426	0.427	6	3080
0.427	0.428	4	3084
0.428	0.429	1	3085
0.429	0.430	5	3090
0.430	0.431	3	3093
0.431	0.432	3	3096
0.432	0.433	2	3098
0.433	0.434	5	3103
0.434	0.435	4	3107
0.435	0.436	4	3111
0.436	0.437	5	3116
0.437	0.438	4	3120
0.438	0.439	3	3123
0.439	0.440	2	3125
0.440	0.441	4	3129
0.441	0.442	3	3132
0.442	0.443	2	3134
0.443	0.444	6	3140
0.444	0.445	2	3142
0.445	0.446	0	3142
0.446	0.447	2	3144
0.447	0.448	5	3149
0.448	0.449	2	3151
0.449	0.450	1	3152
0.450	0.451	4	3156
0.451	0.452	2	3158
0.452	0.453	2	3160
0.453	0.454	3	3163
0.454	0.455	2	3165
0.455	0.456	1	3166
0.456	0.457	1	3167
0.457	0.458	3	3170
0.458	0.459	4	3174
0.459	0.460	3	3177
0.460	0.461	4	3181
0.461	0.462	0	3181
0.462	0.463	4	3185
0.463	0.464	1	3186
0.464	0.465	3	3189
0.465	0.466	4	3193
0.466	0.467	3	3196
0.467	0.468	2	3198
0.468	0.469	2	3200
0.469	0.470	4	3204
0.470	0.471	4	3208
0.471	0.472	5	3213
0.472	0.473	2	3215
0.473	0.474	2	3217
0.474	0.475	4	3221
0.475	0.476	2	3223
0.476	0.477	4	3227
0.477	0.478	2	3229
0.478	0.479	5	3234
0.479	0.480	6	3240
0.480	0.481	2	3242
0.481	0.482	2	3244
0.482	0.483	5	3249
0.483	0.484	6	3255
0.484	0.485	4	3259
0.485	0.486	2	3261
0.486	0.487	3	3264
0.487	0.488	1	3265
0.488	0.489	5	3270
0.489	0.490	7	3277
0.490	0.491	2	3279
0.491	0.492	0	3279
0.492	0.493	2	3281
0.493	0.494	1	3282
0.494	0.495	6	3288
0.495	0.496	5	3293
0.496	0.497	2	3295
0.497	0.498	2	3297
0.498	0.499	4	3301
0.499	0.500	4	3305
0.500	0.501	5	3310
0.501	0.502	3	3313
0.502	0.503	2	3315
0.503	0.504	3	3318
0.504	0.505	5	3323
0.505	0.506	0	3323
0.506	0.507	0	3323
0.507	0.508	3	3326
0.508	0.509	1	3327
0.509	0.510	5	3332
0.510	0.511	1	3333
0.511	0.512	6	3339
0.512	0.513	3	3342
0.513	0.514	5	3347
0.514	0.515	3	3350
0.515	0.516	6	3356
0.516	0.517	2	3358
0.517	0.518	1	3359
0.518	0.519	3	3362
0.519	0.520	2	3364
0.520	0.521	5	3369
0.521	0.522	1	3370
0.522	0.523	3	3373
0.523	0.524	1	3374
0.524	0.525	3	3377
0.525	0.526	3	3380
0.526	0.527	5	3385
0.527	0.528	5	3390
0.528	0.529	5	3395
0.529	0.530	7	3402
0.530	0.531	4	3406
0.531	0.532	4	3410
0.532	0.533	2	3412
0.533	0.534	1	3413
0.534	0.535	2	3415
0.535	0.536	2	3417
0.536	0.537	1	3418
0.537	0.538	2	3420
0.538	0.539	1	3421
0.539	0.540	1	3422
0.540	0.541	6	3428
0.541	0.542	5	3433
0.542	0.543	2	3435
0.543	0.544	4	3439
0.544	0.545	1	3440
0.545	0.546	1	3441
0.546	0.547	0	3441
0.547	0.548	4	3445
0.548	0.549	1	3446
0.549	0.550	0	3446
0.550	0.551	3	3449
0.551	0.552	8	3457
0.552	0.553	3	3460
0.553	0.554	3	3463
0.554	0.555	3	3466
0.555	0.556	4	3470
0.556	0.557	2	3472
0.557	0.558	0	3472
0.558	0.559	4	3476
0.559	0.560	3	3479
0.560	0.561	3	3482
0.561	0.562	3	3485
0.562	0.563	4	3489
0.563	0.564	3	3492
0.564	0.565	3	3495
0.565	0.566	4	3499
0.566	0.567	0	3499
0.567	0.568	1	3500
0.568	0.569	1	3501
0.569	0.570	2	3503
0.570	0.571	1	3504
0.571	0.572	3	3507
0.572	0.573	7	3514
0.573	0.574	1	3515
0.574	0.575	2	3517
0.575	0.576	2	3519
0.576	0.577	4	3523
0.577	0.578	4	3527
0.578	0.579	6	3533
0.579	0.580	5	3538
0.580	0.581	3	3541
0.581	0.582	4	3545
0.582	0.583	3	3548
0.583	0.584	3	3551
0.584	0.585	4	3555
0.585	0.586	2	3557
0.586	0.587	1	3558
0.587	0.588	4	3562
0.588	0.589	1	3563
0.589	0.590	3	3566
0.590	0.591	6	3572
0.591	0.592	3	3575
0.592	0.593	1	3576
0.593	0.594	2	3578
0.594	0.595	4	3582
0.595	0.596	5	3587
0.596	0.597	1	3588
0.597	0.598	1	3589
0.598	0.599	9	3598
0.599	0.600	3	3601
0.600	0.601	4	3605
0.601	0.602	4	3609
0.602	0.603	1	3610
0.603	0.604	2	3612
0.604	0.605	6	3618
0.605	0.606	4	3622
0.606	0.607	1	3623
0.607	0.608	2	3625
0.608	0.609	3	3628
0.609	0.610	1	3629
0.610	0.611	0	3629
0.611	0.612	4	3633
0.612	0.613	3	3636
0.613	0.614	1	3637
0.614	0.615	3	3640
0.615	0.616	5	3645
0.616	0.617	1	3646
0.617	0.618	8	3654
0.618	0.619	5	3659
0.619	0.620	2	3661
0.620	0.621	4	3665
0.621	0.622	1	3666
0.622	0.623	2	3668
0.623	0.624	2	3670
0.624	0.625	2	3672
0.625	0.626	6	3678
0.626	0.627	3	3681
0.627	0.628	3	3684
0.628	0.629	8	3692
0.629	0.630	6	3698
0.630	0.631	6	3704
0.631	0.632	2	3706
0.632	0.633	2	3708
0.633	0.634	5	3713
0.634	0.635	1	3714
0.635	0.636	1	3715
0.636	0.637	3	3718
0.637	0.638	7	3725
0.638	0.639	8	3733
0.639	0.640	4	3737
0.640	0.641	2	3739
0.641	0.642	1	3740
0.642	0.643	3	3743
0.643	0.644	4	3747
0.644	0.645	7	3754
0.645	0.646	3	3757
0.646	0.647	5	3762
0.647	0.648	5	3767
0.648	0.649	2	3769
0.649	0.650	2	3771
0.650	0.651	1	3772
0.651	0.652	3	3775
0.652	0.653	2	3777
0.653	0.654	4	3781
0.654	0.655	3	3784
0.655	0.656	3	3787
0.656	0.657	4	3791
0.657	0.658	5	3796
0.658	0.659	1	3797
0.659	0.660	2	3799
0.660	0.661	2	3801
0.661	0.662	8	3809
0.662	0.663	3	3812
0.663	0.664	4	3816
0.664	0.665	3	3819
0.665	0.666	2	3821
0.666	0.667	3	3824
0.667	0.668	1	3825
0.668	0.669	7	3832
0.669	0.670	3	3835
0.670	0.671	5	3840
0.671	0.672	2	3842
0.672	0.673	5	3847
0.673	0.674	2	3849
0.674	0.675	2	3851
0.675	0.676	6	3857
0.676	0.677	5	3862
0.677	0.678	1	3863
0.678	0.679	3	3866
0.679	0.680	3	3869
0.680	0.681	6	3875
0.681	0.682	2	3877
0.682	0.683	3	3880
0.683	0.684	5	3885
0.684	0.685	4	3889
0.685	0.686	7	3896
0.686	0.687	6	3902
0.687	0.688	5	3907
0.688	0.689	3	3910
0.689	0.690	2	3912
0.690	0.691	3	3915
0.691	0.692	4	3919
0.692	0.693	3	3922
0.693	0.694	4	3926
0.694	0.695	3	3929
0.695	0.696	7	3936
0.696	0.697	8	3944
0.697	0.698	3	3947
0.698	0.699	4	3951
0.699	0.700	5	3956
0.700	0.701	2	3958
0.701	0.702	4	3962
0.702	0.703	2	3964
0.703	0.704	2	3966
0.704	0.705	5	3971
0.705	0.706	3	3974
0.706	0.707	6	3980
0.707	0.708	4	3984
0.708	0.709	2	3986
0.709	0.710	1	3987
0.710	0.711	4	3991
0.711	0.712	1	3992
0.712	0.713	7	3999
0.713	0.714	4	4003
0.714	0.715	3	4006
0.715	0.716	2	4008
0.716	0.717	6	4014
0.717	0.718	3	4017
0.718	0.719	6	4023
0.719	0.720	5	4028
0.720	0.721	5	4033
0.721	0.722	2	4035
0.722	0.723	5	4040
0.723	0.724	6	4046
0.724	0.725	7	4053
0.725	0.726	5	4058
0.726	0.727	2	4060
0.727	0.728	3	4063
0.728	0.729	4	4067
0.729	0.730	3	4070
0.730	0.731	5	4075
0.731	0.732	3	4078
0.732	0.733	4	4082
0.733	0.734	4	4086
0.734	0.735	7	4093
0.735	0.736	4	4097
0.736	0.737	4	4101
0.737	0.738	2	4103
0.738	0.739	4	4107
0.739	0.740	5	4112
0.740	0.741	1	4113
0.741	0.742	6	4119
0.742	0.743	2	4121
0.743	0.744	4	4125
0.744	0.745	0	4125
0.745	0.746	2	4127
0.746	0.747	6	4133
0.747	0.748	5	4138
0.748	0.749	4	4142
0.749	0.750	11	4153
0.750	0.751	2	4155
0.751	0.752	6	4161
0.752	0.753	5	4166
0.753	0.754	0	4166
0.754	0.755	7	4173
0.755	0.756	2	4175
0.756	0.757	4	4179
0.757	0.758	2	4181
0.758	0.759	8	4189
0.759	0.760	5	4194
0.760	0.761	3	4197
0.761	0.762	3	4200
0.762	0.763	0	4200
0.763	0.764	4	4204
0.764	0.765	4	4208
0.765	0.766	6	4214
0.766	0.767	5	4219
0.767	0.768	6	4225
0.768	0.769	5	4230
0.769	0.770	3	4233
0.770	0.771	3	4236
0.771	0.772	4	4240
0.772	0.773	4	4244
0.773	0.774	3	4247
0.774	0.775	4	4251
0.775	0.776	5	4256
0.776	0.777	2	4258
0.777	0.778	5	4263
0.778	0.779	1	4264
0.779	0.780	4	4268
0.780	0.781	4	4272
0.781	0.782	10	4282
0.782	0.783	3	4285
0.783	0.784	2	4287
0.784	0.785	2	4289
0.785	0.786	3	4292
0.786	0.787	2	4294
0.787	0.788	5	4299
0.788	0.789	4	4303
0.789	0.790	4	4307
0.790	0.791	4	4311
0.791	0.792	8	4319
0.792	0.793	8	4327
0.793	0.794	4	4331
0.794	0.795	4	4335
0.795	0.796	5	4340
0.796	0.797	4	4344
0.797	0.798	6	4350
0.798	0.799	6	4356
0.799	0.800	3	4359
0.800	0.801	2	4361
0.801	0.802	5	4366
0.802	0.803	4	4370
0.803	0.804	3	4373
0.804	0.805	8	4381
0.805	0.806	10	4391
0.806	0.807	7	4398
0.807	0.808	7	4405
0.808	0.809	4	4409
0.809	0.810	0	4409
0.810	0.811	6	4415
0.811	0.812	2	4417
0.812	0.813	3	4420
0.813	0.814	2	4422
0.814	0.815	1	4423
0.815	0.816	3	4426
0.816	0.817	5	4431
0.817	0.818	3	4434
0.818	0.819	6	4440
0.819	0.820	3	4443
0.820	0.821	3	4446
0.821	0.822	2	4448
0.822	0.823	2	4450
0.823	0.824	3	4453
0.824	0.825	3	4456
0.825	0.826	4	4460
0.826	0.827	3	4463
0.827	0.828	3	4466
0.828	0.829	4	4470
0.829	0.830	5	4475
0.830	0.831	6	4481
0.831	0.832	4	4485
0.832	0.833	5	4490
0.833	0.834	10	4500
0.834	0.835	3	4503
0.835	0.836	0	4503
0.836	0.837	7	4510
0.837	0.838	1	4511
0.838	0.839	4	4515
0.839	0.840	5	4520
0.840	0.841	6	4526
0.841	0.842	4	4530
0.842	0.843	5	4535
0.843	0.844	5	4540
0.844	0.845	7	4547
0.845	0.846	5	4552
0.846	0.847	3	4555
0.847	0.848	3	4558
0.848	0.849	5	4563
0.849	0.850	1	4564
0.850	0.851	2	4566
0.851	0.852	5	4571
0.852	0.853	9	4580
0.853	0.854	3	4583
0.854	0.855	6	4589
0.855	0.856	3	4592
0.856	0.857	5	4597
0.857	0.858	2	4599
0.858	0.859	4	4603
0.859	0.860	5	4608
0.860	0.861	1	4609
0.861	0.862	5	4614
0.862	0.863	7	4621
0.863	0.864	4	4625
0.864	0.865	3	4628
0.865	0.866	3	4631
0.866	0.867	3	4634
0.867	0.868	5	4639
0.868	0.869	2	4641
0.869	0.870	1	4642
0.870	0.871	2	4644
0.871	0.872	5	4649
0.872	0.873	6	4655
0.873	0.874	4	4659
0.874	0.875	4	4663
0.875	0.876	4	4667
0.876	0.877	0	4667
0.877	0.878	1	4668
0.878	0.879	2	4670
0.879	0.880	4	4674
0.880	0.881	5	4679
0.881	0.882	4	4683
0.882	0.883	5	4688
0.883	0.884	2	4690
0.884	0.885	1	4691
0.885	0.886	2	4693
0.886	0.887	6	4699
0.887	0.888	2	4701
0.888	0.889	1	4702
0.889	0.890	5	4707
0.890	0.891	3	4710
0.891	0.892	4	4714
0.892	0.893	4	4718
0.893	0.894	2	4720
0.894	0.895	2	4722
0.895	0.896	3	4725
0.896	0.897	3	4728
0.897	0.898	4	4732
0.898	0.899	2	4734
0.899	0.900	3	4737
0.900	0.901	6	4743
0.901	0.902	3	4746
0.902	0.903	2	4748
0.903	0.904	3	4751
0.904	0.905	5	4756
0.905	0.906	4	4760
0.906	0.907	3	4763
0.907	0.908	0	4763
0.908	0.909	7	4770
0.909	0.910	1	4771
0.910	0.911	6	4777
0.911	0.912	1	4778
0.912	0.913	4	4782
0.913	0.914	5	4787
0.914	0.915	3	4790
0.915	0.916	1	4791
0.916	0.917	4	4795
0.917	0.918	3	4798
0.918	0.919	3	4801
0.919	0.920	6	4807
0.920	0.921	1	4808
0.921	0.922	2	4810
0.922	0.923	2	4812
0.923	0.924	2	4814
0.924	0.925	2	4816
0.925	0.926	2	4818
0.926	0.927	4	4822
0.927	0.928	2	4824
0.928	0.929	2	4826
0.929	0.930	1	4827
0.930	0.931	1	4828
0.931	0.932	2	4830
0.932	0.933	3	4833
0.933	0.934	1	4834
0.934	0.935	3	4837
0.935	0.936	4	4841
0.936	0.937	4	4845
0.937	0.938	2	4847
0.938	0.939	2	4849
0.939	0.940	1	4850
0.940	0.941	1	4851
0.941	0.942	7	4858
0.942	0.943	4	4862
0.943	0.944	1	4863
0.944	0.945	1	4864
0.945	0.946	2	4866
0.946	0.947	0	4866
0.947	0.948	1	4867
0.948	0.949	1	4868
0.949	0.950	1	4869
0.950	0.951	2	4871
0.951	0.952	3	4874
0.952	0.953	1	4875
0.953	0.954	4	4879
0.954	0.955	2	4881
0.955	0.956	3	4884
0.956	0.957	5	4889
0.957	0.958	1	4890
0.958	0.959	3	4893
0.959	0.960	4	4897
0.960	0.961	0	4897
0.961	0.962	1	4898
0.962	0.963	1	4899
0.963	0.964	4	4903
0.964	0.965	6	4909
0.965	0.966	3	4912
0.966	0.967	1	4913
0.967	0.968	3	4916
0.968	0.969	2	4918
0.969	0.970	1	4919
0.970	0.971	2	4921
0.971	0.972	2	4923
0.972	0.973	1	4924
0.973	0.974	1	4925
0.974	0.975	1	4926
0.975	0.976	2	4928
0.976	0.977	2	4930
0.977	0.978	0	4930
0.978	0.979	2	4932
0.979	0.980	2	4934
0.980	0.981	3	4937
0.981	0.982	2	4939
0.982	0.983	1	4940
0.983	0.984	1	4941
0.984	0.985	0	4941
0.985	0.986	2	4943
0.986	0.987	1	4944
0.987	0.988	3	4947
0.988	0.989	1	4948
0.989	0.990	1	4949
0.990	0.991	1	4950
0.991	0.992	0	4950
0.992	0.993	0	4950
0.993	0.994	0	4950
0.994	0.995	0	4950
0.995	0.996	0	4950
0.996	0.997	0	4950
0.997	0.998	0	4950
0.998	0.999	0	4950
0.999	1.000	0	4950
1.000	1.001	0	4950
mean value = 0.295645
variance = 0.143893
standard deviation = 0.379332
skewness = 0.000391
kurtosis = 0.040473
lower quartile = 0.000944
median_value = 0.270000
upper quartile = 0.633900
interquartile range = 0.632956
