symbol	GSM1855317	GSM1855318	GSM1855319	GSM1855320	GSM1855321	GSM1855322	GSM2195410	GSM2195411	GSM2195412	GSM2195413	GSM2195414	GSM2195415	GSM2226784	GSM2226785	GSM2226786	GSM2226787	GSM2226788	GSM2226789	GSM2226790	GSM2226791	GSM2226792	GSM2226793	GSM2477389	GSM2477390	GSM2477391	GSM2477392	GSM2477393	GSM2477394	GSM2700243	GSM2700244	GSM2700245	GSM2700240	GSM2700241	GSM2700242	GSM2774691	GSM2774692	GSM2774693	GSM2774694	GSM2774695	GSM2774696	GSM3685851	GSM3685852	GSM3685853	GSM3685848	GSM3685849	GSM3685850	GSM3936838	GSM3936839	GSM3936840	GSM3936841
cg00050873	0.21228	0.05062	0.091253	0.14952	0.129078	0.159172	0.106999	0.110725	0.033942	0.017068	0.05696	0.032506	0.150255	0.009765	0.059973	0.108298	0.055233	0.046879	0.127204	0.217831	0.064044	0.125175	0.191556	0.082899	0.039005	0.055778	0.127287	0.102247	0.028441	0.018959	0.039636	0.084109	0.041975	0.084271	0.137993	0.070293	0.073386	0.133997	0.038665	0.021203	0.031509	0.049469	0.025036	0.025956	0.106996	0.138961	0.094715	0.152951	0.075572	0.096188
cg00212031	0.128656	0.200178	0.075825	0.115269	0.184542	0.084596	0.216507	0.071049	0.136782	0.114659	0.06559	0.135426	0.125575	0.067361	0.147759	0.212348	0.150682	0.100178	0.125499	0.219666	0.113603	0.150435	0.215908	0.109697	0.101826	0.085897	0.253553	0.155447	0.160224	0.096583	0.161949	0.119491	0.18876	0.24946	0.113831	0.159412	0.140626	0.175659	0.201014	0.149873	0.200947	0.1836	0.136817	0.179631	0.081835	0.127711	0.109182	0.154887	0.130161	0.197349
cg00213748	0.61877	0.613786	0.562876	0.604334	0.589867	0.500573	0.604083	0.592847	0.577011	0.577797	0.559538	0.513097	0.570391	0.620762	0.643015	0.624211	0.552972	0.572012	0.588636	0.5506	0.591408	0.61103	0.593316	0.58243	0.573315	0.525115	0.556918	0.584928	0.594004	0.616529	0.555176	0.510401	0.61959	0.541307	0.538158	0.594353	0.528052	0.576782	0.554314	0.570426	0.599119	0.557719	0.583036	0.604394	0.592984	0.582184	0.533553	0.581479	0.559624	0.528334
cg00214611	0.947508	0.949478	0.943758	0.952016	0.936735	0.971448	0.969476	0.942747	0.933979	0.924722	0.951981	0.92517	0.992681	0.965387	0.917341	0.936022	0.95573	0.949911	0.950523	0.928517	0.942362	0.937778	0.921138	0.968689	0.956646	0.944023	0.874523	0.9693	0.954377	0.963993	0.934416	0.934325	0.952852	0.898649	0.920074	0.962557	0.944901	0.958702	0.915229	0.940161	0.947722	0.959865	0.933462	0.933236	0.953951	0.961309	0.900987	0.951875	0.963472	0.954113
cg00455876	0.448779	0.403387	0.290881	0.243418	0.284014	0.203969	0.162691	0.38823	0.342973	0.144216	0.248671	0.072025	0.110625	0.716296	0.209064	0.291628	0.386285	0.393669	0.266319	0.259725	0.118184	0.3603	0.386945	0.398552	0.429784	0.257544	0.453592	0.465804	0.676034	0.150826	0.286954	0.183125	0.524541	0.213946	0.19519	0.392244	0.612663	0.195413	0.427522	0.500553	0.199352	0.202982	0.642491	0.313423	0.162977	0.195527	0.185989	0.336876	0.441526	0.436171
cg01707559	0.425844	0.339613	0.298251	0.205961	0.226833	0.143982	0.122422	0.390681	0.23701	0.136221	0.239227	0.057277	0.113232	0.690519	0.158074	0.254416	0.255678	0.401748	0.202269	0.271381	0.096593	0.329772	0.252305	0.260636	0.221565	0.285229	0.353932	0.423343	0.598782	0.099457	0.258972	0.14795	0.368199	0.169965	0.104508	0.312187	0.665328	0.16338	0.414435	0.339684	0.196794	0.153188	0.627996	0.215537	0.194347	0.207129	0.166349	0.129056	0.274903	0.39447
cg02004872	0.365959	0.340136	0.300115	0.159499	0.13866	0.180767	0.149607	0.2963	0.217081	0.095291	0.175096	0.135178	0.100451	0.533179	0.129104	0.237834	0.217059	0.338995	0.186213	0.230165	0.108829	0.266243	0.250217	0.258495	0.179515	0.286109	0.24892	0.364758	0.504028	0.090177	0.219351	0.103903	0.28194	0.121652	0.11645	0.304404	0.495509	0.127071	0.313863	0.256312	0.161424	0.136486	0.484057	0.255761	0.187246	0.147591	0.177066	0.178139	0.238541	0.292596
cg02011394	0.318167	0.364376	0.225911	0.100986	0.153674	0.143725	0.082144	0.399198	0.235264	0.065248	0.170422	0.018357	0.039226	0.69186	0.060046	0.246605	0.180475	0.359645	0.146484	0.220628	0.046649	0.253878	0.199692	0.262878	0.134486	0.234362	0.340301	0.382278	0.625684	0.032879	0.209761	0.065024	0.320749	0.073733	0.069906	0.266122	0.613014	0.098032	0.331641	0.312507	0.065721	0.085952	0.612487	0.252729	0.102896	0.063693	0.099374	0.081242	0.265302	0.357823
cg02050847	0.965698	0.938243	0.973043	0.961137	0.953022	0.981508	0.977473	0.968069	0.950085	0.953804	0.976795	0.981904	0.955379	0.983446	0.966131	0.972772	0.976562	0.951743	0.961956	0.945399	0.950745	0.968096	0.978182	0.988649	0.944768	0.970465	0.957843	0.967241	0.986844	0.966404	0.930986	0.971792	0.973273	0.964374	0.96872	0.984176	0.970212	0.956314	0.946335	0.951947	0.9616	0.962618	0.972913	0.977442	0.973083	0.976596	0.970831	0.971538	0.962109	0.933442
cg02233190	0.412004	0.482514	0.307494	0.137399	0.314741	0.317074	0.190407	0.362645	0.338583	0.135223	0.307583	0.070349	0.103902	0.537603	0.112186	0.316442	0.301114	0.402347	0.223298	0.362428	0.090109	0.315412	0.302225	0.378372	0.306761	0.316439	0.359744	0.411506	0.537905	0.136891	0.326411	0.160151	0.404748	0.143409	0.152171	0.372812	0.540538	0.159098	0.379317	0.359077	0.154511	0.163236	0.530801	0.367772	0.201556	0.139006	0.211557	0.216005	0.380966	0.413345
cg02494853	0.14958	0.071905	0.072246	0.097785	0.080442	0.071438	0.110442	0.061968	0.035076	0.020231	0.06119	0.023605	0.09999	0.035966	0.041649	0.114783	0.063223	0.059242	0.095928	0.115123	0.056197	0.094515	0.13955	0.065918	0.068213	0.069567	0.100824	0.088263	0.056369	0.018778	0.056338	0.083708	0.046251	0.072401	0.13284	0.050232	0.064016	0.104211	0.081421	0.052897	0.023698	0.050503	0.06009	0.02887	0.085584	0.120935	0.101771	0.104823	0.05958	0.070219
cg02839557	0.407435	0.48006	0.308407	0.097621	0.159317	0.279978	0.067537	0.348364	0.219654	0.091103	0.227175	0.048893	0.072019	0.583753	0.075087	0.332328	0.172141	0.368867	0.197775	0.379259	0.122751	0.296824	0.152706	0.260376	0.145775	0.373535	0.262882	0.376662	0.583652	0.102883	0.254254	0.100948	0.296839	0.110072	0.077611	0.330533	0.633055	0.081819	0.356635	0.248514	0.140521	0.13749	0.587338	0.281924	0.218772	0.061879	0.164677	0.073538	0.252598	0.406505
cg02842889	0.359136	0.40169	0.330875	0.120553	0.203326	0.198959	0.104007	0.339695	0.217889	0.132319	0.26747	0.050374	0.109514	0.513653	0.062456	0.283066	0.176683	0.368695	0.201544	0.327207	0.075574	0.316767	0.182165	0.261493	0.136543	0.369216	0.274179	0.361625	0.486598	0.078591	0.249849	0.122006	0.26427	0.107749	0.092578	0.267141	0.542543	0.106837	0.358327	0.226749	0.100144	0.131798	0.501416	0.241317	0.208667	0.089963	0.142882	0.082894	0.247544	0.361736
cg03052502	0.680664	0.754499	0.730244	0.757312	0.764779	0.813532	0.673491	0.755327	0.717471	0.703956	0.674668	0.733918	0.747948	0.718707	0.823341	0.711079	0.689846	0.679173	0.606978	0.720796	0.70099	0.749885	0.78379	0.808036	0.75503	0.764907	0.689785	0.773189	0.664415	0.721621	0.784612	0.749936	0.726526	0.766612	0.746295	0.781341	0.801737	0.74235	0.719048	0.760854	0.681972	0.786044	0.811878	0.697796	0.746954	0.753687	0.658247	0.747131	0.688775	0.854926
cg03155755	0.983048	0.985608	0.987426	0.986969	0.985862	0.983215	0.989293	0.988457	0.994958	0.995187	0.990175	0.989253	0.991813	0.989334	0.985654	0.991729	0.985779	0.98424	0.984053	0.989221	0.993106	0.986236	0.987246	0.993916	0.972514	0.994601	0.980123	0.983016	0.980165	0.99167	0.994189	0.993375	0.986016	0.989098	0.99178	0.995578	0.992142	0.99415	0.99411	0.993106	0.993866	0.976465	0.986145	0.992232	0.995462	0.992538	0.987812	0.992056	0.995037	0.995211
cg03244189	0.04393	0.022932	0.025584	0.020632	0.018977	0.015196	0.029271	0.019718	0.021167	0.032776	0.010467	0.021068	0.00896	0.021271	0.025465	0.028651	0.020138	0.022555	0.017208	0.031407	0.01549	0.031118	0.023733	0.007865	0.021883	0.016156	0.020943	0.017619	0.024903	0.015079	0.022174	0.020692	0.025571	0.017122	0.017441	0.022008	0.00601	0.014765	0.021132	0.028241	0.018723	0.019792	0.017471	0.020936	0.009274	0.023717	0.026414	0.017303	0.008436	0.013701
cg03443143	0.928473	0.963047	0.937029	0.952621	0.959267	0.960361	0.950241	0.951575	0.927598	0.948076	0.953371	0.963572	0.958699	0.96363	0.883024	0.959524	0.943619	0.944332	0.965661	0.936827	0.952176	0.954519	0.911489	0.969949	0.939712	0.945836	0.928041	0.93836	0.939238	0.954623	0.871934	0.948642	0.940582	0.968492	0.914056	0.947262	0.942793	0.949875	0.946105	0.945803	0.958198	0.941931	0.937847	0.95396	0.899688	0.881028	0.945399	0.962418	0.945236	0.951222
cg03683899	0.054608	0.062384	0.040144	0.087902	0.062621	0.010355	0	0.039983	0.038154	0.038071	0.075208	0.03981	0.040873	0.048874	0.064239	0.059033	0.029005	0.054869	0.048987	0.105954	0.100826	0.048477	0.065253	0.060554	0.074618	0.129192	0.074016	0.032686	0.037988	0.037215	0.046691	0.037568	0.049512	0.025572	0.04741	0.103593	0.079527	0.078025	0.046774	0.031698	0.045363	0.057812	0.064238	0.067596	0.075308	0.053379	0.053366	0.06215	0.051308	0.037056
cg03695421	0.429864	0.423108	0.377021	0.393807	0.187988	0.231656	0.30209	0.361863	0.096521	0.383697	0.188695	0.338731	0.283516	0.120378	0.171578	0.252973	0.313913	0.352049	0.398657	0.290919	0.42324	0.228677	0.337293	0.389354	0.362624	0.448314	0.388511	0.360425	0.166654	0.245639	0.326759	0.39621	0.33537	0.428488	0.326287	0.431848	0.396395	0.388396	0.383115	0.303051	0.129004	0.351351	0.469866	0.407355	0.328616	0.266949	0.352147	0.361726	0.368321	0.454979
cg03706273	0.893972	0.663403	0.908087	0.917492	0.934053	0.904434	0.95169	0.934622	0.947403	0.917668	0.95191	0.902911	0.935693	0.902555	0.881326	0.86716	0.916834	0.917225	0.842332	0.919694	0.882788	0.950722	0.892411	0.921607	0.925238	0.922726	0.90344	0.939386	0.924756	0.724365	0.937977	0.912352	0.921748	0.898576	0.94067	0.946034	0.917511	0.944171	0.943163	0.930665	0.599164	0.92979	0.955802	0.921733	0.906832	0.93392	0.881046	0.918164	0.898516	0.959648
cg03750315	0.033339	0.018783	0.01365	0	0	0.019294	0.030937	0.011862	0.005258	0	0.008071	0.01135	0.003861	0.014122	0.032227	0.005908	0.014413	0.009988	0.008468	0.003981	0.010249	0.001045	0.01566	0	0.005168	0.014897	0.008117	0.000161	0.004073	0.009135	0	0.019774	0.003714	0.021667	0.024919	0	0.013822	0	0.007063	0.004656	0.000741	0.005457	0.009204	0.015112	0	0.010802	0.006636	0.005282	0.014278	0
cg03767353	0.013044	0.007035	0.006355	0.008447	0.004511	0.030001	0.010704	0.007151	0.007178	0.011411	0.009858	0.008157	0.010417	0.007832	0.007665	0.007616	0.01545	0.007749	0.010644	0.017921	0.009886	0.010563	0.009322	0.011533	0.011384	0.004011	0.004777	0.012849	0.01744	0.012061	0.003603	0.011991	0.012004	0.020912	0.005875	0.007275	0.006049	0.014972	0.010118	0.00983	0.005314	0.007189	0.014757	0.013868	0.045687	0.009087	0.012101	0.007535	0.000192	0.024014
cg04016144	0.019122	0.030473	0.019519	0.025583	0.033222	0.006723	0.033299	0.03308	0.028637	0.022098	0.02304	0.042172	0.015714	0.014187	0.019869	0.031702	0.031226	0.034167	0.031273	0.012187	0.029763	0.025209	0.028062	0.016696	0.030028	0.027913	0.022198	0.03165	0.02827	0.019349	0.035168	0.028453	0.027595	0.026203	0.028794	0.011858	0.023447	0.022246	0.030781	0.031021	0.026057	0.048918	0.017806	0.025094	0.020582	0.024807	0.031998	0.025212	0.020852	0.030635
cg04023335	0.530999	0.521604	0.38976	0.255643	0.314258	0.405627	0.197521	0.519259	0.406144	0.19286	0.357472	0.087934	0.159579	0.729823	0.215372	0.378402	0.315877	0.497792	0.236901	0.379047	0.133287	0.386442	0.406941	0.458584	0.346995	0.368161	0.466145	0.493923	0.696942	0.153072	0.403394	0.195321	0.487406	0.234318	0.203399	0.499238	0.683806	0.21033	0.525195	0.552579	0.199889	0.253119	0.679876	0.413916	0.245312	0.266389	0.233901	0.228936	0.467378	0.495889
cg04042030	0.641803	0.752035	0.645737	0.770695	0.572324	0.857004	0.791671	0.773273	0.746659	0.494426	0.585228	0.798266	0.657852	0.742708	0.675189	0.529797	0.305633	0.610515	0.627318	0.593403	0.795673	0.776007	0.632617	0.73476	0.66203	0.501342	0.646295	0.609745	0.822241	0.511408	0.802173	0.756	0.479122	0.619563	0.668434	0.431212	0.62931	0.572024	0.761035	0.56807	0.555883	0.661903	0.703397	0.511646	0.61388	0.484131	0.548257	0.60214	0.742349	0.729556
cg04303809	0.645212	0.548319	0.701132	0.637577	0.642053	0.80761	0.563544	0.612709	0.469733	0.422881	0.578222	0.558432	0.687586	0.591154	0.602013	0.601997	0.563453	0.568578	0.573359	0.595653	0.587896	0.581989	0.607173	0.616146	0.408882	0.557394	0.604029	0.595845	0.534491	0.438654	0.499331	0.571287	0.450414	0.588159	0.689983	0.641512	0.513493	0.562263	0.54145	0.481217	0.47722	0.518715	0.552389	0.492639	0.663354	0.710279	0.637909	0.656301	0.624429	0.638112
cg04448376	0.383898	0.411138	0.377995	0.246291	0.288258	0.405296	0.199801	0.371517	0.338723	0.211028	0.36875	0.151522	0.185042	0.457896	0.174502	0.361615	0.2546	0.391247	0.277261	0.416082	0.216592	0.372253	0.296195	0.312905	0.264658	0.383536	0.347072	0.375617	0.450321	0.171514	0.339436	0.183713	0.32905	0.211384	0.186756	0.342293	0.458019	0.201203	0.377394	0.31034	0.22275	0.205482	0.423004	0.321518	0.303708	0.184384	0.222416	0.220295	0.304559	0.35719
cg04462340	0.627648	0.658127	0.63737	0.687858	0.632561	0.708871	0.604802	0.668005	0.619583	0.647407	0.620116	0.64701	0.69003	0.739721	0.704924	0.692656	0.548154	0.620037	0.642873	0.652266	0.635261	0.60429	0.615742	0.657248	0.581377	0.708061	0.650029	0.618323	0.630975	0.640794	0.60753	0.613629	0.659345	0.61663	0.625715	0.639421	0.739824	0.654589	0.658767	0.586772	0.614243	0.621786	0.628784	0.633548	0.619096	0.597145	0.592585	0.578566	0.580728	0.601011
cg04689676	0.465913	0.371263	0.427838	0.514629	0.238214	0.435165	0.380031	0.303848	0.350839	0.28446	0.321481	0.350797	0.28952	0.32987	0.597205	0.326189	0.410004	0.47143	0.361276	0.291169	0.460686	0.289948	0.288821	0.27353	0.225253	0.245934	0.403015	0.294449	0.249674	0.306077	0.623374	0.333209	0.378213	0.262487	0.25472	0.270353	0.326236	0.51465	0.312579	0.315306	0.234657	0.50106	0.317675	0.339021	0.475682	0.227126	0.21903	0.293536	0.50879	0.454007
cg04792227	0.410906	0.726729	0.419736	0.728124	0.743902	0.803477	0.441433	0.746658	0.73102	0.761716	0.442031	0.820779	0.776747	0.440929	0.810783	0.738319	0.771006	0.739155	0.682859	0.720537	0.504397	0.693711	0.731691	0.736088	0.736435	0.76231	0.420268	0.753932	0.766839	0.781369	0.711361	0.744121	0.779127	0.759631	0.723173	0.735685	0.681097	0.697576	0.427299	0.747673	0.735219	0.765129	0.709759	0.450931	0.746979	0.722158	0.769968	0.745877	0.678031	0.450911
cg04840163	0.50281	0.437142	0.417873	0.253728	0.305478	0.375142	0.182759	0.473362	0.36194	0.190002	0.367504	0.116791	0.190169	0.599096	0.172716	0.357391	0.279743	0.462296	0.239913	0.392613	0.166322	0.402006	0.290423	0.386162	0.277308	0.350064	0.375661	0.420997	0.574252	0.166852	0.337332	0.187393	0.381762	0.177923	0.179559	0.420726	0.591026	0.186711	0.437731	0.343902	0.216154	0.172413	0.558941	0.345239	0.26805	0.18505	0.236163	0.196501	0.409207	0.414777
cg04964672	0.150105	0.091475	0.105435	0.121288	0.149256	0.125919	0.11183	0.102093	0.07848	0.074753	0.073265	0.059887	0.110741	0.060962	0.079531	0.107758	0.059407	0.098669	0.10398	0.129282	0.078979	0.119631	0.112559	0.095934	0.071464	0.07295	0.143678	0.107189	0.064139	0.049185	0.085963	0.08823	0.07853	0.114308	0.128568	0.093932	0.125642	0.102605	0.112053	0.092844	0.076569	0.08502	0.072012	0.083071	0.102718	0.120798	0.112714	0.153884	0.097913	0.116166
cg05213048	0.316236	0.119423	0.344466	0.213414	0.214414	0.075847	0.091216	0.535362	0.099402	0.058416	0.13136	0.07183	0.128752	0.30179	0.210052	0.132627	0.13686	0.437983	0.087187	0.058828	0.050307	0.327847	0.281687	0.296775	0.19388	0.087309	0.23246	0.220123	0.292469	0.038048	0.1397	0.136109	0.368506	0.160233	0.177542	0.221809	0.414849	0.092708	0.278306	0.339233	0.179375	0.119253	0.336434	0.063493	0.073887	0.232609	0.151971	0.227782	0.317964	0.250505
cg05230942	0.562885	0.437887	0.326172	0.260928	0.26847	0.251925	0.140005	0.4974	0.329029	0.137589	0.241028	0.060023	0.100852	0.837972	0.202366	0.284341	0.357668	0.460268	0.199513	0.239448	0.113511	0.351466	0.387493	0.472708	0.357114	0.268003	0.494698	0.527824	0.726134	0.10918	0.326027	0.14993	0.50459	0.186944	0.158482	0.505869	0.753005	0.17132	0.512183	0.579007	0.12216	0.207985	0.716094	0.348143	0.156135	0.237913	0.186472	0.23837	0.472991	0.502056
cg05480730	0.43316	0.452048	0.390683	0.461653	0.379046	0.462982	0.354801	0.396417	0.342827	0.41945	0.362235	0.327345	0.299052	0.316398	0.394568	0.409775	0.324106	0.303742	0.469914	0.353566	0.323879	0.38092	0.400255	0.328954	0.350368	0.37277	0.380631	0.40793	0.351543	0.337307	0.379019	0.345918	0.309569	0.419636	0.371181	0.382664	0.399102	0.339497	0.392501	0.294956	0.419794	0.40193	0.44509	0.420466	0.349282	0.400269	0.404724	0.375599	0.284621	0.399988
cg05544622	0.89828	0.836019	0.922713	0.862134	0.873777	0.850521	0.851762	0.908724	0.899228	0.893889	0.576556	0.876161	0.427262	0.918493	0.845481	0.864651	0.879713	0.876258	0.843845	0.875891	0.875514	0.859233	0.850804	0.902923	0.856867	0.89186	0.863286	0.86529	0.89496	0.863045	0.878929	0.540061	0.883812	0.875788	0.893085	0.900646	0.89073	0.883068	0.867681	0.838177	0.896074	0.891674	0.86549	0.495421	0.916046	0.830268	0.855888	0.490628	0.938237	0.870732
cg05621349	0.835817	0.842877	0.870187	0.851796	0.880152	0.893325	0.859081	0.847941	0.861301	0.850073	0.857002	0.889061	0.877471	0.871898	0.868308	0.879845	0.816946	0.856222	0.864846	0.853492	0.87879	0.807151	0.831786	0.893327	0.857757	0.873203	0.833084	0.862104	0.869027	0.88826	0.849664	0.85291	0.856377	0.842639	0.855531	0.872444	0.854964	0.836012	0.829326	0.851953	0.852627	0.864938	0.808349	0.837781	0.888245	0.862164	0.793955	0.826951	0.873696	0.833804
cg05865243	0.388783	0.358198	0.290811	0.360237	0.414241	0.408221	0.316037	0.3367	0.324675	0.358813	0.359605	0.209384	0.423793	0.327059	0.465028	0.36767	0.343205	0.342574	0.372552	0.279301	0.321491	0.444091	0.398588	0.381915	0.33283	0.375375	0.385608	0.376216	0.291328	0.376074	0.356522	0.418242	0.297917	0.412442	0.342229	0.405514	0.421966	0.327564	0.426447	0.460125	0.350099	0.357724	0.431748	0.424429	0.323702	0.346118	0.419309	0.500626	0.34942	0.453267
cg05890011	0.286026	0.415865	0.398684	0.305366	0.297373	0.265947	0.379011	0.364139	0.288892	0.250771	0.397067	0.275189	0.156012	0.312657	0.325441	0.270722	0.31363	0.251265	0.216914	0.243896	0.256674	0.306096	0.349074	0.432566	0.305816	0.2676	0.204935	0.249783	0.198535	0.208386	0.279359	0.303073	0.350085	0.33154	0.233657	0.264149	0.344226	0.387434	0.29771	0.221758	0.352663	0.309717	0.341061	0.305391	0.209594	0.312742	0.277185	0.30903	0.409623	0.399893
cg06322277	0.525627	0.536826	0.503685	0.549325	0.520743	0.477378	0.507815	0.551251	0.431369	0.423414	0.496234	0.539197	0.509336	0.45324	0.503252	0.456399	0.317245	0.484129	0.487893	0.476558	0.514517	0.430959	0.373285	0.450074	0.33548	0.49872	0.510594	0.478528	0.447711	0.453015	0.478322	0.482347	0.483529	0.478242	0.409484	0.423148	0.449826	0.39086	0.490868	0.578211	0.410042	0.425805	0.493346	0.573774	0.419276	0.467132	0.458672	0.362393	0.546956	0.550114
cg06479204	0.675003	0.615972	0.40969	0.398693	0.357701	0.720856	0.078453	0.686801	0.728463	0.637858	0.694641	0.755929	0.690237	0.685465	0.394856	0.701585	0.69765	0.708837	0.413257	0.426361	0.425516	0.65198	0.043747	0.393278	0.313074	0.662312	0.589659	0.689039	0.666539	0.345724	0.448591	0.010715	0.760732	0.044948	0.652031	0.332585	0.389675	0.650176	0.588917	0.559829	0.39211	0.383547	0.320471	0.418692	0.709289	0.560583	0.401046	0.370444	0.35959	0.378509
cg07731488	0.552217	0.52191	0.489967	0.513711	0.508997	0.602892	0.546415	0.537556	0.543054	0.534944	0.546893	0.492874	0.467341	0.45487	0.494182	0.514289	0.476424	0.447112	0.480696	0.539193	0.45119	0.437603	0.458304	0.439	0.315966	0.499511	0.456811	0.461491	0.417207	0.479345	0.497646	0.435575	0.422649	0.425343	0.486149	0.447985	0.469869	0.546498	0.469004	0.363194	0.401021	0.584909	0.459683	0.455679	0.465715	0.473883	0.42836	0.393091	0.480424	0.459275
cg07747963	0.739747	0.765266	0.814913	0.791786	0.749376	0.789424	0.775675	0.795075	0.82217	0.788912	0.818951	0.859147	0.829949	0.791355	0.779959	0.776686	0.790101	0.820765	0.783506	0.730514	0.816027	0.769119	0.740804	0.774763	0.755459	0.783029	0.73265	0.787668	0.788462	0.790052	0.763463	0.765558	0.82098	0.738006	0.74744	0.76123	0.75611	0.818096	0.764361	0.761428	0.774974	0.780074	0.792116	0.771727	0.803512	0.74321	0.745691	0.714531	0.79239	0.711479
cg07939587	0.111479	0.113511	0.10717	0.106435	0.108199	0.104429	0.143632	0.126675	0.08845	0.093007	0.108061	0.098291	0.076319	0.076972	0.112419	0.096595	0.083255	0.10531	0.106099	0.137862	0.142686	0.075181	0.09634	0.102617	0.139185	0.076101	0.087142	0.109262	0.090755	0.071969	0.097443	0.098493	0.111335	0.094848	0.127098	0.119866	0.103772	0.103313	0.090747	0.082003	0.091118	0.092693	0.092344	0.105425	0.137141	0.121003	0.114111	0.10303	0.100985	0.079994
cg08242338	0.801604	0.834891	0.834934	0.866703	0.813897	0.892235	0.817899	0.82391	0.782531	0.811641	0.862866	0.835523	0.836061	0.775882	0.846905	0.777769	0.631038	0.894037	0.815082	0.776556	0.761608	0.807546	0.846349	0.845376	0.866466	0.816942	0.825572	0.840049	0.766374	0.874303	0.722044	0.843189	0.822049	0.829306	0.785742	0.851368	0.75507	0.86266	0.811052	0.807223	0.822794	0.843219	0.838394	0.727937	0.785461	0.877455	0.687215	0.800822	0.893513	0.830814
cg08265308	0.246613	0.255974	0.221221	0.241938	0.213084	0.196521	0.239545	0.165264	0.250825	0.176453	0.176396	0.173368	0.208944	0.219689	0.25195	0.220918	0.144697	0.212107	0.251292	0.182932	0.201647	0.235637	0.173156	0.14871	0.194938	0.178011	0.209956	0.219614	0.251933	0.179234	0.227078	0.277817	0.206083	0.195973	0.16576	0.170925	0.223448	0.21696	0.213124	0.195024	0.181646	0.199773	0.259964	0.211049	0.241125	0.208191	0.198602	0.235186	0.215964	0.246535
cg08921682	0.72673	0.745374	0.761757	0.759315	0.770646	0.829319	0.749192	0.716825	0.780677	0.760931	0.820244	0.771723	0.761383	0.721226	0.799515	0.760946	0.779085	0.740669	0.752517	0.741651	0.74755	0.731106	0.669223	0.712488	0.702145	0.61157	0.705362	0.705645	0.731169	0.750591	0.77084	0.683844	0.706677	0.704139	0.682354	0.699459	0.653327	0.695535	0.724688	0.724473	0.684475	0.75735	0.671252	0.825607	0.6929	0.602597	0.741244	0.677829	0.685965	0.782816
cg09350919	0.432602	0.45376	0.255737	0.505459	0.586404	0.440998	0.427631	0.534304	0.327008	0.468348	0.377319	0.203408	0.491163	0.231484	0.381279	0.328971	0.456559	0.322862	0.385543	0.517747	0.390095	0.314495	0.471871	0.484214	0.247782	0.265065	0.561899	0.359783	0.286736	0.32065	0.409299	0.40532	0.224673	0.444044	0.36753	0.4451	0.52574	0.378081	0.47617	0.468368	0.531863	0.381326	0.404243	0.40704	0.300878	0.274326	0.426041	0.43184	0.449501	0.428542
cg09460641	0.034712	0.061687	0.047605	0.056843	0.0412	0.031645	0.048321	0.057482	0.041071	0.043944	0.036842	0.04802	0.052466	0.027152	0.023727	0.046074	0.035502	0.04647	0.04144	0.045464	0.043585	0.038879	0.037499	0.032741	0.043414	0.037976	0.245088	0.035193	0.033267	0.04557	0.032614	0.035114	0.03987	0.039644	0.036989	0.035983	0.035234	0.050716	0.048609	0.043315	0.03456	0.048896	0.031212	0.03673	0.040504	0.036098	0.065864	0.043728	0.039091	0.035552
cg09856092	0.236203	0.202944	0.103084	0.197853	0.23286	0.3756	0.251832	0.203254	0.219091	0.162051	0.270977	0.201941	0.104931	0.096572	0.191838	0.139164	0.101124	0.206929	0.317833	0.118258	0.114708	0.205558	0.223465	0.086539	0.096782	0.258806	0.198172	0.224653	0.333677	0.11388	0.216985	0.084802	0.15455	0.149966	0.178619	0.319177	0.172299	0.246205	0.124597	0.140238	0.177719	0.199077	0.261674	0.271465	0.272563	0.158708	0.311889	0.14925	0.23774	0.183367
cg10076560	0.9268	0.883597	0.950536	0.895339	0.916702	0.921174	0.920456	0.931347	0.894974	0.915478	0.879704	0.925797	0.867529	0.916707	0.876981	0.945241	0.915187	0.612789	0.901582	0.803824	0.886784	0.9004	0.629073	0.924122	0.966866	0.893525	0.912434	0.641222	0.892063	0.847779	0.922796	0.937622	0.583276	0.926759	0.943967	0.929586	0.937576	0.901401	0.904843	0.952532	0.929009	0.950355	0.946705	0.90756	0.944128	0.582426	0.884016	0.908275	0.916634	0.934203
cg10213302	0.593415	0.5485	0.472269	0.509815	0.615933	0.640312	0.637453	0.526434	0.467535	0.385699	0.509908	0.5821	0.519957	0.447237	0.445389	0.477664	0.473216	0.483989	0.567279	0.603955	0.537808	0.498704	0.296251	0.448002	0.256606	0.38185	0.542149	0.475528	0.454134	0.424997	0.496119	0.533996	0.383008	0.516567	0.523858	0.551848	0.522288	0.659542	0.437199	0.478138	0.494822	0.724932	0.538896	0.478151	0.586533	0.48338	0.470123	0.513456	0.578825	0.564103
cg10252249	0.483376	0.509997	0.4439	0.485515	0.432811	0.485244	0.406918	0.456261	0.46226	0.39097	0.396525	0.499239	0.480292	0.516424	0.474237	0.391875	0.415664	0.398462	0.426837	0.458067	0.421244	0.49134	0.463663	0.412526	0.450742	0.30042	0.4239	0.482908	0.429622	0.471339	0.475674	0.459061	0.441693	0.447089	0.46451	0.48178	0.405082	0.450219	0.44864	0.471805	0.423844	0.410614	0.423189	0.436818	0.386196	0.510207	0.478066	0.451291	0.445226	0.461338
cg10267609	0.406402	0.528434	0.796584	0.568379	0.554574	0.442623	0.433057	0.533776	0.549862	0.527855	0.56066	0.558759	0.55682	0.811984	0.560998	0.436759	0.531799	0.401896	0.401426	0.40887	0.436545	0.55734	0.443393	0.428204	0.524048	0.56071	0.505235	0.54183	0.425833	0.407388	0.444732	0.536811	0.542074	0.781655	0.570195	0.545214	0.416565	0.42879	0.799215	0.813758	0.550317	0.439758	0.552965	0.525657	0.549055	0.408269	0.399363	0.36499	0.473533	0.397811
cg10363397	0.639147	0.684841	0.731426	0.718913	0.638015	0.683772	0.664395	0.663686	0.692651	0.633578	0.627028	0.61095	0.713944	0.659932	0.605421	0.634973	0.610658	0.660871	0.653888	0.654956	0.623549	0.757939	0.664652	0.578432	0.574348	0.700267	0.667326	0.690914	0.582309	0.70556	0.716515	0.67654	0.66435	0.689566	0.682981	0.630866	0.653798	0.575704	0.62994	0.598369	0.694073	0.65466	0.686612	0.64	0.673415	0.59522	0.6084	0.703543	0.641876	0.681689
cg10698069	0.840835	0.869273	0.821152	0.858084	0.825917	0.830548	0.808959	0.807772	0.784413	0.772428	0.885573	0.821611	0.874079	0.795719	0.819521	0.809024	0.710468	0.807394	0.805406	0.770341	0.811306	0.828684	0.785793	0.878605	0.708578	0.797048	0.805148	0.765153	0.790085	0.805588	0.787662	0.742038	0.722869	0.813766	0.765795	0.81406	0.812775	0.745408	0.82698	0.782478	0.747601	0.741692	0.827123	0.789432	0.78525	0.808016	0.799324	0.787597	0.831906	0.944293
cg10841270	0.423444	0.410361	0.370512	0.398485	0.241036	0.289847	0.325134	0.373096	0.150045	0.360644	0.251181	0.383135	0.282961	0.164248	0.195661	0.27911	0.29061	0.349649	0.371518	0.297181	0.392782	0.230156	0.298111	0.379919	0.265365	0.407113	0.328219	0.32767	0.16594	0.201993	0.314552	0.393078	0.344545	0.38508	0.3104	0.399828	0.359075	0.36969	0.345191	0.298563	0.178444	0.350077	0.425391	0.376273	0.335088	0.269841	0.342053	0.31549	0.37416	0.414215
cg11131351	0.870922	0.866517	0.877508	0.907205	0.88658	0.863677	0.90118	0.898784	0.898319	0.931667	0.873227	0.927603	0.880669	0.828236	0.918395	0.899445	0.867324	0.916719	0.84467	0.947629	0.889157	0.884606	0.932541	0.944957	0.471703	0.888253	0.917773	0.852057	0.895492	0.881674	0.92195	0.933141	0.950704	0.893705	0.914822	0.911428	0.872611	0.910344	0.881199	0.858368	0.85777	0.886126	0.950568	0.868831	0.953298	0.866384	0.868861	0.884372	0.595874	0.921128
cg13268984	0.856368	0.883205	0.874751	0.844685	0.839351	0.881844	0.855754	0.823948	0.855227	0.862046	0.854373	0.878804	0.835275	0.906852	0.827078	0.791836	0.827741	0.853578	0.835603	0.850835	0.830281	0.844059	0.856041	0.866044	0.816931	0.835773	0.896074	0.787869	0.759883	0.844069	0.853178	0.839499	0.85032	0.847447	0.878825	0.844009	0.823902	0.847397	0.801819	0.878771	0.85173	0.810034	0.834671	0.822512	0.853712	0.847846	0.812749	0.815341	0.851386	0.841958
cg13851368	0.616635	0.480412	0.542718	0.540818	0.668993	0.560753	0.591443	0.614064	0.600035	0.455077	0.496333	0.596902	0.557004	0.482355	0.583288	0.535729	0.607798	0.561907	0.548755	0.450352	0.577482	0.525644	0.443499	0.493541	0.452099	0.470379	0.546831	0.60464	0.556384	0.554317	0.517049	0.427529	0.456008	0.553561	0.38024	0.416786	0.608037	0.544856	0.603014	0.549438	0.559262	0.387907	0.565747	0.572348	0.519118	0.562588	0.500412	0.55423	0.63705	0.542137
cg14180491	0.457404	0.403625	0.37624	0.42309	0.497741	0.403871	0.420352	0.415015	0.35218	0.37549	0.335225	0.362096	0.310442	0.330816	0.428928	0.383652	0.298594	0.28612	0.422807	0.450184	0.308049	0.455552	0.468738	0.416003	0.311391	0.335995	0.481158	0.354013	0.288047	0.35596	0.361576	0.410896	0.274651	0.433718	0.353158	0.401395	0.440827	0.373451	0.504158	0.454361	0.266141	0.313966	0.432128	0.312515	0.32018	0.410795	0.341963	0.49589	0.385154	0.474277
cg14210405	0.792036	0.746593	0.790362	0.735374	0.734451	0.838001	0.749	0.768422	0.773229	0.753933	0.809481	0.811548	0.784809	0.744863	0.754738	0.825027	0.754424	0.774802	0.784946	0.750302	0.787769	0.781928	0.736717	0.750924	0.739233	0.731491	0.742531	0.761318	0.732671	0.775074	0.767291	0.697107	0.746409	0.726158	0.777657	0.724807	0.671843	0.726296	0.764635	0.70114	0.739251	0.737178	0.662816	0.745813	0.777155	0.710967	0.776309	0.801345	0.691765	0.725343
cg14466580	0.618672	0.491621	0.503639	0.600606	0.545181	0.672392	0.511561	0.559495	0.599395	0.611209	0.453128	0.576922	0.4954	0.494287	0.603747	0.54378	0.544663	0.536784	0.518428	0.612017	0.468022	0.598354	0.57289	0.528545	0.512231	0.416576	0.605005	0.513096	0.369836	0.579528	0.565391	0.443711	0.408462	0.531963	0.537726	0.586291	0.549041	0.575799	0.538957	0.603605	0.513342	0.552073	0.555825	0.50065	0.574913	0.431641	0.458167	0.612005	0.451768	0.578735
cg14741114	0.129038	0.109596	0.081165	0.151792	0.13184	0.10495	0.134949	0.071859	0.073774	0.081401	0.073503	0.051606	0.058225	0.04855	0.093255	0.093872	0.072432	0.068894	0.088431	0.122474	0.125637	0.078454	0.096764	0.067341	0.100921	0.072383	0.124725	0.07563	0.091957	0.071179	0.073983	0.057842	0.051844	0.083313	0.065885	0.060512	0.091205	0.083412	0.120053	0.111871	0.076547	0.059116	0.065988	0.078149	0.107612	0.08487	0.083169	0.078102	0.070784	0.111748
cg15027426	0.63445	0.643957	0.657791	0.651144	0.661429	0.652409	0.625023	0.61371	0.628982	0.615299	0.657324	0.658512	0.634094	0.613381	0.647759	0.64235	0.568814	0.628406	0.608264	0.602961	0.638522	0.612095	0.628314	0.634937	0.648025	0.495045	0.612358	0.64191	0.659163	0.599464	0.634956	0.560485	0.644294	0.630548	0.662311	0.665629	0.596083	0.649877	0.637755	0.564827	0.606462	0.67403	0.629785	0.62418	0.595801	0.579679	0.539583	0.599413	0.601108	0.591088
cg15295597	0.62244	0.594068	0.585737	0.586509	0.564989	0.70885	0.635429	0.567367	0.571502	0.54411	0.603581	0.559107	0.609161	0.569354	0.648049	0.586271	0.50073	0.581332	0.628269	0.552165	0.61829	0.584072	0.555019	0.530014	0.569515	0.618096	0.559156	0.564026	0.525726	0.598726	0.559496	0.545629	0.525887	0.526437	0.560707	0.507806	0.552092	0.552655	0.515179	0.567091	0.516992	0.435007	0.515322	0.568581	0.582067	0.57115	0.586087	0.515656	0.528395	0.49203
cg15329860	0.925725	0.932417	0.900565	0.945022	0.926193	0.957978	0.929621	0.91738	0.936591	0.911667	0.610306	0.924943	0.492514	0.944443	0.585816	0.920422	0.926653	0.938454	0.886276	0.905027	0.952818	0.916174	0.958936	0.563419	0.905746	0.918763	0.923794	0.91128	0.918568	0.931202	0.90548	0.56513	0.918086	0.922741	0.926024	0.917979	0.907793	0.941909	0.907574	0.892988	0.928352	0.536367	0.537446	0.919276	0.898205	0.906716	0.912129	0.921672	0.936944	0.935149
cg15345074	0.207169	0.252365	0.446579	0.276414	0.307784	0.206416	0.423503	0.258658	0.407325	0.494198	0.196673	0.169723	0.199891	0.261089	0.520385	0.298171	0.175878	0.202061	0.225647	0.314847	0.237011	0.409142	0.254182	0.285994	0.195791	0.232349	0.383806	0.245379	0.181942	0.229876	0.373488	0.336615	0.334969	0.259898	0.342614	0.364944	0.493028	0.293893	0.246527	0.23683	0.209722	0.407445	0.440635	0.229732	0.238895	0.319657	0.258036	0.439549	0.21675	0.319704
cg15422579	0.491057	0.368963	0.401932	0.347385	0.467555	0.359819	0.480342	0.407067	0.440041	0.322379	0.337899	0.396027	0.436566	0.377295	0.37021	0.361127	0.360918	0.414159	0.398878	0.420028	0.413905	0.448694	0.430716	0.359007	0.388776	0.332139	0.347146	0.360894	0.369699	0.344644	0.484384	0.404165	0.358162	0.366239	0.331812	0.352353	0.427503	0.403357	0.404433	0.450359	0.36656	0.475935	0.352312	0.338996	0.33337	0.356795	0.38515	0.35191	0.383167	0.477055
cg15429127	0.819155	0.870229	0.817249	0.819963	0.799507	0.871719	0.871561	0.840347	0.800912	0.874977	0.850009	0.90668	0.853477	0.9168	0.891019	0.824397	0.767907	0.84368	0.795279	0.890003	0.880819	0.883965	0.835743	0.828821	0.826967	0.873749	0.799543	0.873015	0.82166	0.853952	0.880155	0.916914	0.887206	0.868944	0.872703	0.792488	0.820086	0.807367	0.884148	0.886253	0.879712	0.873242	0.855524	0.815385	0.888715	0.863983	0.87416	0.886647	0.902295	0.866282
cg15563434	0.736409	0.814003	0.80879	0.762402	0.758107	0.802654	0.78274	0.786389	0.777089	0.774245	0.816519	0.855015	0.861207	0.864973	0.801647	0.788319	0.787013	0.792423	0.805799	0.692435	0.801564	0.728148	0.726484	0.75279	0.765909	0.778426	0.724807	0.787722	0.761157	0.773975	0.73696	0.783185	0.78926	0.796016	0.751817	0.784107	0.700202	0.729721	0.738867	0.747073	0.797441	0.760466	0.724242	0.761057	0.801005	0.713975	0.74036	0.692882	0.765179	0.723854
cg15682806	0.634404	0.673932	0.626718	0.558466	0.590393	0.827414	0.624793	0.650316	0.657525	0.613573	0.60645	0.730304	0.718339	0.543686	0.595003	0.534004	0.675882	0.675338	0.699677	0.565877	0.646454	0.595228	0.641786	0.554794	0.563503	0.536783	0.560612	0.630271	0.565168	0.616425	0.608582	0.533652	0.519615	0.513411	0.630265	0.550275	0.581824	0.428335	0.523685	0.349317	0.616367	0.53393	0.585901	0.595441	0.596742	0.720315	0.602392	0.520669	0.583056	0.660099
cg15682993	0.603769	0.704938	0.476974	0.581213	0.60837	0.622546	0.605905	0.551033	0.638734	0.668151	0.523661	0.674308	0.59697	0.584971	0.723132	0.537289	0.588304	0.652443	0.619849	0.584537	0.683999	0.597712	0.563856	0.648733	0.575765	0.532367	0.580506	0.706778	0.522774	0.516618	0.628546	0.618157	0.508494	0.548787	0.691463	0.521229	0.558851	0.537271	0.619726	0.675007	0.533384	0.659903	0.588385	0.531453	0.659424	0.65588	0.611347	0.651233	0.500685	0.700115
cg15746461	0.842545	0.832766	0.809565	0.835106	0.85111	0.859059	0.78489	0.816123	0.822043	0.841754	0.81249	0.83559	0.803021	0.842089	0.821643	0.850052	0.804744	0.786322	0.818985	0.789585	0.838387	0.835983	0.761665	0.821599	0.783731	0.795618	0.769944	0.825457	0.789375	0.795429	0.789663	0.756769	0.792419	0.780243	0.810646	0.80899	0.790499	0.796573	0.814414	0.767215	0.744371	0.790791	0.816076	0.792093	0.811107	0.787203	0.776878	0.83943	0.814392	0.792844
cg15810474	0.084374	0.06152	0.090131	0.114956	0.090894	0.067268	0.214486	0.022424	0.159931	0.145808	0.038993	0.130101	0.130878	0.099729	0.127759	0.126373	0.11779	0.002086	0.026444	0.036908	0.096404	0.048244	0.022115	0.104345	0.075577	0.207436	0.141747	0.079529	0.029394	0.140512	0.01928	0.028399	0.198355	0.112682	0.263203	0.056664	0.141325	0.17449	0.027282	0.016169	0.075458	0.041296	0.063067	0.0809	0.061418	0.006819	0.04109	0.039377	0.116302	0.007332
cg15935877	0.107513	0.281892	0.295535	0.188262	0.189342	0.187488	0.109531	0.18089	0.19583	0.123779	0.176288	0.156082	0.108007	0.250646	0.0952	0.127428	0.205248	0.124634	0.150792	0.117018	0.119035	0.131978	0.114888	0.201283	0.122878	0.202613	0.209428	0.147301	0.122287	0.242789	0.232665	0.225994	0.151976	0.129233	0.123108	0.071494	0.120765	0.125033	0.208312	0.208631	0.11087	0.089011	0.230475	0.168583	0.197069	0.115518	0.090331	0.141628	0.129127	0.14443
cg17834650	0.604081	0.547617	0.556556	0.594741	0.615677	0.610896	0.693453	0.612164	0.543858	0.583318	0.571703	0.538085	0.587107	0.529962	0.559675	0.566918	0.546633	0.557505	0.498215	0.548224	0.613592	0.578901	0.57299	0.562537	0.55163	0.55118	0.512647	0.550287	0.541359	0.610418	0.586989	0.593698	0.596511	0.648242	0.587245	0.60841	0.569629	0.505461	0.612383	0.580063	0.56781	0.558225	0.548055	0.599044	0.614419	0.611968	0.576949	0.575312	0.554627	0.607344
cg17837162	0.949678	0.936581	0.939033	0.933297	0.947504	0.955657	0.97252	0.93096	0.956036	0.915195	0.939302	0.956308	0.950522	0.928551	0.963362	0.923739	0.943358	0.936599	0.974518	0.917243	0.925127	0.895574	0.953731	0.95495	0.972541	0.946307	0.901843	0.952615	0.950794	0.960558	0.938625	0.956149	0.947297	0.970932	0.966656	0.916451	0.955811	0.936825	0.923973	0.954646	0.962966	0.946523	0.944756	0.9535	0.914626	0.935611	0.941825	0.965531	0.95104	0.972543
cg18032798	0.33008	0.642648	0.439812	0.414514	0.443897	0.338829	0.101116	0.625626	0.251659	0.212323	0.413297	0.253161	0.376644	0.340835	0.340792	0.281842	0.169302	0.303366	0.340084	0.166003	0.166386	0.719111	0.379701	0.204334	0.36457	0.17655	0.272764	0.442931	0.246171	0.415448	0.370681	0.590305	0.447486	0.162767	0.169576	0.178474	0.291982	0.236578	0.269969	0.62222	0.260012	0.408606	0.156891	0.379769	0.423038	0.343224	0.714513	0.632781	0.417333	0.346074
cg18077436	0.231997	0.64219	0.394612	0.38079	0.357948	0.161857	0.045827	0.634784	0.19638	0.234952	0.358024	0.236289	0.312636	0.254572	0.299817	0.217074	0.154546	0.326851	0.351837	0.198216	0.115958	0.72545	0.255088	0.133369	0.264201	0.164281	0.276879	0.345697	0.224997	0.412714	0.252478	0.507915	0.372751	0.120489	0.103315	0.135243	0.370291	0.122155	0.197287	0.524096	0.202079	0.415884	0.121131	0.270281	0.415765	0.2173	0.658026	0.699754	0.369742	0.34773
cg18188392	0.237472	0.477465	0.340021	0.361692	0.284534	0.189294	0.070759	0.515998	0.187563	0.199206	0.374841	0.185208	0.266939	0.232357	0.281971	0.209627	0.175415	0.219364	0.236672	0.093924	0.147381	0.583419	0.191908	0.116571	0.306776	0.127187	0.284406	0.268963	0.140211	0.369175	0.285346	0.354794	0.358792	0.103669	0.170125	0.135418	0.33555	0.119103	0.194433	0.444488	0.166386	0.318413	0.11634	0.200558	0.271255	0.14736	0.432538	0.43743	0.28768	0.351303
cg25032547	0.234829	0.579494	0.332003	0.322478	0.354909	0.144484	0.010297	0.598113	0.184995	0.159656	0.36994	0.134025	0.232	0.248926	0.299702	0.245731	0.096256	0.266952	0.221131	0.087006	0.066248	0.694028	0.186378	0.071268	0.311448	0.082801	0.224961	0.336242	0.073761	0.348793	0.219411	0.433453	0.335071	0.062897	0.078621	0.038046	0.291892	0.076756	0.202567	0.581443	0.213023	0.321614	0.050646	0.222395	0.308289	0.224811	0.687419	0.615098	0.33586	0.296306
cg25071634	0.990604	0.93982	0.952932	0.937288	0.960755	0.973191	0.985687	0.956532	0.959971	0.962975	0.960275	0.972303	0.953289	0.938691	0.963908	0.968505	0.951539	0.968346	0.986585	0.98788	0.94145	0.962547	0.947044	0.959077	0.973533	0.962323	0.925246	0.967411	0.965096	0.992405	0.965369	0.945094	0.952324	0.986269	0.98024	0.952329	0.962888	0.95292	0.960982	0.967997	0.966277	0.976085	0.942118	0.973843	0.95827	0.960895	0.981938	0.973232	0.9613	0.987615
cg25427172	0.35367	0.560204	0.419395	0.430349	0.371265	0.225023	0.022462	0.532919	0.201025	0.244771	0.50398	0.215207	0.338033	0.320797	0.395889	0.342356	0.146658	0.260071	0.371315	0.165622	0.13144	0.619446	0.26805	0.184297	0.416714	0.16794	0.361255	0.351079	0.193849	0.38359	0.37611	0.456644	0.402788	0.141199	0.101665	0.126183	0.312728	0.175685	0.314919	0.530546	0.28377	0.381652	0.131499	0.360972	0.384267	0.382808	0.550207	0.611642	0.379564	0.462295
cg25518695	0.125161	0.073195	0.06784	0.10572	0.071789	0.0624	0.075547	0.051008	0.085017	0.120292	0.06044	0.098346	0.058849	0.051739	0.098122	0.089973	0.038051	0.043434	0.03868	0.101751	0.106693	0.041251	0.045884	0.065527	0.067992	0.188583	0.100403	0.104051	0.040123	0.102923	0.046046	0.070876	0.12827	0.090529	0.115123	0.063545	0.123573	0.122162	0.053996	0.043306	0.082052	0.076089	0.073795	0.058009	0.047642	0.042978	0.048673	0.061282	0.110905	0.03732
cg25705492	0.328365	0.560838	0.375118	0.390762	0.323244	0.169152	0.032077	0.58966	0.149157	0.221779	0.53181	0.203148	0.287566	0.264149	0.369516	0.241289	0.211098	0.217456	0.280499	0.124486	0.085372	0.651431	0.175667	0.098325	0.393557	0.074753	0.321242	0.247873	0.090558	0.416414	0.299893	0.375879	0.350927	0.089491	0.077912	0.055873	0.366885	0.061962	0.253226	0.506135	0.212048	0.411409	0.080966	0.215618	0.302463	0.233204	0.535727	0.589512	0.337039	0.530652
cg25756647	0.341623	0.517332	0.371645	0.375679	0.295416	0.167603	0.01021	0.520567	0.158772	0.23717	0.530702	0.210762	0.301258	0.264868	0.320439	0.267711	0.220527	0.209552	0.282959	0.119047	0.069414	0.649062	0.147684	0.095477	0.345679	0.103453	0.334197	0.226591	0.110449	0.409496	0.260953	0.347843	0.332096	0.091656	0.081937	0.079454	0.381719	0.073257	0.249369	0.457994	0.216476	0.39665	0.09855	0.191011	0.282295	0.194452	0.50062	0.500287	0.301536	0.517018
cg26058907	0.691593	0.780249	0.700822	0.781053	0.708089	0.758415	0.749907	0.71363	0.787281	0.742178	0.711342	0.717277	0.719922	0.660505	0.736878	0.713566	0.731442	0.66918	0.785296	0.77071	0.624138	0.76831	0.754706	0.699117	0.644163	0.723023	0.764979	0.595264	0.756236	0.7565	0.707785	0.774909	0.756482	0.746579	0.775488	0.696336	0.487412	0.749668	0.748372	0.757914	0.696197	0.704183	0.639605	0.7075	0.714029	0.429866	0.691958	0.828719	0.75141	0.827791
cg26517491	0.994894	0.995442	0.985251	0.992285	0.98677	0.981422	0.99638	0.979299	0.987145	0.989349	0.989898	0.992553	0.990129	0.989575	0.982785	0.988109	0.988877	0.985524	0.990725	0.997415	0.990198	0.990172	0.983124	0.990426	0.987516	0.989395	0.991311	0.995119	0.994537	0.994705	0.990109	0.989757	0.995856	0.979781	0.987655	0.992119	0.986992	0.989948	0.98892	0.990656	0.996098	0.995428	0.990764	0.995879	0.988849	0.996169	0.988686	0.996417	0.987859	0.993152
cg26520468	0.008233	0.010817	0.022522	0.026814	0.014079	0.022442	0.010265	0.016305	0.022046	0.012679	0.019655	0.028807	0.029479	0.023051	0.024691	0.009289	0.017211	0.017609	0.011635	0.024084	0.020845	0.016532	0.023845	0.019362	0.016571	0.017774	0.021301	0.029671	0.011297	0.006634	0.029638	0.013786	0.014097	0.009827	0.025653	0.021816	0.019437	0.019849	0.01552	0.007455	0.016849	0.020201	0.021741	0.030116	0.010408	0.020959	0.015092	0.011738	0.0222	0.020186
cg26983430	0.938619	0.911567	0.929483	0.964947	0.943293	0.926194	0.943496	0.940968	0.910272	0.936011	0.940681	0.93198	0.905517	0.964181	0.922027	0.94813	0.915757	0.948587	0.980288	0.939	0.934477	0.955531	0.95049	0.947188	0.918141	0.945239	0.939522	0.967844	0.96707	0.948719	0.924005	0.904211	0.942188	0.967528	0.953165	0.948943	0.938772	0.897917	0.938836	0.994996	0.944685	0.957636	0.892196	0.928988	0.959559	0.953668	0.975966	0.96959	0.941718	0.930108
cg26983535	0.036967	0.048197	0.062862	0.056835	0.081753	0.046965	0.08243	0.067603	0.043693	0.096248	0.056297	0.070691	0.092565	0.031292	0.029133	0.054821	0.05351	0.030116	0.036211	0.043561	0.05324	0.050516	0.080451	0.067716	0.050358	0.024688	0.05468	0.037447	0.036192	0.081238	0.070934	0.060133	0.068806	0.050835	0.072517	0.05098	0.056921	0.076643	0.033198	0.050544	0.057266	0.034124	0.051972	0.06367	0.067051	0.018007	0.029763	0.014216	0.059384	0.037549
cg27049643	0.365872	0.338541	0.310348	0.411596	0.404921	0.428692	0.15938	0.371348	0.278105	0.384684	0.406522	0.393776	0.122972	0.359198	0.307045	0.385456	0.419435	0.322083	0.198182	0.44618	0.349329	0.374343	0.306314	0.312066	0.129128	0.336407	0.354972	0.455422	0.31707	0.41538	0.418966	0.394826	0.341112	0.366511	0.267868	0.363675	0.417416	0.179161	0.36527	0.343509	0.172312	0.301631	0.359181	0.417432	0.168283	0.266505	0.373209	0.373986	0.43027	0.347804
cg27433982	0.941855	0.953793	0.949276	0.956235	0.945816	0.933023	0.804412	0.937469	0.645872	0.897764	0.872413	0.96171	0.908136	0.942998	0.915235	0.922233	0.932517	0.893398	0.978496	0.921422	0.933076	0.913708	0.929988	0.870289	0.905249	0.933289	0.881092	0.882604	0.889185	0.976643	0.910037	0.929666	0.947347	0.941353	0.933455	0.970799	0.937547	0.936047	0.952227	0.928877	0.94026	0.90846	0.950335	0.932757	0.925991	0.926542	0.934949	0.966948	0.922559	0.917627
cg27539833	0.00931	0	0.009469	0	0.010918	0	0.022426	0.013086	0.01979	0.013239	0.033371	0.020687	0.033328	0.011218	0.016113	0	0.003061	0.00128	0	0.008625	0	0.013587	0.00942	0.003856	0.002737	0.01164	0	0	0	0	0.004282	0.003346	0	0.00977	0	0.00211	0	0.023572	0.011012	0.006103	0.011517	0.004855	0	0.004151	0.002033	0.00749	0.004777	0.000944	0.019732	0
cg00008945	0.011607	0.000711	0.023126	0.007325	0.007449	0.007498	0.003681	0.00748	0.010648	0.007304	0.012586	0.011181	0.004862	0.011899	0.016477	0.003588	0.006411	0.003647	0.001627	0.000448	0.012765	0.004678	0.012003	0.009643	0.009742	0.014251	0.012288	0.007979	0.022361	0.003382	0.016843	0.007418	0.01167	0.008036	0.007945	0.007937	0.007695	0.012255	0.008807	0.007715	0.007899	0.008924	0.004814	0.006214	0.015237	0.014124	0.007835	0	0.009585	0.007245
cg00011200	0.025103	0.025635	0.029872	0.035629	0.026807	0.020548	0.006506	0.026981	0.028931	0.038484	0.031406	0.02313	0.027447	0.02656	0.023187	0.027102	0.033611	0.026319	0.007306	0.02919	0.023583	0.021837	0.021403	0.043007	0.03426	0.030205	0.032117	0.025578	0.024163	0.020849	0.029206	0.016763	0.026428	0.011233	0.02356	0.024592	0.020909	0.024532	0.02378	0.017348	0.015242	0.022974	0.02732	0.027723	0.013164	0.013797	0.020721	0	0.030938	0.023677
cg00011891	0.382786	0.66299	0.503525	0.493741	0.490257	0.317748	0.066855	0.679736	0.315587	0.29464	0.542228	0.293137	0.396063	0.400684	0.420863	0.38808	0.231208	0.413638	0.497081	0.264225	0.167907	0.718481	0.355372	0.213207	0.458456	0.236041	0.356023	0.466478	0.245859	0.545534	0.391347	0.626556	0.520349	0.202935	0.178446	0.146479	0.429086	0.236538	0.390179	0.694157	0.406339	0.504314	0.177156	0.408528	0.534203	0.464885	0.731186	0.742973	0.501118	0.484074
cg00014152	0.634353	0.48896	0.784426	0.541068	0.621566	0.479285	0.610593	0.760979	0.770591	0.58721	0.769335	0.589067	0.643976	0.475426	0.624282	0.455971	0.759756	0.447651	0.644349	0.524666	0.518937	0.771094	0.583487	0.567125	0.562166	0.549686	0.488322	0.631878	0.590259	0.599725	0.621503	0.602094	0.618736	0.594275	0.476448	0.797686	0.66969	0.531563	0.631001	0.673452	0.674154	0.587539	0.532528	0.560463	0.654977	0.783188	0.642101	0.52612	0.796736	0.497568
cg00016522	0.685533	0.508417	0.504684	0.663544	0.573954	0.566094	0.610843	0.475916	0.549276	0.57468	0.502302	0.660032	0.584821	0.569484	0.681311	0.536057	0.571532	0.480374	0.60397	0.471955	0.515321	0.543686	0.484246	0.582089	0.584194	0.7134	0.563198	0.497972	0.453146	0.709161	0.470016	0.447088	0.688419	0.586207	0.674678	0.5318	0.720406	0.637477	0.456633	0.498163	0.594379	0.586699	0.565617	0.586363	0.534354	0.46572	0.543558	0.571663	0.711708	0.415924
