lower_interval	upper_interval	frequency	accumulative_frequency
-1.000	-0.999	0	0
-0.999	-0.998	0	0
-0.998	-0.997	0	0
-0.997	-0.996	0	0
-0.996	-0.995	0	0
-0.995	-0.994	0	0
-0.994	-0.993	0	0
-0.993	-0.992	0	0
-0.992	-0.991	0	0
-0.991	-0.990	0	0
-0.990	-0.989	0	0
-0.989	-0.988	0	0
-0.988	-0.987	0	0
-0.987	-0.986	0	0
-0.986	-0.985	0	0
-0.985	-0.984	0	0
-0.984	-0.983	0	0
-0.983	-0.982	0	0
-0.982	-0.981	0	0
-0.981	-0.980	0	0
-0.980	-0.979	0	0
-0.979	-0.978	0	0
-0.978	-0.977	0	0
-0.977	-0.976	0	0
-0.976	-0.975	0	0
-0.975	-0.974	0	0
-0.974	-0.973	0	0
-0.973	-0.972	0	0
-0.972	-0.971	0	0
-0.971	-0.970	0	0
-0.970	-0.969	0	0
-0.969	-0.968	0	0
-0.968	-0.967	0	0
-0.967	-0.966	0	0
-0.966	-0.965	0	0
-0.965	-0.964	0	0
-0.964	-0.963	0	0
-0.963	-0.962	0	0
-0.962	-0.961	0	0
-0.961	-0.960	0	0
-0.960	-0.959	0	0
-0.959	-0.958	0	0
-0.958	-0.957	0	0
-0.957	-0.956	0	0
-0.956	-0.955	0	0
-0.955	-0.954	0	0
-0.954	-0.953	0	0
-0.953	-0.952	0	0
-0.952	-0.951	0	0
-0.951	-0.950	0	0
-0.950	-0.949	0	0
-0.949	-0.948	0	0
-0.948	-0.947	0	0
-0.947	-0.946	0	0
-0.946	-0.945	0	0
-0.945	-0.944	0	0
-0.944	-0.943	0	0
-0.943	-0.942	0	0
-0.942	-0.941	0	0
-0.941	-0.940	0	0
-0.940	-0.939	0	0
-0.939	-0.938	0	0
-0.938	-0.937	0	0
-0.937	-0.936	0	0
-0.936	-0.935	0	0
-0.935	-0.934	0	0
-0.934	-0.933	0	0
-0.933	-0.932	0	0
-0.932	-0.931	0	0
-0.931	-0.930	0	0
-0.930	-0.929	0	0
-0.929	-0.928	0	0
-0.928	-0.927	0	0
-0.927	-0.926	0	0
-0.926	-0.925	0	0
-0.925	-0.924	0	0
-0.924	-0.923	0	0
-0.923	-0.922	0	0
-0.922	-0.921	0	0
-0.921	-0.920	0	0
-0.920	-0.919	0	0
-0.919	-0.918	0	0
-0.918	-0.917	0	0
-0.917	-0.916	0	0
-0.916	-0.915	0	0
-0.915	-0.914	0	0
-0.914	-0.913	0	0
-0.913	-0.912	0	0
-0.912	-0.911	0	0
-0.911	-0.910	0	0
-0.910	-0.909	0	0
-0.909	-0.908	0	0
-0.908	-0.907	0	0
-0.907	-0.906	0	0
-0.906	-0.905	0	0
-0.905	-0.904	0	0
-0.904	-0.903	0	0
-0.903	-0.902	0	0
-0.902	-0.901	0	0
-0.901	-0.900	0	0
-0.900	-0.899	0	0
-0.899	-0.898	0	0
-0.898	-0.897	0	0
-0.897	-0.896	0	0
-0.896	-0.895	0	0
-0.895	-0.894	0	0
-0.894	-0.893	0	0
-0.893	-0.892	0	0
-0.892	-0.891	0	0
-0.891	-0.890	0	0
-0.890	-0.889	0	0
-0.889	-0.888	0	0
-0.888	-0.887	0	0
-0.887	-0.886	0	0
-0.886	-0.885	0	0
-0.885	-0.884	0	0
-0.884	-0.883	0	0
-0.883	-0.882	0	0
-0.882	-0.881	0	0
-0.881	-0.880	0	0
-0.880	-0.879	0	0
-0.879	-0.878	0	0
-0.878	-0.877	0	0
-0.877	-0.876	0	0
-0.876	-0.875	0	0
-0.875	-0.874	0	0
-0.874	-0.873	0	0
-0.873	-0.872	0	0
-0.872	-0.871	0	0
-0.871	-0.870	0	0
-0.870	-0.869	0	0
-0.869	-0.868	0	0
-0.868	-0.867	0	0
-0.867	-0.866	0	0
-0.866	-0.865	0	0
-0.865	-0.864	0	0
-0.864	-0.863	0	0
-0.863	-0.862	0	0
-0.862	-0.861	0	0
-0.861	-0.860	0	0
-0.860	-0.859	0	0
-0.859	-0.858	0	0
-0.858	-0.857	0	0
-0.857	-0.856	0	0
-0.856	-0.855	0	0
-0.855	-0.854	0	0
-0.854	-0.853	0	0
-0.853	-0.852	0	0
-0.852	-0.851	0	0
-0.851	-0.850	0	0
-0.850	-0.849	0	0
-0.849	-0.848	0	0
-0.848	-0.847	0	0
-0.847	-0.846	0	0
-0.846	-0.845	0	0
-0.845	-0.844	0	0
-0.844	-0.843	0	0
-0.843	-0.842	0	0
-0.842	-0.841	0	0
-0.841	-0.840	0	0
-0.840	-0.839	0	0
-0.839	-0.838	0	0
-0.838	-0.837	0	0
-0.837	-0.836	0	0
-0.836	-0.835	0	0
-0.835	-0.834	0	0
-0.834	-0.833	0	0
-0.833	-0.832	0	0
-0.832	-0.831	0	0
-0.831	-0.830	0	0
-0.830	-0.829	0	0
-0.829	-0.828	0	0
-0.828	-0.827	0	0
-0.827	-0.826	0	0
-0.826	-0.825	0	0
-0.825	-0.824	0	0
-0.824	-0.823	0	0
-0.823	-0.822	0	0
-0.822	-0.821	0	0
-0.821	-0.820	0	0
-0.820	-0.819	0	0
-0.819	-0.818	0	0
-0.818	-0.817	0	0
-0.817	-0.816	0	0
-0.816	-0.815	0	0
-0.815	-0.814	0	0
-0.814	-0.813	0	0
-0.813	-0.812	0	0
-0.812	-0.811	0	0
-0.811	-0.810	0	0
-0.810	-0.809	0	0
-0.809	-0.808	0	0
-0.808	-0.807	0	0
-0.807	-0.806	0	0
-0.806	-0.805	0	0
-0.805	-0.804	0	0
-0.804	-0.803	0	0
-0.803	-0.802	0	0
-0.802	-0.801	0	0
-0.801	-0.800	0	0
-0.800	-0.799	0	0
-0.799	-0.798	0	0
-0.798	-0.797	0	0
-0.797	-0.796	0	0
-0.796	-0.795	0	0
-0.795	-0.794	1	1
-0.794	-0.793	0	1
-0.793	-0.792	0	1
-0.792	-0.791	0	1
-0.791	-0.790	0	1
-0.790	-0.789	0	1
-0.789	-0.788	0	1
-0.788	-0.787	0	1
-0.787	-0.786	0	1
-0.786	-0.785	0	1
-0.785	-0.784	0	1
-0.784	-0.783	0	1
-0.783	-0.782	0	1
-0.782	-0.781	0	1
-0.781	-0.780	0	1
-0.780	-0.779	0	1
-0.779	-0.778	0	1
-0.778	-0.777	0	1
-0.777	-0.776	0	1
-0.776	-0.775	0	1
-0.775	-0.774	0	1
-0.774	-0.773	0	1
-0.773	-0.772	0	1
-0.772	-0.771	0	1
-0.771	-0.770	0	1
-0.770	-0.769	0	1
-0.769	-0.768	0	1
-0.768	-0.767	0	1
-0.767	-0.766	0	1
-0.766	-0.765	0	1
-0.765	-0.764	0	1
-0.764	-0.763	0	1
-0.763	-0.762	0	1
-0.762	-0.761	0	1
-0.761	-0.760	0	1
-0.760	-0.759	0	1
-0.759	-0.758	0	1
-0.758	-0.757	0	1
-0.757	-0.756	0	1
-0.756	-0.755	0	1
-0.755	-0.754	0	1
-0.754	-0.753	0	1
-0.753	-0.752	0	1
-0.752	-0.751	0	1
-0.751	-0.750	0	1
-0.750	-0.749	0	1
-0.749	-0.748	0	1
-0.748	-0.747	0	1
-0.747	-0.746	0	1
-0.746	-0.745	0	1
-0.745	-0.744	0	1
-0.744	-0.743	0	1
-0.743	-0.742	0	1
-0.742	-0.741	0	1
-0.741	-0.740	0	1
-0.740	-0.739	0	1
-0.739	-0.738	0	1
-0.738	-0.737	0	1
-0.737	-0.736	0	1
-0.736	-0.735	0	1
-0.735	-0.734	0	1
-0.734	-0.733	0	1
-0.733	-0.732	0	1
-0.732	-0.731	0	1
-0.731	-0.730	0	1
-0.730	-0.729	0	1
-0.729	-0.728	0	1
-0.728	-0.727	0	1
-0.727	-0.726	0	1
-0.726	-0.725	0	1
-0.725	-0.724	0	1
-0.724	-0.723	0	1
-0.723	-0.722	0	1
-0.722	-0.721	0	1
-0.721	-0.720	0	1
-0.720	-0.719	0	1
-0.719	-0.718	0	1
-0.718	-0.717	0	1
-0.717	-0.716	0	1
-0.716	-0.715	0	1
-0.715	-0.714	0	1
-0.714	-0.713	0	1
-0.713	-0.712	0	1
-0.712	-0.711	0	1
-0.711	-0.710	0	1
-0.710	-0.709	0	1
-0.709	-0.708	0	1
-0.708	-0.707	0	1
-0.707	-0.706	0	1
-0.706	-0.705	0	1
-0.705	-0.704	0	1
-0.704	-0.703	0	1
-0.703	-0.702	0	1
-0.702	-0.701	0	1
-0.701	-0.700	0	1
-0.700	-0.699	0	1
-0.699	-0.698	0	1
-0.698	-0.697	0	1
-0.697	-0.696	0	1
-0.696	-0.695	0	1
-0.695	-0.694	0	1
-0.694	-0.693	0	1
-0.693	-0.692	0	1
-0.692	-0.691	0	1
-0.691	-0.690	0	1
-0.690	-0.689	0	1
-0.689	-0.688	0	1
-0.688	-0.687	0	1
-0.687	-0.686	0	1
-0.686	-0.685	0	1
-0.685	-0.684	0	1
-0.684	-0.683	0	1
-0.683	-0.682	0	1
-0.682	-0.681	0	1
-0.681	-0.680	0	1
-0.680	-0.679	0	1
-0.679	-0.678	0	1
-0.678	-0.677	0	1
-0.677	-0.676	0	1
-0.676	-0.675	0	1
-0.675	-0.674	0	1
-0.674	-0.673	0	1
-0.673	-0.672	0	1
-0.672	-0.671	0	1
-0.671	-0.670	0	1
-0.670	-0.669	0	1
-0.669	-0.668	0	1
-0.668	-0.667	0	1
-0.667	-0.666	0	1
-0.666	-0.665	0	1
-0.665	-0.664	0	1
-0.664	-0.663	0	1
-0.663	-0.662	0	1
-0.662	-0.661	0	1
-0.661	-0.660	0	1
-0.660	-0.659	0	1
-0.659	-0.658	0	1
-0.658	-0.657	0	1
-0.657	-0.656	0	1
-0.656	-0.655	0	1
-0.655	-0.654	0	1
-0.654	-0.653	0	1
-0.653	-0.652	0	1
-0.652	-0.651	0	1
-0.651	-0.650	0	1
-0.650	-0.649	0	1
-0.649	-0.648	0	1
-0.648	-0.647	0	1
-0.647	-0.646	0	1
-0.646	-0.645	0	1
-0.645	-0.644	0	1
-0.644	-0.643	0	1
-0.643	-0.642	0	1
-0.642	-0.641	0	1
-0.641	-0.640	0	1
-0.640	-0.639	0	1
-0.639	-0.638	0	1
-0.638	-0.637	0	1
-0.637	-0.636	0	1
-0.636	-0.635	0	1
-0.635	-0.634	0	1
-0.634	-0.633	0	1
-0.633	-0.632	0	1
-0.632	-0.631	0	1
-0.631	-0.630	0	1
-0.630	-0.629	0	1
-0.629	-0.628	0	1
-0.628	-0.627	0	1
-0.627	-0.626	0	1
-0.626	-0.625	0	1
-0.625	-0.624	0	1
-0.624	-0.623	1	2
-0.623	-0.622	0	2
-0.622	-0.621	0	2
-0.621	-0.620	0	2
-0.620	-0.619	0	2
-0.619	-0.618	0	2
-0.618	-0.617	0	2
-0.617	-0.616	0	2
-0.616	-0.615	0	2
-0.615	-0.614	0	2
-0.614	-0.613	0	2
-0.613	-0.612	0	2
-0.612	-0.611	0	2
-0.611	-0.610	0	2
-0.610	-0.609	2	4
-0.609	-0.608	0	4
-0.608	-0.607	0	4
-0.607	-0.606	0	4
-0.606	-0.605	0	4
-0.605	-0.604	0	4
-0.604	-0.603	0	4
-0.603	-0.602	0	4
-0.602	-0.601	0	4
-0.601	-0.600	0	4
-0.600	-0.599	0	4
-0.599	-0.598	0	4
-0.598	-0.597	1	5
-0.597	-0.596	0	5
-0.596	-0.595	0	5
-0.595	-0.594	0	5
-0.594	-0.593	0	5
-0.593	-0.592	0	5
-0.592	-0.591	0	5
-0.591	-0.590	0	5
-0.590	-0.589	0	5
-0.589	-0.588	0	5
-0.588	-0.587	0	5
-0.587	-0.586	0	5
-0.586	-0.585	0	5
-0.585	-0.584	0	5
-0.584	-0.583	0	5
-0.583	-0.582	0	5
-0.582	-0.581	0	5
-0.581	-0.580	0	5
-0.580	-0.579	1	6
-0.579	-0.578	0	6
-0.578	-0.577	1	7
-0.577	-0.576	0	7
-0.576	-0.575	1	8
-0.575	-0.574	0	8
-0.574	-0.573	0	8
-0.573	-0.572	0	8
-0.572	-0.571	2	10
-0.571	-0.570	0	10
-0.570	-0.569	0	10
-0.569	-0.568	0	10
-0.568	-0.567	0	10
-0.567	-0.566	0	10
-0.566	-0.565	0	10
-0.565	-0.564	0	10
-0.564	-0.563	0	10
-0.563	-0.562	0	10
-0.562	-0.561	0	10
-0.561	-0.560	0	10
-0.560	-0.559	0	10
-0.559	-0.558	0	10
-0.558	-0.557	0	10
-0.557	-0.556	1	11
-0.556	-0.555	0	11
-0.555	-0.554	0	11
-0.554	-0.553	0	11
-0.553	-0.552	0	11
-0.552	-0.551	0	11
-0.551	-0.550	0	11
-0.550	-0.549	0	11
-0.549	-0.548	0	11
-0.548	-0.547	0	11
-0.547	-0.546	0	11
-0.546	-0.545	0	11
-0.545	-0.544	0	11
-0.544	-0.543	0	11
-0.543	-0.542	1	12
-0.542	-0.541	0	12
-0.541	-0.540	0	12
-0.540	-0.539	0	12
-0.539	-0.538	0	12
-0.538	-0.537	0	12
-0.537	-0.536	0	12
-0.536	-0.535	0	12
-0.535	-0.534	2	14
-0.534	-0.533	1	15
-0.533	-0.532	1	16
-0.532	-0.531	1	17
-0.531	-0.530	1	18
-0.530	-0.529	0	18
-0.529	-0.528	0	18
-0.528	-0.527	0	18
-0.527	-0.526	0	18
-0.526	-0.525	1	19
-0.525	-0.524	0	19
-0.524	-0.523	0	19
-0.523	-0.522	0	19
-0.522	-0.521	0	19
-0.521	-0.520	1	20
-0.520	-0.519	0	20
-0.519	-0.518	1	21
-0.518	-0.517	1	22
-0.517	-0.516	0	22
-0.516	-0.515	0	22
-0.515	-0.514	1	23
-0.514	-0.513	1	24
-0.513	-0.512	0	24
-0.512	-0.511	0	24
-0.511	-0.510	2	26
-0.510	-0.509	0	26
-0.509	-0.508	0	26
-0.508	-0.507	0	26
-0.507	-0.506	1	27
-0.506	-0.505	0	27
-0.505	-0.504	0	27
-0.504	-0.503	0	27
-0.503	-0.502	0	27
-0.502	-0.501	0	27
-0.501	-0.500	1	28
-0.500	-0.499	1	29
-0.499	-0.498	1	30
-0.498	-0.497	0	30
-0.497	-0.496	0	30
-0.496	-0.495	0	30
-0.495	-0.494	0	30
-0.494	-0.493	1	31
-0.493	-0.492	0	31
-0.492	-0.491	0	31
-0.491	-0.490	0	31
-0.490	-0.489	0	31
-0.489	-0.488	3	34
-0.488	-0.487	1	35
-0.487	-0.486	0	35
-0.486	-0.485	1	36
-0.485	-0.484	0	36
-0.484	-0.483	0	36
-0.483	-0.482	1	37
-0.482	-0.481	1	38
-0.481	-0.480	1	39
-0.480	-0.479	0	39
-0.479	-0.478	0	39
-0.478	-0.477	0	39
-0.477	-0.476	0	39
-0.476	-0.475	1	40
-0.475	-0.474	1	41
-0.474	-0.473	3	44
-0.473	-0.472	0	44
-0.472	-0.471	1	45
-0.471	-0.470	0	45
-0.470	-0.469	0	45
-0.469	-0.468	0	45
-0.468	-0.467	1	46
-0.467	-0.466	0	46
-0.466	-0.465	1	47
-0.465	-0.464	0	47
-0.464	-0.463	0	47
-0.463	-0.462	0	47
-0.462	-0.461	0	47
-0.461	-0.460	1	48
-0.460	-0.459	1	49
-0.459	-0.458	1	50
-0.458	-0.457	1	51
-0.457	-0.456	1	52
-0.456	-0.455	0	52
-0.455	-0.454	0	52
-0.454	-0.453	2	54
-0.453	-0.452	1	55
-0.452	-0.451	1	56
-0.451	-0.450	0	56
-0.450	-0.449	0	56
-0.449	-0.448	2	58
-0.448	-0.447	2	60
-0.447	-0.446	1	61
-0.446	-0.445	2	63
-0.445	-0.444	0	63
-0.444	-0.443	1	64
-0.443	-0.442	2	66
-0.442	-0.441	1	67
-0.441	-0.440	1	68
-0.440	-0.439	0	68
-0.439	-0.438	2	70
-0.438	-0.437	1	71
-0.437	-0.436	1	72
-0.436	-0.435	1	73
-0.435	-0.434	2	75
-0.434	-0.433	0	75
-0.433	-0.432	1	76
-0.432	-0.431	2	78
-0.431	-0.430	1	79
-0.430	-0.429	0	79
-0.429	-0.428	1	80
-0.428	-0.427	0	80
-0.427	-0.426	2	82
-0.426	-0.425	1	83
-0.425	-0.424	0	83
-0.424	-0.423	1	84
-0.423	-0.422	3	87
-0.422	-0.421	2	89
-0.421	-0.420	3	92
-0.420	-0.419	0	92
-0.419	-0.418	1	93
-0.418	-0.417	0	93
-0.417	-0.416	1	94
-0.416	-0.415	0	94
-0.415	-0.414	2	96
-0.414	-0.413	1	97
-0.413	-0.412	0	97
-0.412	-0.411	0	97
-0.411	-0.410	0	97
-0.410	-0.409	1	98
-0.409	-0.408	0	98
-0.408	-0.407	0	98
-0.407	-0.406	1	99
-0.406	-0.405	0	99
-0.405	-0.404	1	100
-0.404	-0.403	1	101
-0.403	-0.402	3	104
-0.402	-0.401	0	104
-0.401	-0.400	2	106
-0.400	-0.399	2	108
-0.399	-0.398	4	112
-0.398	-0.397	2	114
-0.397	-0.396	2	116
-0.396	-0.395	2	118
-0.395	-0.394	1	119
-0.394	-0.393	5	124
-0.393	-0.392	6	130
-0.392	-0.391	1	131
-0.391	-0.390	0	131
-0.390	-0.389	0	131
-0.389	-0.388	1	132
-0.388	-0.387	0	132
-0.387	-0.386	3	135
-0.386	-0.385	3	138
-0.385	-0.384	1	139
-0.384	-0.383	2	141
-0.383	-0.382	0	141
-0.382	-0.381	0	141
-0.381	-0.380	2	143
-0.380	-0.379	2	145
-0.379	-0.378	3	148
-0.378	-0.377	0	148
-0.377	-0.376	2	150
-0.376	-0.375	3	153
-0.375	-0.374	3	156
-0.374	-0.373	1	157
-0.373	-0.372	0	157
-0.372	-0.371	3	160
-0.371	-0.370	2	162
-0.370	-0.369	2	164
-0.369	-0.368	1	165
-0.368	-0.367	3	168
-0.367	-0.366	4	172
-0.366	-0.365	2	174
-0.365	-0.364	0	174
-0.364	-0.363	3	177
-0.363	-0.362	1	178
-0.362	-0.361	2	180
-0.361	-0.360	1	181
-0.360	-0.359	1	182
-0.359	-0.358	3	185
-0.358	-0.357	1	186
-0.357	-0.356	2	188
-0.356	-0.355	3	191
-0.355	-0.354	0	191
-0.354	-0.353	4	195
-0.353	-0.352	1	196
-0.352	-0.351	3	199
-0.351	-0.350	2	201
-0.350	-0.349	0	201
-0.349	-0.348	1	202
-0.348	-0.347	3	205
-0.347	-0.346	3	208
-0.346	-0.345	3	211
-0.345	-0.344	2	213
-0.344	-0.343	3	216
-0.343	-0.342	3	219
-0.342	-0.341	1	220
-0.341	-0.340	0	220
-0.340	-0.339	1	221
-0.339	-0.338	3	224
-0.338	-0.337	3	227
-0.337	-0.336	8	235
-0.336	-0.335	2	237
-0.335	-0.334	2	239
-0.334	-0.333	3	242
-0.333	-0.332	4	246
-0.332	-0.331	2	248
-0.331	-0.330	0	248
-0.330	-0.329	2	250
-0.329	-0.328	2	252
-0.328	-0.327	3	255
-0.327	-0.326	5	260
-0.326	-0.325	2	262
-0.325	-0.324	4	266
-0.324	-0.323	4	270
-0.323	-0.322	2	272
-0.322	-0.321	0	272
-0.321	-0.320	2	274
-0.320	-0.319	6	280
-0.319	-0.318	5	285
-0.318	-0.317	4	289
-0.317	-0.316	2	291
-0.316	-0.315	1	292
-0.315	-0.314	1	293
-0.314	-0.313	1	294
-0.313	-0.312	4	298
-0.312	-0.311	1	299
-0.311	-0.310	4	303
-0.310	-0.309	1	304
-0.309	-0.308	5	309
-0.308	-0.307	1	310
-0.307	-0.306	2	312
-0.306	-0.305	1	313
-0.305	-0.304	2	315
-0.304	-0.303	4	319
-0.303	-0.302	0	319
-0.302	-0.301	2	321
-0.301	-0.300	3	324
-0.300	-0.299	5	329
-0.299	-0.298	7	336
-0.298	-0.297	2	338
-0.297	-0.296	3	341
-0.296	-0.295	1	342
-0.295	-0.294	1	343
-0.294	-0.293	4	347
-0.293	-0.292	1	348
-0.292	-0.291	0	348
-0.291	-0.290	2	350
-0.290	-0.289	2	352
-0.289	-0.288	2	354
-0.288	-0.287	1	355
-0.287	-0.286	7	362
-0.286	-0.285	5	367
-0.285	-0.284	2	369
-0.284	-0.283	5	374
-0.283	-0.282	1	375
-0.282	-0.281	0	375
-0.281	-0.280	2	377
-0.280	-0.279	1	378
-0.279	-0.278	2	380
-0.278	-0.277	1	381
-0.277	-0.276	1	382
-0.276	-0.275	4	386
-0.275	-0.274	2	388
-0.274	-0.273	0	388
-0.273	-0.272	0	388
-0.272	-0.271	2	390
-0.271	-0.270	2	392
-0.270	-0.269	2	394
-0.269	-0.268	2	396
-0.268	-0.267	1	397
-0.267	-0.266	3	400
-0.266	-0.265	3	403
-0.265	-0.264	1	404
-0.264	-0.263	2	406
-0.263	-0.262	5	411
-0.262	-0.261	4	415
-0.261	-0.260	1	416
-0.260	-0.259	2	418
-0.259	-0.258	4	422
-0.258	-0.257	6	428
-0.257	-0.256	6	434
-0.256	-0.255	3	437
-0.255	-0.254	3	440
-0.254	-0.253	5	445
-0.253	-0.252	1	446
-0.252	-0.251	0	446
-0.251	-0.250	2	448
-0.250	-0.249	2	450
-0.249	-0.248	2	452
-0.248	-0.247	2	454
-0.247	-0.246	3	457
-0.246	-0.245	3	460
-0.245	-0.244	4	464
-0.244	-0.243	5	469
-0.243	-0.242	5	474
-0.242	-0.241	4	478
-0.241	-0.240	2	480
-0.240	-0.239	2	482
-0.239	-0.238	3	485
-0.238	-0.237	1	486
-0.237	-0.236	2	488
-0.236	-0.235	3	491
-0.235	-0.234	2	493
-0.234	-0.233	2	495
-0.233	-0.232	3	498
-0.232	-0.231	1	499
-0.231	-0.230	3	502
-0.230	-0.229	1	503
-0.229	-0.228	2	505
-0.228	-0.227	2	507
-0.227	-0.226	5	512
-0.226	-0.225	4	516
-0.225	-0.224	2	518
-0.224	-0.223	4	522
-0.223	-0.222	2	524
-0.222	-0.221	2	526
-0.221	-0.220	3	529
-0.220	-0.219	2	531
-0.219	-0.218	0	531
-0.218	-0.217	3	534
-0.217	-0.216	1	535
-0.216	-0.215	1	536
-0.215	-0.214	4	540
-0.214	-0.213	1	541
-0.213	-0.212	1	542
-0.212	-0.211	0	542
-0.211	-0.210	0	542
-0.210	-0.209	2	544
-0.209	-0.208	1	545
-0.208	-0.207	2	547
-0.207	-0.206	1	548
-0.206	-0.205	2	550
-0.205	-0.204	6	556
-0.204	-0.203	3	559
-0.203	-0.202	1	560
-0.202	-0.201	0	560
-0.201	-0.200	0	560
-0.200	-0.199	3	563
-0.199	-0.198	4	567
-0.198	-0.197	2	569
-0.197	-0.196	2	571
-0.196	-0.195	4	575
-0.195	-0.194	1	576
-0.194	-0.193	0	576
-0.193	-0.192	2	578
-0.192	-0.191	1	579
-0.191	-0.190	2	581
-0.190	-0.189	2	583
-0.189	-0.188	4	587
-0.188	-0.187	1	588
-0.187	-0.186	1	589
-0.186	-0.185	4	593
-0.185	-0.184	5	598
-0.184	-0.183	4	602
-0.183	-0.182	2	604
-0.182	-0.181	2	606
-0.181	-0.180	2	608
-0.180	-0.179	3	611
-0.179	-0.178	2	613
-0.178	-0.177	2	615
-0.177	-0.176	0	615
-0.176	-0.175	4	619
-0.175	-0.174	1	620
-0.174	-0.173	1	621
-0.173	-0.172	2	623
-0.172	-0.171	1	624
-0.171	-0.170	0	624
-0.170	-0.169	4	628
-0.169	-0.168	3	631
-0.168	-0.167	0	631
-0.167	-0.166	4	635
-0.166	-0.165	1	636
-0.165	-0.164	0	636
-0.164	-0.163	0	636
-0.163	-0.162	2	638
-0.162	-0.161	3	641
-0.161	-0.160	7	648
-0.160	-0.159	2	650
-0.159	-0.158	4	654
-0.158	-0.157	4	658
-0.157	-0.156	1	659
-0.156	-0.155	1	660
-0.155	-0.154	2	662
-0.154	-0.153	0	662
-0.153	-0.152	1	663
-0.152	-0.151	1	664
-0.151	-0.150	1	665
-0.150	-0.149	2	667
-0.149	-0.148	4	671
-0.148	-0.147	3	674
-0.147	-0.146	3	677
-0.146	-0.145	3	680
-0.145	-0.144	4	684
-0.144	-0.143	0	684
-0.143	-0.142	2	686
-0.142	-0.141	1	687
-0.141	-0.140	0	687
-0.140	-0.139	3	690
-0.139	-0.138	3	693
-0.138	-0.137	6	699
-0.137	-0.136	3	702
-0.136	-0.135	3	705
-0.135	-0.134	1	706
-0.134	-0.133	1	707
-0.133	-0.132	5	712
-0.132	-0.131	4	716
-0.131	-0.130	2	718
-0.130	-0.129	1	719
-0.129	-0.128	5	724
-0.128	-0.127	4	728
-0.127	-0.126	2	730
-0.126	-0.125	1	731
-0.125	-0.124	1	732
-0.124	-0.123	3	735
-0.123	-0.122	2	737
-0.122	-0.121	0	737
-0.121	-0.120	0	737
-0.120	-0.119	0	737
-0.119	-0.118	2	739
-0.118	-0.117	1	740
-0.117	-0.116	5	745
-0.116	-0.115	2	747
-0.115	-0.114	2	749
-0.114	-0.113	0	749
-0.113	-0.112	1	750
-0.112	-0.111	2	752
-0.111	-0.110	2	754
-0.110	-0.109	2	756
-0.109	-0.108	4	760
-0.108	-0.107	1	761
-0.107	-0.106	5	766
-0.106	-0.105	2	768
-0.105	-0.104	5	773
-0.104	-0.103	1	774
-0.103	-0.102	4	778
-0.102	-0.101	1	779
-0.101	-0.100	5	784
-0.100	-0.099	4	788
-0.099	-0.098	2	790
-0.098	-0.097	2	792
-0.097	-0.096	3	795
-0.096	-0.095	2	797
-0.095	-0.094	3	800
-0.094	-0.093	4	804
-0.093	-0.092	5	809
-0.092	-0.091	4	813
-0.091	-0.090	1	814
-0.090	-0.089	3	817
-0.089	-0.088	2	819
-0.088	-0.087	2	821
-0.087	-0.086	2	823
-0.086	-0.085	3	826
-0.085	-0.084	1	827
-0.084	-0.083	3	830
-0.083	-0.082	1	831
-0.082	-0.081	0	831
-0.081	-0.080	3	834
-0.080	-0.079	3	837
-0.079	-0.078	2	839
-0.078	-0.077	1	840
-0.077	-0.076	3	843
-0.076	-0.075	4	847
-0.075	-0.074	2	849
-0.074	-0.073	4	853
-0.073	-0.072	2	855
-0.072	-0.071	2	857
-0.071	-0.070	3	860
-0.070	-0.069	6	866
-0.069	-0.068	2	868
-0.068	-0.067	5	873
-0.067	-0.066	3	876
-0.066	-0.065	3	879
-0.065	-0.064	2	881
-0.064	-0.063	4	885
-0.063	-0.062	6	891
-0.062	-0.061	4	895
-0.061	-0.060	4	899
-0.060	-0.059	6	905
-0.059	-0.058	5	910
-0.058	-0.057	4	914
-0.057	-0.056	1	915
-0.056	-0.055	4	919
-0.055	-0.054	2	921
-0.054	-0.053	3	924
-0.053	-0.052	2	926
-0.052	-0.051	2	928
-0.051	-0.050	3	931
-0.050	-0.049	0	931
-0.049	-0.048	2	933
-0.048	-0.047	4	937
-0.047	-0.046	1	938
-0.046	-0.045	3	941
-0.045	-0.044	3	944
-0.044	-0.043	3	947
-0.043	-0.042	3	950
-0.042	-0.041	2	952
-0.041	-0.040	2	954
-0.040	-0.039	2	956
-0.039	-0.038	1	957
-0.038	-0.037	2	959
-0.037	-0.036	4	963
-0.036	-0.035	0	963
-0.035	-0.034	2	965
-0.034	-0.033	1	966
-0.033	-0.032	3	969
-0.032	-0.031	3	972
-0.031	-0.030	3	975
-0.030	-0.029	4	979
-0.029	-0.028	3	982
-0.028	-0.027	1	983
-0.027	-0.026	1	984
-0.026	-0.025	2	986
-0.025	-0.024	5	991
-0.024	-0.023	2	993
-0.023	-0.022	1	994
-0.022	-0.021	1	995
-0.021	-0.020	3	998
-0.020	-0.019	4	1002
-0.019	-0.018	4	1006
-0.018	-0.017	6	1012
-0.017	-0.016	4	1016
-0.016	-0.015	2	1018
-0.015	-0.014	4	1022
-0.014	-0.013	5	1027
-0.013	-0.012	7	1034
-0.012	-0.011	6	1040
-0.011	-0.010	4	1044
-0.010	-0.009	2	1046
-0.009	-0.008	5	1051
-0.008	-0.007	4	1055
-0.007	-0.006	2	1057
-0.006	-0.005	6	1063
-0.005	-0.004	2	1065
-0.004	-0.003	3	1068
-0.003	-0.002	4	1072
-0.002	-0.001	4	1076
-0.001	-0.000	2	1078
0.000	0.001	5	1083
0.001	0.002	3	1086
0.002	0.003	5	1091
0.003	0.004	2	1093
0.004	0.005	5	1098
0.005	0.006	0	1098
0.006	0.007	5	1103
0.007	0.008	2	1105
0.008	0.009	4	1109
0.009	0.010	4	1113
0.010	0.011	2	1115
0.011	0.012	6	1121
0.012	0.013	3	1124
0.013	0.014	2	1126
0.014	0.015	3	1129
0.015	0.016	1	1130
0.016	0.017	1	1131
0.017	0.018	1	1132
0.018	0.019	2	1134
0.019	0.020	3	1137
0.020	0.021	2	1139
0.021	0.022	1	1140
0.022	0.023	4	1144
0.023	0.024	4	1148
0.024	0.025	5	1153
0.025	0.026	1	1154
0.026	0.027	0	1154
0.027	0.028	3	1157
0.028	0.029	0	1157
0.029	0.030	5	1162
0.030	0.031	5	1167
0.031	0.032	5	1172
0.032	0.033	6	1178
0.033	0.034	4	1182
0.034	0.035	7	1189
0.035	0.036	3	1192
0.036	0.037	4	1196
0.037	0.038	4	1200
0.038	0.039	4	1204
0.039	0.040	5	1209
0.040	0.041	1	1210
0.041	0.042	7	1217
0.042	0.043	0	1217
0.043	0.044	4	1221
0.044	0.045	3	1224
0.045	0.046	2	1226
0.046	0.047	3	1229
0.047	0.048	4	1233
0.048	0.049	3	1236
0.049	0.050	3	1239
0.050	0.051	7	1246
0.051	0.052	7	1253
0.052	0.053	4	1257
0.053	0.054	1	1258
0.054	0.055	2	1260
0.055	0.056	3	1263
0.056	0.057	2	1265
0.057	0.058	3	1268
0.058	0.059	2	1270
0.059	0.060	6	1276
0.060	0.061	3	1279
0.061	0.062	3	1282
0.062	0.063	2	1284
0.063	0.064	2	1286
0.064	0.065	4	1290
0.065	0.066	7	1297
0.066	0.067	3	1300
0.067	0.068	1	1301
0.068	0.069	6	1307
0.069	0.070	6	1313
0.070	0.071	4	1317
0.071	0.072	2	1319
0.072	0.073	3	1322
0.073	0.074	2	1324
0.074	0.075	3	1327
0.075	0.076	4	1331
0.076	0.077	2	1333
0.077	0.078	1	1334
0.078	0.079	10	1344
0.079	0.080	2	1346
0.080	0.081	4	1350
0.081	0.082	3	1353
0.082	0.083	2	1355
0.083	0.084	6	1361
0.084	0.085	7	1368
0.085	0.086	2	1370
0.086	0.087	3	1373
0.087	0.088	4	1377
0.088	0.089	4	1381
0.089	0.090	4	1385
0.090	0.091	5	1390
0.091	0.092	3	1393
0.092	0.093	2	1395
0.093	0.094	3	1398
0.094	0.095	2	1400
0.095	0.096	2	1402
0.096	0.097	6	1408
0.097	0.098	5	1413
0.098	0.099	3	1416
0.099	0.100	3	1419
0.100	0.101	4	1423
0.101	0.102	4	1427
0.102	0.103	2	1429
0.103	0.104	6	1435
0.104	0.105	1	1436
0.105	0.106	7	1443
0.106	0.107	2	1445
0.107	0.108	2	1447
0.108	0.109	3	1450
0.109	0.110	3	1453
0.110	0.111	3	1456
0.111	0.112	4	1460
0.112	0.113	4	1464
0.113	0.114	4	1468
0.114	0.115	5	1473
0.115	0.116	3	1476
0.116	0.117	5	1481
0.117	0.118	1	1482
0.118	0.119	3	1485
0.119	0.120	2	1487
0.120	0.121	0	1487
0.121	0.122	5	1492
0.122	0.123	5	1497
0.123	0.124	3	1500
0.124	0.125	3	1503
0.125	0.126	2	1505
0.126	0.127	3	1508
0.127	0.128	6	1514
0.128	0.129	4	1518
0.129	0.130	1	1519
0.130	0.131	3	1522
0.131	0.132	5	1527
0.132	0.133	5	1532
0.133	0.134	4	1536
0.134	0.135	2	1538
0.135	0.136	5	1543
0.136	0.137	2	1545
0.137	0.138	2	1547
0.138	0.139	6	1553
0.139	0.140	3	1556
0.140	0.141	7	1563
0.141	0.142	4	1567
0.142	0.143	4	1571
0.143	0.144	3	1574
0.144	0.145	1	1575
0.145	0.146	3	1578
0.146	0.147	3	1581
0.147	0.148	2	1583
0.148	0.149	5	1588
0.149	0.150	4	1592
0.150	0.151	5	1597
0.151	0.152	3	1600
0.152	0.153	8	1608
0.153	0.154	5	1613
0.154	0.155	3	1616
0.155	0.156	3	1619
0.156	0.157	5	1624
0.157	0.158	2	1626
0.158	0.159	4	1630
0.159	0.160	7	1637
0.160	0.161	3	1640
0.161	0.162	3	1643
0.162	0.163	3	1646
0.163	0.164	3	1649
0.164	0.165	2	1651
0.165	0.166	2	1653
0.166	0.167	3	1656
0.167	0.168	1	1657
0.168	0.169	4	1661
0.169	0.170	4	1665
0.170	0.171	4	1669
0.171	0.172	8	1677
0.172	0.173	5	1682
0.173	0.174	4	1686
0.174	0.175	2	1688
0.175	0.176	5	1693
0.176	0.177	5	1698
0.177	0.178	3	1701
0.178	0.179	2	1703
0.179	0.180	4	1707
0.180	0.181	5	1712
0.181	0.182	6	1718
0.182	0.183	3	1721
0.183	0.184	1	1722
0.184	0.185	8	1730
0.185	0.186	10	1740
0.186	0.187	2	1742
0.187	0.188	3	1745
0.188	0.189	6	1751
0.189	0.190	4	1755
0.190	0.191	1	1756
0.191	0.192	3	1759
0.192	0.193	3	1762
0.193	0.194	3	1765
0.194	0.195	4	1769
0.195	0.196	3	1772
0.196	0.197	3	1775
0.197	0.198	3	1778
0.198	0.199	5	1783
0.199	0.200	3	1786
0.200	0.201	2	1788
0.201	0.202	5	1793
0.202	0.203	2	1795
0.203	0.204	3	1798
0.204	0.205	4	1802
0.205	0.206	5	1807
0.206	0.207	5	1812
0.207	0.208	2	1814
0.208	0.209	2	1816
0.209	0.210	3	1819
0.210	0.211	5	1824
0.211	0.212	3	1827
0.212	0.213	3	1830
0.213	0.214	3	1833
0.214	0.215	7	1840
0.215	0.216	1	1841
0.216	0.217	6	1847
0.217	0.218	3	1850
0.218	0.219	6	1856
0.219	0.220	5	1861
0.220	0.221	5	1866
0.221	0.222	1	1867
0.222	0.223	6	1873
0.223	0.224	9	1882
0.224	0.225	4	1886
0.225	0.226	2	1888
0.226	0.227	6	1894
0.227	0.228	5	1899
0.228	0.229	5	1904
0.229	0.230	7	1911
0.230	0.231	4	1915
0.231	0.232	4	1919
0.232	0.233	2	1921
0.233	0.234	3	1924
0.234	0.235	5	1929
0.235	0.236	5	1934
0.236	0.237	2	1936
0.237	0.238	3	1939
0.238	0.239	2	1941
0.239	0.240	4	1945
0.240	0.241	5	1950
0.241	0.242	4	1954
0.242	0.243	4	1958
0.243	0.244	3	1961
0.244	0.245	5	1966
0.245	0.246	8	1974
0.246	0.247	8	1982
0.247	0.248	2	1984
0.248	0.249	3	1987
0.249	0.250	2	1989
0.250	0.251	4	1993
0.251	0.252	0	1993
0.252	0.253	4	1997
0.253	0.254	4	2001
0.254	0.255	2	2003
0.255	0.256	2	2005
0.256	0.257	4	2009
0.257	0.258	7	2016
0.258	0.259	11	2027
0.259	0.260	6	2033
0.260	0.261	2	2035
0.261	0.262	3	2038
0.262	0.263	4	2042
0.263	0.264	2	2044
0.264	0.265	3	2047
0.265	0.266	3	2050
0.266	0.267	7	2057
0.267	0.268	2	2059
0.268	0.269	5	2064
0.269	0.270	7	2071
0.270	0.271	3	2074
0.271	0.272	5	2079
0.272	0.273	3	2082
0.273	0.274	3	2085
0.274	0.275	3	2088
0.275	0.276	4	2092
0.276	0.277	2	2094
0.277	0.278	7	2101
0.278	0.279	3	2104
0.279	0.280	1	2105
0.280	0.281	1	2106
0.281	0.282	8	2114
0.282	0.283	4	2118
0.283	0.284	3	2121
0.284	0.285	4	2125
0.285	0.286	1	2126
0.286	0.287	1	2127
0.287	0.288	3	2130
0.288	0.289	2	2132
0.289	0.290	3	2135
0.290	0.291	3	2138
0.291	0.292	3	2141
0.292	0.293	2	2143
0.293	0.294	2	2145
0.294	0.295	1	2146
0.295	0.296	1	2147
0.296	0.297	4	2151
0.297	0.298	3	2154
0.298	0.299	1	2155
0.299	0.300	2	2157
0.300	0.301	4	2161
0.301	0.302	6	2167
0.302	0.303	2	2169
0.303	0.304	4	2173
0.304	0.305	3	2176
0.305	0.306	4	2180
0.306	0.307	3	2183
0.307	0.308	3	2186
0.308	0.309	3	2189
0.309	0.310	6	2195
0.310	0.311	4	2199
0.311	0.312	7	2206
0.312	0.313	4	2210
0.313	0.314	5	2215
0.314	0.315	5	2220
0.315	0.316	6	2226
0.316	0.317	4	2230
0.317	0.318	4	2234
0.318	0.319	2	2236
0.319	0.320	6	2242
0.320	0.321	3	2245
0.321	0.322	4	2249
0.322	0.323	4	2253
0.323	0.324	7	2260
0.324	0.325	2	2262
0.325	0.326	4	2266
0.326	0.327	1	2267
0.327	0.328	2	2269
0.328	0.329	0	2269
0.329	0.330	4	2273
0.330	0.331	0	2273
0.331	0.332	3	2276
0.332	0.333	3	2279
0.333	0.334	2	2281
0.334	0.335	2	2283
0.335	0.336	1	2284
0.336	0.337	4	2288
0.337	0.338	4	2292
0.338	0.339	4	2296
0.339	0.340	2	2298
0.340	0.341	2	2300
0.341	0.342	5	2305
0.342	0.343	2	2307
0.343	0.344	3	2310
0.344	0.345	7	2317
0.345	0.346	4	2321
0.346	0.347	4	2325
0.347	0.348	4	2329
0.348	0.349	2	2331
0.349	0.350	4	2335
0.350	0.351	6	2341
0.351	0.352	1	2342
0.352	0.353	5	2347
0.353	0.354	3	2350
0.354	0.355	3	2353
0.355	0.356	1	2354
0.356	0.357	3	2357
0.357	0.358	5	2362
0.358	0.359	2	2364
0.359	0.360	1	2365
0.360	0.361	3	2368
0.361	0.362	3	2371
0.362	0.363	4	2375
0.363	0.364	4	2379
0.364	0.365	1	2380
0.365	0.366	1	2381
0.366	0.367	3	2384
0.367	0.368	7	2391
0.368	0.369	7	2398
0.369	0.370	4	2402
0.370	0.371	2	2404
0.371	0.372	6	2410
0.372	0.373	2	2412
0.373	0.374	1	2413
0.374	0.375	5	2418
0.375	0.376	5	2423
0.376	0.377	2	2425
0.377	0.378	2	2427
0.378	0.379	4	2431
0.379	0.380	4	2435
0.380	0.381	1	2436
0.381	0.382	1	2437
0.382	0.383	2	2439
0.383	0.384	6	2445
0.384	0.385	5	2450
0.385	0.386	4	2454
0.386	0.387	2	2456
0.387	0.388	1	2457
0.388	0.389	5	2462
0.389	0.390	3	2465
0.390	0.391	2	2467
0.391	0.392	1	2468
0.392	0.393	3	2471
0.393	0.394	1	2472
0.394	0.395	1	2473
0.395	0.396	1	2474
0.396	0.397	2	2476
0.397	0.398	1	2477
0.398	0.399	3	2480
0.399	0.400	3	2483
0.400	0.401	10	2493
0.401	0.402	1	2494
0.402	0.403	1	2495
0.403	0.404	3	2498
0.404	0.405	2	2500
0.405	0.406	6	2506
0.406	0.407	1	2507
0.407	0.408	2	2509
0.408	0.409	4	2513
0.409	0.410	4	2517
0.410	0.411	3	2520
0.411	0.412	2	2522
0.412	0.413	4	2526
0.413	0.414	2	2528
0.414	0.415	2	2530
0.415	0.416	2	2532
0.416	0.417	4	2536
0.417	0.418	2	2538
0.418	0.419	1	2539
0.419	0.420	1	2540
0.420	0.421	0	2540
0.421	0.422	2	2542
0.422	0.423	1	2543
0.423	0.424	8	2551
0.424	0.425	6	2557
0.425	0.426	0	2557
0.426	0.427	3	2560
0.427	0.428	2	2562
0.428	0.429	6	2568
0.429	0.430	4	2572
0.430	0.431	4	2576
0.431	0.432	3	2579
0.432	0.433	2	2581
0.433	0.434	3	2584
0.434	0.435	2	2586
0.435	0.436	7	2593
0.436	0.437	3	2596
0.437	0.438	2	2598
0.438	0.439	2	2600
0.439	0.440	1	2601
0.440	0.441	3	2604
0.441	0.442	4	2608
0.442	0.443	1	2609
0.443	0.444	3	2612
0.444	0.445	4	2616
0.445	0.446	4	2620
0.446	0.447	4	2624
0.447	0.448	2	2626
0.448	0.449	2	2628
0.449	0.450	5	2633
0.450	0.451	1	2634
0.451	0.452	1	2635
0.452	0.453	3	2638
0.453	0.454	1	2639
0.454	0.455	7	2646
0.455	0.456	4	2650
0.456	0.457	3	2653
0.457	0.458	3	2656
0.458	0.459	5	2661
0.459	0.460	0	2661
0.460	0.461	2	2663
0.461	0.462	4	2667
0.462	0.463	4	2671
0.463	0.464	1	2672
0.464	0.465	2	2674
0.465	0.466	2	2676
0.466	0.467	6	2682
0.467	0.468	2	2684
0.468	0.469	3	2687
0.469	0.470	2	2689
0.470	0.471	6	2695
0.471	0.472	3	2698
0.472	0.473	6	2704
0.473	0.474	1	2705
0.474	0.475	2	2707
0.475	0.476	6	2713
0.476	0.477	4	2717
0.477	0.478	5	2722
0.478	0.479	2	2724
0.479	0.480	4	2728
0.480	0.481	2	2730
0.481	0.482	3	2733
0.482	0.483	4	2737
0.483	0.484	3	2740
0.484	0.485	3	2743
0.485	0.486	4	2747
0.486	0.487	0	2747
0.487	0.488	3	2750
0.488	0.489	3	2753
0.489	0.490	3	2756
0.490	0.491	3	2759
0.491	0.492	3	2762
0.492	0.493	4	2766
0.493	0.494	5	2771
0.494	0.495	3	2774
0.495	0.496	7	2781
0.496	0.497	3	2784
0.497	0.498	1	2785
0.498	0.499	3	2788
0.499	0.500	0	2788
0.500	0.501	2	2790
0.501	0.502	3	2793
0.502	0.503	3	2796
0.503	0.504	4	2800
0.504	0.505	3	2803
0.505	0.506	3	2806
0.506	0.507	3	2809
0.507	0.508	3	2812
0.508	0.509	1	2813
0.509	0.510	6	2819
0.510	0.511	5	2824
0.511	0.512	3	2827
0.512	0.513	4	2831
0.513	0.514	5	2836
0.514	0.515	2	2838
0.515	0.516	5	2843
0.516	0.517	5	2848
0.517	0.518	7	2855
0.518	0.519	3	2858
0.519	0.520	2	2860
0.520	0.521	3	2863
0.521	0.522	4	2867
0.522	0.523	5	2872
0.523	0.524	0	2872
0.524	0.525	6	2878
0.525	0.526	4	2882
0.526	0.527	8	2890
0.527	0.528	2	2892
0.528	0.529	0	2892
0.529	0.530	3	2895
0.530	0.531	4	2899
0.531	0.532	2	2901
0.532	0.533	4	2905
0.533	0.534	1	2906
0.534	0.535	5	2911
0.535	0.536	1	2912
0.536	0.537	3	2915
0.537	0.538	6	2921
0.538	0.539	7	2928
0.539	0.540	4	2932
0.540	0.541	3	2935
0.541	0.542	2	2937
0.542	0.543	5	2942
0.543	0.544	4	2946
0.544	0.545	4	2950
0.545	0.546	4	2954
0.546	0.547	1	2955
0.547	0.548	4	2959
0.548	0.549	4	2963
0.549	0.550	3	2966
0.550	0.551	3	2969
0.551	0.552	3	2972
0.552	0.553	4	2976
0.553	0.554	2	2978
0.554	0.555	6	2984
0.555	0.556	5	2989
0.556	0.557	2	2991
0.557	0.558	2	2993
0.558	0.559	3	2996
0.559	0.560	4	3000
0.560	0.561	2	3002
0.561	0.562	1	3003
0.562	0.563	4	3007
0.563	0.564	7	3014
0.564	0.565	2	3016
0.565	0.566	7	3023
0.566	0.567	6	3029
0.567	0.568	2	3031
0.568	0.569	2	3033
0.569	0.570	3	3036
0.570	0.571	2	3038
0.571	0.572	3	3041
0.572	0.573	3	3044
0.573	0.574	3	3047
0.574	0.575	4	3051
0.575	0.576	6	3057
0.576	0.577	4	3061
0.577	0.578	5	3066
0.578	0.579	6	3072
0.579	0.580	5	3077
0.580	0.581	1	3078
0.581	0.582	1	3079
0.582	0.583	3	3082
0.583	0.584	3	3085
0.584	0.585	6	3091
0.585	0.586	5	3096
0.586	0.587	4	3100
0.587	0.588	3	3103
0.588	0.589	3	3106
0.589	0.590	2	3108
0.590	0.591	3	3111
0.591	0.592	2	3113
0.592	0.593	4	3117
0.593	0.594	6	3123
0.594	0.595	2	3125
0.595	0.596	4	3129
0.596	0.597	4	3133
0.597	0.598	7	3140
0.598	0.599	2	3142
0.599	0.600	3	3145
0.600	0.601	3	3148
0.601	0.602	4	3152
0.602	0.603	4	3156
0.603	0.604	3	3159
0.604	0.605	6	3165
0.605	0.606	6	3171
0.606	0.607	2	3173
0.607	0.608	6	3179
0.608	0.609	3	3182
0.609	0.610	6	3188
0.610	0.611	6	3194
0.611	0.612	4	3198
0.612	0.613	2	3200
0.613	0.614	2	3202
0.614	0.615	5	3207
0.615	0.616	3	3210
0.616	0.617	2	3212
0.617	0.618	5	3217
0.618	0.619	5	3222
0.619	0.620	3	3225
0.620	0.621	1	3226
0.621	0.622	4	3230
0.622	0.623	8	3238
0.623	0.624	2	3240
0.624	0.625	5	3245
0.625	0.626	2	3247
0.626	0.627	3	3250
0.627	0.628	8	3258
0.628	0.629	1	3259
0.629	0.630	6	3265
0.630	0.631	2	3267
0.631	0.632	5	3272
0.632	0.633	1	3273
0.633	0.634	5	3278
0.634	0.635	0	3278
0.635	0.636	2	3280
0.636	0.637	7	3287
0.637	0.638	2	3289
0.638	0.639	2	3291
0.639	0.640	2	3293
0.640	0.641	3	3296
0.641	0.642	7	3303
0.642	0.643	1	3304
0.643	0.644	3	3307
0.644	0.645	2	3309
0.645	0.646	0	3309
0.646	0.647	4	3313
0.647	0.648	4	3317
0.648	0.649	4	3321
0.649	0.650	4	3325
0.650	0.651	7	3332
0.651	0.652	3	3335
0.652	0.653	1	3336
0.653	0.654	4	3340
0.654	0.655	5	3345
0.655	0.656	4	3349
0.656	0.657	4	3353
0.657	0.658	5	3358
0.658	0.659	6	3364
0.659	0.660	9	3373
0.660	0.661	8	3381
0.661	0.662	3	3384
0.662	0.663	4	3388
0.663	0.664	5	3393
0.664	0.665	4	3397
0.665	0.666	1	3398
0.666	0.667	3	3401
0.667	0.668	5	3406
0.668	0.669	5	3411
0.669	0.670	4	3415
0.670	0.671	3	3418
0.671	0.672	1	3419
0.672	0.673	4	3423
0.673	0.674	3	3426
0.674	0.675	6	3432
0.675	0.676	1	3433
0.676	0.677	7	3440
0.677	0.678	5	3445
0.678	0.679	7	3452
0.679	0.680	6	3458
0.680	0.681	7	3465
0.681	0.682	4	3469
0.682	0.683	6	3475
0.683	0.684	5	3480
0.684	0.685	4	3484
0.685	0.686	5	3489
0.686	0.687	6	3495
0.687	0.688	2	3497
0.688	0.689	3	3500
0.689	0.690	4	3504
0.690	0.691	6	3510
0.691	0.692	2	3512
0.692	0.693	4	3516
0.693	0.694	2	3518
0.694	0.695	7	3525
0.695	0.696	4	3529
0.696	0.697	5	3534
0.697	0.698	6	3540
0.698	0.699	5	3545
0.699	0.700	6	3551
0.700	0.701	4	3555
0.701	0.702	2	3557
0.702	0.703	6	3563
0.703	0.704	2	3565
0.704	0.705	5	3570
0.705	0.706	2	3572
0.706	0.707	2	3574
0.707	0.708	6	3580
0.708	0.709	2	3582
0.709	0.710	5	3587
0.710	0.711	2	3589
0.711	0.712	6	3595
0.712	0.713	3	3598
0.713	0.714	5	3603
0.714	0.715	5	3608
0.715	0.716	4	3612
0.716	0.717	2	3614
0.717	0.718	8	3622
0.718	0.719	5	3627
0.719	0.720	9	3636
0.720	0.721	6	3642
0.721	0.722	7	3649
0.722	0.723	5	3654
0.723	0.724	4	3658
0.724	0.725	4	3662
0.725	0.726	3	3665
0.726	0.727	3	3668
0.727	0.728	4	3672
0.728	0.729	6	3678
0.729	0.730	4	3682
0.730	0.731	1	3683
0.731	0.732	7	3690
0.732	0.733	4	3694
0.733	0.734	4	3698
0.734	0.735	6	3704
0.735	0.736	3	3707
0.736	0.737	4	3711
0.737	0.738	4	3715
0.738	0.739	5	3720
0.739	0.740	4	3724
0.740	0.741	11	3735
0.741	0.742	6	3741
0.742	0.743	3	3744
0.743	0.744	5	3749
0.744	0.745	6	3755
0.745	0.746	1	3756
0.746	0.747	5	3761
0.747	0.748	5	3766
0.748	0.749	4	3770
0.749	0.750	7	3777
0.750	0.751	7	3784
0.751	0.752	3	3787
0.752	0.753	8	3795
0.753	0.754	6	3801
0.754	0.755	4	3805
0.755	0.756	6	3811
0.756	0.757	5	3816
0.757	0.758	2	3818
0.758	0.759	4	3822
0.759	0.760	3	3825
0.760	0.761	7	3832
0.761	0.762	5	3837
0.762	0.763	7	3844
0.763	0.764	5	3849
0.764	0.765	6	3855
0.765	0.766	6	3861
0.766	0.767	5	3866
0.767	0.768	5	3871
0.768	0.769	5	3876
0.769	0.770	4	3880
0.770	0.771	4	3884
0.771	0.772	6	3890
0.772	0.773	3	3893
0.773	0.774	7	3900
0.774	0.775	3	3903
0.775	0.776	7	3910
0.776	0.777	5	3915
0.777	0.778	3	3918
0.778	0.779	3	3921
0.779	0.780	3	3924
0.780	0.781	2	3926
0.781	0.782	3	3929
0.782	0.783	2	3931
0.783	0.784	6	3937
0.784	0.785	4	3941
0.785	0.786	7	3948
0.786	0.787	0	3948
0.787	0.788	6	3954
0.788	0.789	7	3961
0.789	0.790	8	3969
0.790	0.791	3	3972
0.791	0.792	4	3976
0.792	0.793	7	3983
0.793	0.794	7	3990
0.794	0.795	5	3995
0.795	0.796	7	4002
0.796	0.797	6	4008
0.797	0.798	1	4009
0.798	0.799	10	4019
0.799	0.800	5	4024
0.800	0.801	4	4028
0.801	0.802	10	4038
0.802	0.803	6	4044
0.803	0.804	6	4050
0.804	0.805	1	4051
0.805	0.806	6	4057
0.806	0.807	2	4059
0.807	0.808	3	4062
0.808	0.809	4	4066
0.809	0.810	3	4069
0.810	0.811	5	4074
0.811	0.812	3	4077
0.812	0.813	5	4082
0.813	0.814	1	4083
0.814	0.815	6	4089
0.815	0.816	4	4093
0.816	0.817	5	4098
0.817	0.818	4	4102
0.818	0.819	4	4106
0.819	0.820	1	4107
0.820	0.821	5	4112
0.821	0.822	4	4116
0.822	0.823	3	4119
0.823	0.824	7	4126
0.824	0.825	6	4132
0.825	0.826	4	4136
0.826	0.827	4	4140
0.827	0.828	3	4143
0.828	0.829	10	4153
0.829	0.830	5	4158
0.830	0.831	5	4163
0.831	0.832	7	4170
0.832	0.833	3	4173
0.833	0.834	4	4177
0.834	0.835	4	4181
0.835	0.836	5	4186
0.836	0.837	5	4191
0.837	0.838	3	4194
0.838	0.839	5	4199
0.839	0.840	2	4201
0.840	0.841	0	4201
0.841	0.842	5	4206
0.842	0.843	2	4208
0.843	0.844	3	4211
0.844	0.845	2	4213
0.845	0.846	8	4221
0.846	0.847	8	4229
0.847	0.848	2	4231
0.848	0.849	5	4236
0.849	0.850	5	4241
0.850	0.851	8	4249
0.851	0.852	2	4251
0.852	0.853	2	4253
0.853	0.854	8	4261
0.854	0.855	6	4267
0.855	0.856	7	4274
0.856	0.857	5	4279
0.857	0.858	2	4281
0.858	0.859	5	4286
0.859	0.860	8	4294
0.860	0.861	4	4298
0.861	0.862	4	4302
0.862	0.863	5	4307
0.863	0.864	5	4312
0.864	0.865	1	4313
0.865	0.866	7	4320
0.866	0.867	7	4327
0.867	0.868	5	4332
0.868	0.869	3	4335
0.869	0.870	9	4344
0.870	0.871	3	4347
0.871	0.872	4	4351
0.872	0.873	1	4352
0.873	0.874	3	4355
0.874	0.875	4	4359
0.875	0.876	8	4367
0.876	0.877	5	4372
0.877	0.878	8	4380
0.878	0.879	2	4382
0.879	0.880	9	4391
0.880	0.881	3	4394
0.881	0.882	13	4407
0.882	0.883	5	4412
0.883	0.884	6	4418
0.884	0.885	5	4423
0.885	0.886	7	4430
0.886	0.887	4	4434
0.887	0.888	8	4442
0.888	0.889	5	4447
0.889	0.890	6	4453
0.890	0.891	8	4461
0.891	0.892	6	4467
0.892	0.893	6	4473
0.893	0.894	2	4475
0.894	0.895	5	4480
0.895	0.896	3	4483
0.896	0.897	2	4485
0.897	0.898	4	4489
0.898	0.899	2	4491
0.899	0.900	10	4501
0.900	0.901	4	4505
0.901	0.902	8	4513
0.902	0.903	4	4517
0.903	0.904	8	4525
0.904	0.905	5	4530
0.905	0.906	5	4535
0.906	0.907	11	4546
0.907	0.908	4	4550
0.908	0.909	12	4562
0.909	0.910	9	4571
0.910	0.911	8	4579
0.911	0.912	9	4588
0.912	0.913	4	4592
0.913	0.914	5	4597
0.914	0.915	4	4601
0.915	0.916	5	4606
0.916	0.917	10	4616
0.917	0.918	4	4620
0.918	0.919	9	4629
0.919	0.920	3	4632
0.920	0.921	6	4638
0.921	0.922	9	4647
0.922	0.923	8	4655
0.923	0.924	5	4660
0.924	0.925	4	4664
0.925	0.926	4	4668
0.926	0.927	1	4669
0.927	0.928	5	4674
0.928	0.929	3	4677
0.929	0.930	6	4683
0.930	0.931	5	4688
0.931	0.932	4	4692
0.932	0.933	6	4698
0.933	0.934	5	4703
0.934	0.935	7	4710
0.935	0.936	4	4714
0.936	0.937	8	4722
0.937	0.938	5	4727
0.938	0.939	4	4731
0.939	0.940	6	4737
0.940	0.941	5	4742
0.941	0.942	1	4743
0.942	0.943	3	4746
0.943	0.944	5	4751
0.944	0.945	6	4757
0.945	0.946	9	4766
0.946	0.947	3	4769
0.947	0.948	4	4773
0.948	0.949	6	4779
0.949	0.950	8	4787
0.950	0.951	1	4788
0.951	0.952	6	4794
0.952	0.953	3	4797
0.953	0.954	1	4798
0.954	0.955	5	4803
0.955	0.956	4	4807
0.956	0.957	3	4810
0.957	0.958	8	4818
0.958	0.959	3	4821
0.959	0.960	5	4826
0.960	0.961	2	4828
0.961	0.962	3	4831
0.962	0.963	5	4836
0.963	0.964	6	4842
0.964	0.965	6	4848
0.965	0.966	5	4853
0.966	0.967	7	4860
0.967	0.968	5	4865
0.968	0.969	5	4870
0.969	0.970	3	4873
0.970	0.971	4	4877
0.971	0.972	4	4881
0.972	0.973	5	4886
0.973	0.974	1	4887
0.974	0.975	2	4889
0.975	0.976	3	4892
0.976	0.977	5	4897
0.977	0.978	2	4899
0.978	0.979	2	4901
0.979	0.980	4	4905
0.980	0.981	5	4910
0.981	0.982	2	4912
0.982	0.983	5	4917
0.983	0.984	2	4919
0.984	0.985	3	4922
0.985	0.986	5	4927
0.986	0.987	3	4930
0.987	0.988	2	4932
0.988	0.989	4	4936
0.989	0.990	4	4940
0.990	0.991	2	4942
0.991	0.992	2	4944
0.992	0.993	2	4946
0.993	0.994	2	4948
0.994	0.995	1	4949
0.995	0.996	0	4949
0.996	0.997	1	4950
0.997	0.998	0	4950
0.998	0.999	0	4950
0.999	1.000	0	4950
1.000	1.001	0	4950
mean value_group1 = 0.369044
variance_group1 = 0.166898
standard deviation_group1 = 0.408531
skewness_group1 = -0.019038
kurtosis_group1 = 0.054311
lower quartile_group1 = 0.049500
median_value_group1 = 0.396500
upper quartile_group1 = 0.737375
interquartile range_group1 = 0.687875
